  9.10000e+01  1.09027e-01
  9.40000e+01  1.09901e-01
  9.60000e+01  1.13608e-01
  9.80000e+01  1.16346e-01
  1.00000e+02  1.19105e-01
  1.02000e+02  1.21913e-01
  1.04000e+02  1.24681e-01
  1.06000e+02  1.27510e-01
  1.08000e+02  1.30407e-01
  1.10000e+02  1.35328e-01
  1.14000e+02  1.39035e-01
  1.18000e+02  1.42617e-01
  1.21000e+02  1.47600e-01
  1.25000e+02  1.49337e-01
  1.27000e+02  1.52352e-01
  1.28000e+02  1.56142e-01
  1.31000e+02  1.56026e-01
  1.32000e+02  1.59731e-01
  1.34000e+02  1.61738e-01
  1.37000e+02  1.63616e-01
  1.40000e+02  1.66292e-01
  1.43000e+02  1.69872e-01
  1.47000e+02  1.72761e-01
  1.51000e+02  1.76518e-01
  1.55000e+02  1.80306e-01
  1.59000e+02  1.83334e-01
  1.62000e+02  1.87541e-01
  1.66000e+02  1.90024e-01
  1.70000e+02  1.92522e-01
  1.73000e+02  1.96536e-01
  1.77000e+02  1.98418e-01
  1.80000e+02  2.00991e-01
  1.82000e+02  2.05097e-01
  1.86000e+02  2.07859e-01
  1.91000e+02  2.09506e-01
  1.94000e+02  2.13843e-01
  1.98000e+02  2.15971e-01
  2.02000e+02  2.18153e-01
  2.05000e+02  2.22627e-01
  2.10000e+02  2.25744e-01
  2.16000e+02  2.28265e-01
  2.20000e+02  2.32184e-01
  2.23000e+02  2.36162e-01
  2.27000e+02  2.45507e-01
  2.30000e+02  3.01876e-01
  2.34000e+02  3.04934e-01
  2.40000e+02  2.97618e-01
  2.46000e+02  2.93399e-01
  2.52000e+02  2.92952e-01
  2.57000e+02  2.92355e-01
  2.60000e+02  3.00361e-01
  2.64000e+02  3.39596e-01
  2.69000e+02  3.51296e-01
  2.74000e+02  3.50688e-01
  2.79000e+02  3.26695e-01
  2.84000e+02  3.65160e-01
  2.90000e+02  3.83167e-01
  2.96000e+02  3.57446e-01
  3.01000e+02  3.40856e-01
  3.08000e+02  3.72164e-01
  3.18000e+02  3.83106e-01
  3.28000e+02  3.96097e-01
  3.38000e+02  3.87978e-01
  3.48000e+02  3.91712e-01
  3.57000e+02  5.31105e-01
  3.66000e+02  7.50646e-01
  3.75000e+02  7.52002e-01
  3.85000e+02  6.78518e-01
  3.95000e+02  9.04949e-01
  4.05000e+02  1.08758e+00
  4.14000e+02  1.09225e+00
  4.22000e+02  1.01034e+00
  4.30000e+02  9.81785e-01
  4.41000e+02  1.07602e+00
  4.51000e+02  1.08973e+00
  4.60000e+02  9.92436e-01
  4.70000e+02  9.95898e-01
  4.80000e+02  1.05595e+00
  4.90000e+02  9.62355e-01
  5.00000e+02  1.06652e+00
  5.06000e+02  1.10568e+00
  5.12000e+02  1.62787e+00
  5.20000e+02  1.60668e+00
  5.30000e+02  1.45472e+00
  5.40000e+02  1.25017e+00
  5.50000e+02  1.24654e+00
  5.60000e+02  1.52337e+00
  5.70000e+02  1.66469e+00
  5.80000e+02  1.63097e+00
  5.90000e+02  1.59806e+00
  6.00000e+02  1.39157e+00
  6.10000e+02  1.39537e+00
  6.20000e+02  1.61625e+00
  6.30000e+02  1.59487e+00
  6.40000e+02  1.65579e+00
  6.50000e+02  1.59459e+00
  6.58000e+02  1.49986e+00
  6.65000e+02  1.62236e+00
  6.75000e+02  1.65243e+00
  6.85000e+02  1.49356e+00
  6.95000e+02  1.57908e+00
  7.05000e+02  1.40643e+00
  7.16000e+02  1.62524e+00
  7.26000e+02  1.66495e+00
  7.35000e+02  1.65373e+00
  7.45000e+02  1.59849e+00
  7.55000e+02  1.55426e+00
  7.65000e+02  1.45577e+00
  7.75000e+02  1.51637e+00
  7.85000e+02  1.45889e+00
  7.95000e+02  1.50316e+00
  8.05000e+02  1.51873e+00
  8.15000e+02  1.51892e+00
  8.25000e+02  1.48779e+00
  8.35000e+02  1.29480e+00
  8.45000e+02  1.44362e+00
  8.55000e+02  1.45763e+00
  8.65000e+02  1.47901e+00
  8.75000e+02  1.47911e+00
  8.85000e+02  1.47362e+00
  8.95000e+02  1.46558e+00
  9.05000e+02  1.63738e+00
  9.15000e+02  3.21398e+00
  9.25000e+02  6.28969e+00
  9.35000e+02  9.45244e+00
  9.45000e+02  1.26996e+01
  9.55000e+02  1.47853e+01
  9.65000e+02  1.52861e+01
  9.75000e+02  1.00870e+01
  9.85000e+02  1.42780e+01
  9.95000e+02  1.48913e+01
  1.00500e+03  1.61688e+01
  1.01500e+03  1.52317e+01
  1.02500e+03  1.14075e+01
  1.03500e+03  1.41423e+01
  1.04500e+03  1.73802e+01
  1.05500e+03  1.72898e+01
  1.06500e+03  1.59585e+01
  1.07500e+03  1.61729e+01
  1.08500e+03  1.52346e+01
  1.09500e+03  1.61712e+01
  1.10500e+03  1.58540e+01
  1.11500e+03  1.53918e+01
  1.12500e+03  1.46186e+01
  1.13500e+03  1.53719e+01
  1.14500e+03  1.49600e+01
  1.15500e+03  1.48615e+01
  1.16500e+03  1.43867e+01
  1.17500e+03  1.23986e+01
  1.18500e+03  1.35198e+01
  1.19500e+03  1.23990e+01
  1.20500e+03  1.10623e+01
  1.20872e+03  9.99904e+00
  1.20880e+03  9.75646e+00
  1.20887e+03  9.74068e+00
  1.20894e+03  9.72578e+00
  1.20902e+03  9.71187e+00
  1.20909e+03  9.69905e+00
  1.20916e+03  9.68743e+00
  1.20923e+03  9.67714e+00
  1.20931e+03  9.66831e+00
  1.20938e+03  9.66110e+00
  1.20945e+03  9.65564e+00
  1.20953e+03  9.65213e+00
  1.20960e+03  9.65074e+00
  1.20967e+03  9.65166e+00
  1.20975e+03  9.65511e+00
  1.20982e+03  9.66132e+00
  1.20989e+03  9.67052e+00
  1.20996e+03  9.68297e+00
  1.21004e+03  9.69895e+00
  1.21011e+03  9.71875e+00
  1.21018e+03  9.74266e+00
  1.21026e+03  9.77100e+00
  1.21033e+03  9.80414e+00
  1.21040e+03  9.84241e+00
  1.21047e+03  9.88618e+00
  1.21055e+03  9.93586e+00
  1.21062e+03  9.99185e+00
  1.21069e+03  1.00545e+01
  1.21077e+03  1.01244e+01
  1.21084e+03  1.02019e+01
  1.21091e+03  1.02874e+01
  1.21099e+03  1.03816e+01
  1.21106e+03  1.04848e+01
  1.21113e+03  1.05974e+01
  1.21120e+03  1.07201e+01
  1.21128e+03  1.08533e+01
  1.21135e+03  1.09976e+01
  1.21142e+03  1.11533e+01
  1.21150e+03  1.13212e+01
  1.21157e+03  1.15015e+01
  1.21164e+03  1.16948e+01
  1.21172e+03  1.19017e+01
  1.21179e+03  1.21225e+01
  1.21186e+03  1.23577e+01
  1.21193e+03  1.26077e+01
  1.21201e+03  1.28730e+01
  1.21208e+03  1.31537e+01
  1.21215e+03  1.34501e+01
  1.21223e+03  1.37628e+01
  1.21230e+03  1.40918e+01
  1.21237e+03  1.44373e+01
  1.21244e+03  1.47995e+01
  1.21252e+03  1.51784e+01
  1.21259e+03  1.55738e+01
  1.21266e+03  1.59861e+01
  1.21274e+03  1.64149e+01
  1.21281e+03  1.68598e+01
  1.21288e+03  1.73209e+01
  1.21296e+03  1.77978e+01
  1.21303e+03  1.82898e+01
  1.21310e+03  1.87962e+01
  1.21317e+03  1.93169e+01
  1.21325e+03  1.98509e+01
  1.21332e+03  2.03971e+01
  1.21339e+03  2.09553e+01
  1.21347e+03  2.15241e+01
  1.21354e+03  2.21022e+01
  1.21361e+03  2.26890e+01
  1.21369e+03  2.32832e+01
  1.21376e+03  2.38830e+01
  1.21383e+03  2.44870e+01
  1.21390e+03  2.50942e+01
  1.21398e+03  2.57028e+01
  1.21405e+03  2.63110e+01
  1.21412e+03  2.69176e+01
  1.21420e+03  2.75205e+01
  1.21427e+03  2.81179e+01
  1.21434e+03  2.87084e+01
  1.21441e+03  2.92899e+01
  1.21449e+03  2.98603e+01
  1.21456e+03  3.04183e+01
  1.21463e+03  3.09619e+01
  1.21471e+03  3.14890e+01
  1.21478e+03  3.19975e+01
  1.21485e+03  3.24863e+01
  1.21493e+03  3.29555e+01
  1.21500e+03  3.34067e+01
  1.21507e+03  3.38652e+01
  1.21514e+03  3.43036e+01
  1.21522e+03  3.47158e+01
  1.21529e+03  3.50985e+01
  1.21536e+03  3.54502e+01
  1.21544e+03  3.57696e+01
  1.21551e+03  3.60558e+01
  1.21558e+03  3.63078e+01
  1.21566e+03  3.65244e+01
  1.21573e+03  3.67051e+01
  1.21580e+03  3.68494e+01
  1.21587e+03  3.69568e+01
  1.21595e+03  3.70268e+01
  1.21602e+03  3.70595e+01
  1.21609e+03  3.70547e+01
  1.21617e+03  3.70126e+01
  1.21624e+03  3.69334e+01
  1.21631e+03  3.68175e+01
  1.21638e+03  3.66656e+01
  1.21646e+03  3.64782e+01
  1.21653e+03  3.62561e+01
  1.21660e+03  3.60005e+01
  1.21668e+03  3.57123e+01
  1.21675e+03  3.53927e+01
  1.21682e+03  3.50429e+01
  1.21690e+03  3.46646e+01
  1.21697e+03  3.42588e+01
  1.21704e+03  3.38273e+01
  1.21711e+03  3.33720e+01
  1.21719e+03  3.28941e+01
  1.21726e+03  3.23956e+01
  1.21733e+03  3.18785e+01
  1.21741e+03  3.13441e+01
  1.21748e+03  3.07943e+01
  1.21755e+03  3.02315e+01
  1.21763e+03  2.96575e+01
  1.21770e+03  2.90736e+01
  1.21777e+03  2.84819e+01
  1.21784e+03  2.78846e+01
  1.21792e+03  2.72828e+01
  1.21799e+03  2.66786e+01
  1.21806e+03  2.60739e+01
  1.21814e+03  2.54699e+01
  1.21821e+03  2.48683e+01
  1.21828e+03  2.42709e+01
  1.21835e+03  2.36787e+01
  1.21843e+03  2.30929e+01
  1.21850e+03  2.25154e+01
  1.21857e+03  2.19474e+01
  1.21865e+03  2.13894e+01
  1.21872e+03  2.08427e+01
  1.21879e+03  2.03084e+01
  1.21887e+03  1.97870e+01
  1.21894e+03  1.92794e+01
  1.21901e+03  1.87865e+01
  1.21908e+03  1.83084e+01
  1.21916e+03  1.78456e+01
  1.21923e+03  1.73989e+01
  1.21930e+03  1.69685e+01
  1.21938e+03  1.65545e+01
  1.21945e+03  1.61570e+01
  1.21952e+03  1.57764e+01
  1.21960e+03  1.54123e+01
  1.21967e+03  1.50649e+01
  1.21974e+03  1.47342e+01
  1.21981e+03  1.44197e+01
  1.21989e+03  1.41215e+01
  1.21996e+03  1.38392e+01
  1.22003e+03  1.35725e+01
  1.22011e+03  1.33210e+01
  1.22018e+03  1.30845e+01
  1.22025e+03  1.28626e+01
  1.22032e+03  1.26546e+01
  1.22040e+03  1.24603e+01
  1.22047e+03  1.22793e+01
  1.22054e+03  1.21108e+01
  1.22062e+03  1.19546e+01
  1.22069e+03  1.18100e+01
  1.22076e+03  1.16767e+01
  1.22084e+03  1.15539e+01
  1.22091e+03  1.14415e+01
  1.22098e+03  1.13386e+01
  1.22105e+03  1.12449e+01
  1.22113e+03  1.11599e+01
  1.22120e+03  1.10832e+01
  1.22127e+03  1.10142e+01
  1.22135e+03  1.09524e+01
  1.22142e+03  1.08976e+01
  1.22149e+03  1.08492e+01
  1.22157e+03  1.08067e+01
  1.22164e+03  1.07700e+01
  1.22171e+03  1.07384e+01
  1.22178e+03  1.07118e+01
  1.22186e+03  1.06897e+01
  1.22193e+03  1.06717e+01
  1.22200e+03  1.06577e+01
  1.22208e+03  1.06473e+01
  1.22215e+03  1.06402e+01
  1.22222e+03  1.06362e+01
  1.22229e+03  1.06350e+01
  1.22237e+03  1.06364e+01
  1.22244e+03  1.06402e+01
  1.22251e+03  1.06461e+01
  1.22259e+03  1.06541e+01
  1.22266e+03  1.06638e+01
  1.22273e+03  1.06752e+01
  1.22281e+03  1.06880e+01
  1.22288e+03  1.07023e+01
  1.22295e+03  1.07178e+01
  1.22302e+03  1.07343e+01
  1.22310e+03  1.07519e+01
  1.22317e+03  1.07704e+01
  1.22324e+03  1.09475e+01
  1.22500e+03  1.18311e+01
  1.23500e+03  1.30964e+01
  1.24500e+03  1.35790e+01
  1.25500e+03  1.33905e+01
  1.26500e+03  1.30448e+01
  1.27500e+03  1.36994e+01
  1.28500e+03  1.37132e+01
  1.29500e+03  1.27505e+01
  1.30500e+03  1.26096e+01
  1.31500e+03  1.32339e+01
  1.32500e+03  1.29306e+01
  1.33500e+03  1.24587e+01
  1.34500e+03  1.27795e+01
  1.35500e+03  1.25395e+01
  1.36500e+03  1.20128e+01
  1.37500e+03  1.19027e+01
  1.38500e+03  1.16419e+01
  1.39500e+03  1.04797e+01
  1.40500e+03  1.02739e+01
  1.41500e+03  1.09746e+01
  1.42500e+03  1.09462e+01
  1.43500e+03  1.09614e+01
  1.44200e+03  1.10418e+01
  1.44700e+03  1.10181e+01
  1.45500e+03  1.07745e+01
  1.46500e+03  1.04459e+01
  1.47500e+03  1.03349e+01
  1.48500e+03  1.02962e+01
  1.49500e+03  1.01811e+01
  1.50500e+03  9.89016e+00
  1.51200e+03  9.52069e+00
  1.51700e+03  9.58124e+00
  1.52500e+03  9.37596e+00
  1.53500e+03  8.79229e+00
  1.54500e+03  8.49510e+00
  1.55500e+03  8.38578e+00
  1.56500e+03  8.62501e+00
  1.57500e+03  8.83370e+00
  1.58500e+03  8.90918e+00
  1.59500e+03  8.87515e+00
  1.60500e+03  8.66762e+00
  1.61500e+03  8.53341e+00
  1.62500e+03  8.40510e+00
  1.63500e+03  8.44156e+00
  1.64500e+03  8.34030e+00
  1.65500e+03  8.26300e+00
  1.66500e+03  8.30481e+00
  1.67200e+03  8.05523e+00
  1.67700e+03  8.35617e+00
  1.68500e+03  8.34395e+00
  1.69500e+03  8.11649e+00
  1.70500e+03  7.90000e+00
  1.71500e+03  7.65711e+00
  1.72500e+03  7.56841e+00
  1.73500e+03  7.65859e+00
  1.74500e+03  7.58091e+00
  1.75500e+03  7.58220e+00
  1.76500e+03  7.37859e+00
  1.77500e+03  7.31669e+00
  1.78500e+03  7.32658e+00
  1.79500e+03  7.36373e+00
  1.80500e+03  7.29139e+00
  1.81500e+03  7.05988e+00
  1.82500e+03  7.01114e+00
  1.83500e+03  6.87100e+00
  1.84500e+03  6.61818e+00
  1.85500e+03  6.53877e+00
  1.86500e+03  6.56105e+00
  1.87500e+03  6.61877e+00
  1.88500e+03  6.37263e+00
  1.89500e+03  6.21293e+00
  1.90500e+03  6.28309e+00
  1.91500e+03  6.14390e+00
  1.92500e+03  6.02602e+00
  1.93500e+03  6.09593e+00
  1.94500e+03  6.10198e+00
  1.95500e+03  5.91448e+00
  1.96700e+03  6.01065e+00
  1.97600e+03  6.05671e+00
  1.98400e+03  5.89273e+00
  1.99500e+03  5.77589e+00
  2.00500e+03  5.78934e+00
  2.01500e+03  5.73156e+00
  2.02500e+03  5.73914e+00
  2.03500e+03  5.58940e+00
  2.04500e+03  5.50220e+00
  2.05500e+03  5.11747e+00
  2.06500e+03  5.20631e+00
  2.07400e+03  5.45511e+00
  2.07800e+03  5.39409e+00
  2.08500e+03  5.39555e+00
  2.09500e+03  5.27997e+00
  2.10500e+03  5.26869e+00
  2.11500e+03  5.26238e+00
  2.12500e+03  5.23500e+00
  2.13500e+03  5.12303e+00
  2.14500e+03  5.07558e+00
  2.15500e+03  5.09437e+00
  2.16500e+03  5.01348e+00
  2.17500e+03  4.96508e+00
  2.18500e+03  4.89648e+00
  2.19500e+03  4.91693e+00
  2.20500e+03  4.84706e+00
  2.21500e+03  4.73802e+00
  2.22500e+03  4.67471e+00
  2.23500e+03  4.68388e+00
  2.24500e+03  4.61018e+00
  2.25500e+03  4.52117e+00
  2.26500e+03  4.52276e+00
  2.27500e+03  4.51848e+00
  2.28500e+03  4.48671e+00
  2.29500e+03  4.37103e+00
  2.30500e+03  4.32576e+00
  2.31500e+03  4.22933e+00
  2.32500e+03  3.98123e+00
  2.33500e+03  4.09960e+00
  2.34500e+03  4.08836e+00
  2.35500e+03  4.09130e+00
  2.36500e+03  4.01662e+00
  2.37500e+03  3.97748e+00
  2.38500e+03  3.88867e+00
  2.39500e+03  3.91053e+00
  2.40500e+03  3.86129e+00
  2.41500e+03  3.84433e+00
  2.42500e+03  3.84230e+00
  2.43500e+03  3.78470e+00
  2.44500e+03  3.78809e+00
  2.45500e+03  3.75223e+00
  2.46500e+03  3.71116e+00
  2.47500e+03  3.66380e+00
  2.48500e+03  3.63336e+00
  2.49500e+03  3.49428e+00
  2.50500e+03  3.57470e+00
  2.51300e+03  3.48484e+00
  2.51800e+03  3.52915e+00
  2.52500e+03  3.49276e+00
  2.53500e+03  3.46156e+00
  2.54500e+03  3.42582e+00
  2.55500e+03  3.43427e+00
  2.56500e+03  3.41273e+00
  2.57500e+03  3.41996e+00
  2.58500e+03  3.39627e+00
  2.59500e+03  3.36110e+00
  2.60500e+03  3.31234e+00
  2.61500e+03  3.28103e+00
  2.62500e+03  3.27330e+00
  2.63500e+03  3.26481e+00
  2.64500e+03  3.28368e+00
  2.65500e+03  3.25864e+00
  2.66500e+03  3.19599e+00
  2.67500e+03  3.18706e+00
  2.68500e+03  3.16589e+00
  2.69500e+03  3.11875e+00
  2.70500e+03  3.10105e+00
  2.71500e+03  3.06217e+00
  2.72500e+03  3.03718e+00
  2.73500e+03  3.01949e+00
  2.74500e+03  2.95847e+00
  2.75500e+03  2.93734e+00
  2.76500e+03  2.93433e+00
  2.77500e+03  2.94298e+00
  2.78500e+03  2.90092e+00
  2.79500e+03  2.78931e+00
  2.80500e+03  2.80762e+00
  2.81500e+03  2.86189e+00
  2.82500e+03  2.84742e+00
  2.83500e+03  2.80190e+00
  2.84500e+03  2.77697e+00
  2.85500e+03  2.75955e+00
  2.86500e+03  2.76218e+00
  2.87500e+03  2.73981e+00
  2.88500e+03  2.72445e+00
  2.89500e+03  2.70601e+00
  2.91000e+03  2.69763e+00
  2.93000e+03  2.65350e+00
  2.95000e+03  2.60909e+00
  2.97000e+03  2.58096e+00
  2.99000e+03  2.54804e+00
  3.01000e+03  2.51926e+00
  3.03000e+03  2.48908e+00
  3.05000e+03  2.45585e+00
  3.07000e+03  2.42337e+00
  3.09000e+03  2.39258e+00
  3.11000e+03  2.36036e+00
  3.13000e+03  2.32771e+00
  3.15000e+03  2.30107e+00
  3.17000e+03  2.26855e+00
  3.19000e+03  2.22650e+00
  3.21000e+03  2.20404e+00
  3.23000e+03  2.18099e+00
  3.25000e+03  2.16159e+00
  3.27000e+03  2.14028e+00
  3.29000e+03  2.11613e+00
  3.31000e+03  2.09304e+00
  3.33000e+03  2.06556e+00
  3.35000e+03  2.03674e+00
  3.37000e+03  2.01091e+00
  3.39000e+03  1.98940e+00
  3.41000e+03  1.96841e+00
  3.43000e+03  1.93489e+00
  3.45000e+03  1.91254e+00
  3.47000e+03  1.89533e+00
  3.49000e+03  1.87767e+00
  3.51000e+03  1.86186e+00
  3.53000e+03  1.84171e+00
  3.55000e+03  1.82416e+00
  3.57000e+03  1.79852e+00
  3.59000e+03  1.77537e+00
  3.61000e+03  1.76040e+00
  3.63000e+03  1.74381e+00
  3.64000e+03  1.72416e+00
  3.65000e+03  1.65415e+00
  3.67000e+03  1.61923e+00
  3.69000e+03  1.57908e+00
  3.70466e+03  1.58494e+00
  3.70488e+03  1.59414e+00
  3.70511e+03  1.59450e+00
  3.70533e+03  1.59486e+00
  3.70555e+03  1.59522e+00
  3.70578e+03  1.59558e+00
  3.70600e+03  1.59594e+00
  3.70622e+03  1.59630e+00
  3.70645e+03  1.59665e+00
  3.70667e+03  1.59701e+00
  3.70689e+03  1.59737e+00
  3.70712e+03  1.59773e+00
  3.70734e+03  1.59809e+00
  3.70756e+03  1.59845e+00
  3.70779e+03  1.59881e+00
  3.70801e+03  1.59916e+00
  3.70824e+03  1.59952e+00
  3.70846e+03  1.59988e+00
  3.70868e+03  1.60024e+00
  3.70891e+03  1.60060e+00
  3.70913e+03  1.60097e+00
  3.70935e+03  1.60133e+00
  3.70958e+03  1.60170e+00
  3.70980e+03  1.60205e+00
  3.71000e+03  1.60228e+00
  3.71002e+03  1.60238e+00
  3.71025e+03  1.60221e+00
  3.71047e+03  1.60205e+00
  3.71070e+03  1.60190e+00
  3.71092e+03  1.60177e+00
  3.71114e+03  1.60164e+00
  3.71137e+03  1.60153e+00
  3.71159e+03  1.60145e+00
  3.71181e+03  1.60139e+00
  3.71204e+03  1.60136e+00
  3.71226e+03  1.60138e+00
  3.71248e+03  1.60146e+00
  3.71271e+03  1.60161e+00
  3.71293e+03  1.60184e+00
  3.71316e+03  1.60217e+00
  3.71338e+03  1.60264e+00
  3.71360e+03  1.60327e+00
  3.71383e+03  1.60409e+00
  3.71405e+03  1.60514e+00
  3.71427e+03  1.60649e+00
  3.71450e+03  1.60818e+00
  3.71472e+03  1.61029e+00
  3.71494e+03  1.61290e+00
  3.71517e+03  1.61609e+00
  3.71539e+03  1.61999e+00
  3.71562e+03  1.62472e+00
  3.71584e+03  1.63042e+00
  3.71606e+03  1.63726e+00
  3.71629e+03  1.64543e+00
  3.71651e+03  1.65513e+00
  3.71673e+03  1.66661e+00
  3.71696e+03  1.68013e+00
  3.71718e+03  1.69598e+00
  3.71740e+03  1.71448e+00
  3.71763e+03  1.73599e+00
  3.71785e+03  1.76088e+00
  3.71808e+03  1.78956e+00
  3.71830e+03  1.82248e+00
  3.71852e+03  1.86010e+00
  3.71875e+03  1.90290e+00
  3.71897e+03  1.95140e+00
  3.71919e+03  2.00612e+00
  3.71942e+03  2.06759e+00
  3.71964e+03  2.13636e+00
  3.71986e+03  2.21294e+00
  3.72009e+03  2.29784e+00
  3.72031e+03  2.39154e+00
  3.72053e+03  2.49456e+00
  3.72076e+03  2.60731e+00
  3.72098e+03  2.73012e+00
  3.72121e+03  2.86328e+00
  3.72143e+03  3.00699e+00
  3.72165e+03  3.16135e+00
  3.72188e+03  3.32635e+00
  3.72210e+03  3.50187e+00
  3.72232e+03  3.68765e+00
  3.72255e+03  3.88329e+00
  3.72277e+03  4.08824e+00
  3.72299e+03  4.30179e+00
  3.72322e+03  4.52309e+00
  3.72344e+03  4.75110e+00
  3.72367e+03  4.98466e+00
  3.72389e+03  5.22242e+00
  3.72411e+03  5.46292e+00
  3.72434e+03  5.70456e+00
  3.72456e+03  5.94555e+00
  3.72478e+03  6.18407e+00
  3.72501e+03  6.41837e+00
  3.72523e+03  6.64650e+00
  3.72545e+03  6.86641e+00
  3.72568e+03  7.07615e+00
  3.72590e+03  7.27376e+00
  3.72613e+03  7.45737e+00
  3.72635e+03  7.62518e+00
  3.72657e+03  7.77552e+00
  3.72680e+03  7.90685e+00
  3.72702e+03  8.01782e+00
  3.72724e+03  8.10727e+00
  3.72747e+03  8.17425e+00
  3.72769e+03  8.21803e+00
  3.72791e+03  8.23816e+00
  3.72814e+03  8.23441e+00
  3.72836e+03  8.20682e+00
  3.72859e+03  8.15569e+00
  3.72881e+03  8.08156e+00
  3.72903e+03  7.98521e+00
  3.72926e+03  7.86770e+00
  3.72948e+03  7.73027e+00
  3.72970e+03  7.57424e+00
  3.72993e+03  7.43200e+00
  3.73000e+03  7.32534e+00
  3.73015e+03  7.19844e+00
  3.73037e+03  7.01395e+00
  3.73060e+03  6.80234e+00
  3.73082e+03  6.58113e+00
  3.73105e+03  6.35230e+00
  3.73127e+03  6.11781e+00
  3.73149e+03  5.87961e+00
  3.73172e+03  5.63955e+00
  3.73194e+03  5.39943e+00
  3.73216e+03  5.16093e+00
  3.73239e+03  4.92563e+00
  3.73261e+03  4.69495e+00
  3.73283e+03  4.47018e+00
  3.73306e+03  4.25245e+00
  3.73328e+03  4.04274e+00
  3.73351e+03  3.84190e+00
  3.73373e+03  3.65061e+00
  3.73395e+03  3.46924e+00
  3.73418e+03  3.29818e+00
  3.73440e+03  3.13768e+00
  3.73462e+03  2.98785e+00
  3.73485e+03  2.84864e+00
  3.73507e+03  2.71994e+00
  3.73529e+03  2.60150e+00
  3.73552e+03  2.49303e+00
  3.73574e+03  2.39414e+00
  3.73596e+03  2.30442e+00
  3.73619e+03  2.22338e+00
  3.73641e+03  2.15053e+00
  3.73664e+03  2.08535e+00
  3.73686e+03  2.02730e+00
  3.73708e+03  1.97583e+00
  3.73731e+03  1.93043e+00
  3.73753e+03  1.89057e+00
  3.73775e+03  1.85575e+00
  3.73798e+03  1.82550e+00
  3.73820e+03  1.79935e+00
  3.73842e+03  1.77685e+00
  3.73865e+03  1.75762e+00
  3.73887e+03  1.74129e+00
  3.73910e+03  1.72750e+00
  3.73932e+03  1.71596e+00
  3.73954e+03  1.70638e+00
  3.73977e+03  1.69849e+00
  3.73999e+03  1.69208e+00
  3.74021e+03  1.68694e+00
  3.74044e+03  1.68288e+00
  3.74066e+03  1.67975e+00
  3.74088e+03  1.67741e+00
  3.74111e+03  1.67574e+00
  3.74133e+03  1.67463e+00
  3.74156e+03  1.67399e+00
  3.74178e+03  1.67375e+00
  3.74200e+03  1.67383e+00
  3.74223e+03  1.67418e+00
  3.74245e+03  1.67476e+00
  3.74267e+03  1.67552e+00
  3.74290e+03  1.67643e+00
  3.74312e+03  1.67746e+00
  3.74334e+03  1.67859e+00
  3.74357e+03  1.67980e+00
  3.74379e+03  1.68108e+00
  3.74402e+03  1.68240e+00
  3.74424e+03  1.68377e+00
  3.74446e+03  1.68517e+00
  3.74469e+03  1.68659e+00
  3.74491e+03  1.68804e+00
  3.74513e+03  1.68950e+00
  3.74536e+03  1.69097e+00
  3.74558e+03  1.69245e+00
  3.74580e+03  1.69394e+00
  3.74603e+03  1.69543e+00
  3.74625e+03  1.69693e+00
  3.74648e+03  1.69843e+00
  3.74670e+03  1.69994e+00
  3.74692e+03  1.70144e+00
  3.74715e+03  1.70295e+00
  3.74737e+03  1.70446e+00
  3.74759e+03  1.70596e+00
  3.74782e+03  1.70747e+00
  3.74804e+03  1.70898e+00
  3.74826e+03  1.71049e+00
  3.74849e+03  1.71200e+00
  3.74871e+03  1.71351e+00
  3.74893e+03  1.71501e+00
  3.74916e+03  1.71770e+00
  3.75000e+03  1.72922e+00
  3.77000e+03  1.74641e+00
  3.79000e+03  1.84826e+00
  3.81000e+03  1.91674e+00
  3.83000e+03  1.78933e+00
  3.85000e+03  1.97716e+00
  3.87000e+03  2.00445e+00
  3.89000e+03  1.73439e+00
  3.91000e+03  1.98908e+00
  3.93000e+03  1.99773e+00
  3.95000e+03  1.93328e+00
  3.97000e+03  1.63502e+00
  3.99000e+03  1.90741e+00
  4.01000e+03  1.99312e+00
  4.03000e+03  1.96864e+00
  4.05000e+03  1.96150e+00
  4.07000e+03  1.91870e+00
  4.07820e+03  1.86454e+00
  4.07845e+03  1.84809e+00
  4.07870e+03  1.84608e+00
  4.07894e+03  1.84407e+00
  4.07919e+03  1.84206e+00
  4.07943e+03  1.84005e+00
  4.07968e+03  1.83804e+00
  4.07993e+03  1.83603e+00
  4.08017e+03  1.83403e+00
  4.08042e+03  1.83202e+00
  4.08066e+03  1.83001e+00
  4.08091e+03  1.82801e+00
  4.08116e+03  1.82600e+00
  4.08140e+03  1.82400e+00
  4.08165e+03  1.82199e+00
  4.08190e+03  1.81999e+00
  4.08214e+03  1.81799e+00
  4.08239e+03  1.81598e+00
  4.08263e+03  1.81398e+00
  4.08288e+03  1.81198e+00
  4.08313e+03  1.80999e+00
  4.08337e+03  1.80799e+00
  4.08362e+03  1.80599e+00
  4.08386e+03  1.80400e+00
  4.08411e+03  1.80200e+00
  4.08436e+03  1.80001e+00
  4.08460e+03  1.79803e+00
  4.08485e+03  1.79605e+00
  4.08510e+03  1.79407e+00
  4.08534e+03  1.79210e+00
  4.08559e+03  1.79013e+00
  4.08583e+03  1.78818e+00
  4.08608e+03  1.78624e+00
  4.08633e+03  1.78431e+00
  4.08657e+03  1.78240e+00
  4.08682e+03  1.78051e+00
  4.08706e+03  1.77865e+00
  4.08731e+03  1.77682e+00
  4.08756e+03  1.77503e+00
  4.08780e+03  1.77328e+00
  4.08805e+03  1.77159e+00
  4.08830e+03  1.76997e+00
  4.08854e+03  1.76842e+00
  4.08879e+03  1.76698e+00
  4.08903e+03  1.76564e+00
  4.08928e+03  1.76444e+00
  4.08953e+03  1.76339e+00
  4.08977e+03  1.76253e+00
  4.09000e+03  1.76197e+00
  4.09002e+03  1.76156e+00
  4.09026e+03  1.76068e+00
  4.09051e+03  1.75983e+00
  4.09076e+03  1.75930e+00
  4.09100e+03  1.75914e+00
  4.09125e+03  1.75939e+00
  4.09150e+03  1.76011e+00
  4.09174e+03  1.76135e+00
  4.09199e+03  1.76319e+00
  4.09223e+03  1.76568e+00
  4.09248e+03  1.76889e+00
  4.09273e+03  1.77291e+00
  4.09297e+03  1.77780e+00
  4.09322e+03  1.78364e+00
  4.09347e+03  1.79052e+00
  4.09371e+03  1.79851e+00
  4.09396e+03  1.80769e+00
  4.09420e+03  1.81813e+00
  4.09445e+03  1.82991e+00
  4.09470e+03  1.84308e+00
  4.09494e+03  1.85771e+00
  4.09519e+03  1.87385e+00
  4.09543e+03  1.89153e+00
  4.09568e+03  1.91078e+00
  4.09593e+03  1.93159e+00
  4.09617e+03  1.95397e+00
  4.09642e+03  1.97788e+00
  4.09667e+03  2.00328e+00
  4.09691e+03  2.03010e+00
  4.09716e+03  2.05827e+00
  4.09740e+03  2.08766e+00
  4.09765e+03  2.11812e+00
  4.09790e+03  2.14947e+00
  4.09814e+03  2.18156e+00
  4.09839e+03  2.21418e+00
  4.09863e+03  2.24710e+00
  4.09888e+03  2.28010e+00
  4.09913e+03  2.31288e+00
  4.09937e+03  2.34516e+00
  4.09962e+03  2.37668e+00
  4.09987e+03  2.40715e+00
  4.10011e+03  2.43627e+00
  4.10036e+03  2.46378e+00
  4.10060e+03  2.48938e+00
  4.10085e+03  2.51278e+00
  4.10110e+03  2.53372e+00
  4.10134e+03  2.55198e+00
  4.10159e+03  2.56735e+00
  4.10183e+03  2.57964e+00
  4.10208e+03  2.58869e+00
  4.10233e+03  2.59436e+00
  4.10257e+03  2.59658e+00
  4.10282e+03  2.59529e+00
  4.10307e+03  2.59048e+00
  4.10331e+03  2.58217e+00
  4.10356e+03  2.57041e+00
  4.10380e+03  2.55531e+00
  4.10405e+03  2.53700e+00
  4.10430e+03  2.51565e+00
  4.10454e+03  2.49145e+00
  4.10479e+03  2.46462e+00
  4.10503e+03  2.43539e+00
  4.10528e+03  2.40400e+00
  4.10553e+03  2.37078e+00
  4.10577e+03  2.33601e+00
  4.10602e+03  2.29996e+00
  4.10627e+03  2.26292e+00
  4.10651e+03  2.22517e+00
  4.10676e+03  2.18700e+00
  4.10700e+03  2.14865e+00
  4.10725e+03  2.11043e+00
  4.10750e+03  2.07259e+00
  4.10774e+03  2.03531e+00
  4.10799e+03  1.99881e+00
  4.10823e+03  1.96324e+00
  4.10848e+03  1.92876e+00
  4.10873e+03  1.89555e+00
  4.10897e+03  1.86370e+00
  4.10922e+03  1.83329e+00
  4.10947e+03  1.80438e+00
  4.10971e+03  1.77701e+00
  4.10996e+03  1.75633e+00
  4.11000e+03  1.74401e+00
  4.11020e+03  1.73149e+00
  4.11045e+03  1.71590e+00
  4.11070e+03  1.70111e+00
  4.11094e+03  1.68782e+00
  4.11119e+03  1.67597e+00
  4.11144e+03  1.66551e+00
  4.11168e+03  1.65635e+00
  4.11193e+03  1.64845e+00
  4.11217e+03  1.64172e+00
  4.11242e+03  1.63608e+00
  4.11267e+03  1.63146e+00
  4.11291e+03  1.62777e+00
  4.11316e+03  1.62494e+00
  4.11340e+03  1.62288e+00
  4.11365e+03  1.62154e+00
  4.11390e+03  1.62083e+00
  4.11414e+03  1.62070e+00
  4.11439e+03  1.62108e+00
  4.11464e+03  1.62192e+00
  4.11488e+03  1.62316e+00
  4.11513e+03  1.62475e+00
  4.11537e+03  1.62664e+00
  4.11562e+03  1.62881e+00
  4.11587e+03  1.63121e+00
  4.11611e+03  1.63382e+00
  4.11636e+03  1.63660e+00
  4.11660e+03  1.63952e+00
  4.11685e+03  1.64257e+00
  4.11710e+03  1.64573e+00
  4.11734e+03  1.64898e+00
  4.11759e+03  1.65230e+00
  4.11784e+03  1.65569e+00
  4.11808e+03  1.65913e+00
  4.11833e+03  1.66261e+00
  4.11857e+03  1.66612e+00
  4.11882e+03  1.66967e+00
  4.11907e+03  1.67324e+00
  4.11931e+03  1.67683e+00
  4.11956e+03  1.68043e+00
  4.11981e+03  1.68405e+00
  4.12005e+03  1.68768e+00
  4.12030e+03  1.69131e+00
  4.12054e+03  1.69495e+00
  4.12079e+03  1.69860e+00
  4.12104e+03  1.70225e+00
  4.12128e+03  1.70590e+00
  4.12153e+03  1.70955e+00
  4.12177e+03  1.71321e+00
  4.12202e+03  1.71686e+00
  4.12227e+03  1.72052e+00
  4.12251e+03  1.72417e+00
  4.12276e+03  1.72783e+00
  4.12301e+03  1.73148e+00
  4.12325e+03  1.73514e+00
  4.12350e+03  1.73879e+00
  4.12374e+03  1.74244e+00
  4.12399e+03  1.74609e+00
  4.12424e+03  1.74975e+00
  4.12448e+03  1.75340e+00
  4.12473e+03  1.75705e+00
  4.12497e+03  1.76070e+00
  4.12522e+03  1.76435e+00
  4.12547e+03  1.76799e+00
  4.12571e+03  1.77164e+00
  4.12596e+03  1.77529e+00
  4.12621e+03  1.77893e+00
  4.12645e+03  1.78258e+00
  4.12670e+03  1.78622e+00
  4.12694e+03  1.78986e+00
  4.12719e+03  1.80354e+00
  4.13000e+03  1.84065e+00
  4.15000e+03  1.84566e+00
  4.17000e+03  1.83583e+00
  4.19000e+03  1.81909e+00
  4.21000e+03  1.79958e+00
  4.23000e+03  1.77836e+00
  4.25000e+03  1.75804e+00
  4.27000e+03  1.72841e+00
  4.29000e+03  1.70368e+00
  4.31000e+03  1.66053e+00
  4.31565e+03  1.62133e+00
  4.31591e+03  1.60996e+00
  4.31617e+03  1.60795e+00
  4.31643e+03  1.60595e+00
  4.31669e+03  1.60395e+00
  4.31695e+03  1.60194e+00
  4.31721e+03  1.59994e+00
  4.31747e+03  1.59794e+00
  4.31773e+03  1.59594e+00
  4.31799e+03  1.59394e+00
  4.31825e+03  1.59194e+00
  4.31852e+03  1.58994e+00
  4.31878e+03  1.58794e+00
  4.31904e+03  1.58594e+00
  4.31930e+03  1.58394e+00
  4.31956e+03  1.58194e+00
  4.31982e+03  1.57995e+00
  4.32008e+03  1.57795e+00
  4.32034e+03  1.57596e+00
  4.32060e+03  1.57396e+00
  4.32086e+03  1.57197e+00
  4.32112e+03  1.56998e+00
  4.32138e+03  1.56799e+00
  4.32164e+03  1.56601e+00
  4.32190e+03  1.56403e+00
  4.32216e+03  1.56205e+00
  4.32242e+03  1.56008e+00
  4.32268e+03  1.55811e+00
  4.32294e+03  1.55616e+00
  4.32320e+03  1.55421e+00
  4.32346e+03  1.55228e+00
  4.32373e+03  1.55036e+00
  4.32399e+03  1.54846e+00
  4.32425e+03  1.54659e+00
  4.32451e+03  1.54475e+00
  4.32477e+03  1.54294e+00
  4.32503e+03  1.54118e+00
  4.32529e+03  1.53947e+00
  4.32555e+03  1.53783e+00
  4.32581e+03  1.53627e+00
  4.32607e+03  1.53481e+00
  4.32633e+03  1.53346e+00
  4.32659e+03  1.53225e+00
  4.32685e+03  1.53120e+00
  4.32711e+03  1.53035e+00
  4.32737e+03  1.52972e+00
  4.32763e+03  1.52936e+00
  4.32789e+03  1.52931e+00
  4.32815e+03  1.52963e+00
  4.32841e+03  1.53036e+00
  4.32867e+03  1.53158e+00
  4.32894e+03  1.53335e+00
  4.32920e+03  1.53575e+00
  4.32946e+03  1.53886e+00
  4.32972e+03  1.54279e+00
  4.32998e+03  1.54635e+00
  4.33000e+03  1.54933e+00
  4.33024e+03  1.55396e+00
  4.33050e+03  1.56118e+00
  4.33076e+03  1.56980e+00
  4.33102e+03  1.57980e+00
  4.33128e+03  1.59131e+00
  4.33154e+03  1.60447e+00
  4.33180e+03  1.61942e+00
  4.33206e+03  1.63628e+00
  4.33232e+03  1.65521e+00
  4.33258e+03  1.67632e+00
  4.33284e+03  1.69973e+00
  4.33310e+03  1.72557e+00
  4.33336e+03  1.75393e+00
  4.33362e+03  1.78490e+00
  4.33388e+03  1.81852e+00
  4.33415e+03  1.85486e+00
  4.33441e+03  1.89392e+00
  4.33467e+03  1.93569e+00
  4.33493e+03  1.98011e+00
  4.33519e+03  2.02711e+00
  4.33545e+03  2.07657e+00
  4.33571e+03  2.12834e+00
  4.33597e+03  2.18220e+00
  4.33623e+03  2.23793e+00
  4.33649e+03  2.29524e+00
  4.33675e+03  2.35382e+00
  4.33701e+03  2.41331e+00
  4.33727e+03  2.47332e+00
  4.33753e+03  2.53342e+00
  4.33779e+03  2.59317e+00
  4.33805e+03  2.65209e+00
  4.33831e+03  2.70970e+00
  4.33857e+03  2.76548e+00
  4.33883e+03  2.81894e+00
  4.33909e+03  2.86958e+00
  4.33935e+03  2.91690e+00
  4.33962e+03  2.96044e+00
  4.33988e+03  2.99975e+00
  4.34014e+03  3.03442e+00
  4.34040e+03  3.06408e+00
  4.34066e+03  3.08840e+00
  4.34092e+03  3.10711e+00
  4.34118e+03  3.11999e+00
  4.34144e+03  3.12689e+00
  4.34170e+03  3.12772e+00
  4.34196e+03  3.12245e+00
  4.34222e+03  3.11112e+00
  4.34248e+03  3.09384e+00
  4.34274e+03  3.07077e+00
  4.34300e+03  3.04215e+00
  4.34326e+03  3.00825e+00
  4.34352e+03  2.96941e+00
  4.34378e+03  2.92601e+00
  4.34404e+03  2.87848e+00
  4.34430e+03  2.82725e+00
  4.34457e+03  2.77282e+00
  4.34483e+03  2.71566e+00
  4.34509e+03  2.65629e+00
  4.34535e+03  2.59520e+00
  4.34561e+03  2.53290e+00
  4.34587e+03  2.46987e+00
  4.34613e+03  2.40658e+00
  4.34639e+03  2.34348e+00
  4.34665e+03  2.28098e+00
  4.34691e+03  2.21947e+00
  4.34717e+03  2.15930e+00
  4.34743e+03  2.10077e+00
  4.34769e+03  2.04416e+00
  4.34795e+03  1.98970e+00
  4.34821e+03  1.93757e+00
  4.34847e+03  1.88793e+00
  4.34873e+03  1.84089e+00
  4.34899e+03  1.79652e+00
  4.34925e+03  1.75486e+00
  4.34951e+03  1.71593e+00
  4.34978e+03  1.68086e+00
  4.35000e+03  1.65646e+00
  4.35004e+03  1.64088e+00
  4.35030e+03  1.62064e+00
  4.35056e+03  1.59699e+00
  4.35082e+03  1.57575e+00
  4.35108e+03  1.55679e+00
  4.35134e+03  1.53998e+00
  4.35160e+03  1.52521e+00
  4.35186e+03  1.51232e+00
  4.35212e+03  1.50119e+00
  4.35238e+03  1.49168e+00
  4.35264e+03  1.48366e+00
  4.35290e+03  1.47698e+00
  4.35316e+03  1.47154e+00
  4.35342e+03  1.46720e+00
  4.35368e+03  1.46385e+00
  4.35394e+03  1.46139e+00
  4.35420e+03  1.45972e+00
  4.35446e+03  1.45875e+00
  4.35472e+03  1.45838e+00
  4.35499e+03  1.45856e+00
  4.35525e+03  1.45920e+00
  4.35551e+03  1.46025e+00
  4.35577e+03  1.46164e+00
  4.35603e+03  1.46334e+00
  4.35629e+03  1.46529e+00
  4.35655e+03  1.46747e+00
  4.35681e+03  1.46982e+00
  4.35707e+03  1.47234e+00
  4.35733e+03  1.47499e+00
  4.35759e+03  1.47774e+00
  4.35785e+03  1.48059e+00
  4.35811e+03  1.48351e+00
  4.35837e+03  1.48650e+00
  4.35863e+03  1.48953e+00
  4.35889e+03  1.49261e+00
  4.35915e+03  1.49573e+00
  4.35941e+03  1.49887e+00
  4.35967e+03  1.50203e+00
  4.35993e+03  1.50521e+00
  4.36020e+03  1.50840e+00
  4.36046e+03  1.51161e+00
  4.36072e+03  1.51483e+00
  4.36098e+03  1.51805e+00
  4.36124e+03  1.52127e+00
  4.36150e+03  1.52450e+00
  4.36176e+03  1.52774e+00
  4.36202e+03  1.53097e+00
  4.36228e+03  1.53421e+00
  4.36254e+03  1.53744e+00
  4.36280e+03  1.54068e+00
  4.36306e+03  1.54392e+00
  4.36332e+03  1.54716e+00
  4.36358e+03  1.55039e+00
  4.36384e+03  1.55363e+00
  4.36410e+03  1.55687e+00
  4.36436e+03  1.56010e+00
  4.36462e+03  1.56334e+00
  4.36488e+03  1.56657e+00
  4.36515e+03  1.56981e+00
  4.36541e+03  1.57304e+00
  4.36567e+03  1.57627e+00
  4.36593e+03  1.57951e+00
  4.36619e+03  1.58274e+00
  4.36645e+03  1.58597e+00
  4.36671e+03  1.58920e+00
  4.36697e+03  1.59243e+00
  4.36723e+03  1.59566e+00
  4.36749e+03  1.60626e+00
  4.37000e+03  1.62839e+00
  4.39000e+03  1.61454e+00
  4.41000e+03  1.61145e+00
  4.43000e+03  1.60175e+00
  4.45000e+03  1.58831e+00
  4.47000e+03  1.56044e+00
  4.49000e+03  1.56024e+00
  4.51000e+03  1.55973e+00
  4.53000e+03  1.53341e+00
  4.55000e+03  1.51525e+00
  4.57000e+03  1.51267e+00
  4.59000e+03  1.49364e+00
  4.61000e+03  1.48222e+00
  4.63000e+03  1.46238e+00
  4.65000e+03  1.44989e+00
  4.67000e+03  1.43915e+00
  4.69000e+03  1.41571e+00
  4.71000e+03  1.39706e+00
  4.73000e+03  1.39680e+00
  4.75000e+03  1.38937e+00
  4.77000e+03  1.37780e+00
  4.79000e+03  1.36205e+00
  4.81000e+03  1.34295e+00
  4.83000e+03  1.32245e+00
  4.83484e+03  1.29884e+00
  4.83513e+03  1.29092e+00
  4.83542e+03  1.28918e+00
  4.83571e+03  1.28744e+00
  4.83600e+03  1.28570e+00
  4.83629e+03  1.28396e+00
  4.83659e+03  1.28223e+00
  4.83688e+03  1.28049e+00
  4.83717e+03  1.27875e+00
  4.83746e+03  1.27702e+00
  4.83775e+03  1.27529e+00
  4.83805e+03  1.27357e+00
  4.83834e+03  1.27184e+00
  4.83863e+03  1.27013e+00
  4.83892e+03  1.26842e+00
  4.83921e+03  1.26671e+00
  4.83950e+03  1.26502e+00
  4.83980e+03  1.26334e+00
  4.84009e+03  1.26168e+00
  4.84038e+03  1.26004e+00
  4.84067e+03  1.25842e+00
  4.84096e+03  1.25684e+00
  4.84126e+03  1.25530e+00
  4.84155e+03  1.25380e+00
  4.84184e+03  1.25237e+00
  4.84213e+03  1.25101e+00
  4.84242e+03  1.24974e+00
  4.84272e+03  1.24858e+00
  4.84301e+03  1.24756e+00
  4.84330e+03  1.24669e+00
  4.84359e+03  1.24603e+00
  4.84388e+03  1.24559e+00
  4.84417e+03  1.24544e+00
  4.84447e+03  1.24561e+00
  4.84476e+03  1.24617e+00
  4.84505e+03  1.24719e+00
  4.84534e+03  1.24875e+00
  4.84563e+03  1.25094e+00
  4.84593e+03  1.25385e+00
  4.84622e+03  1.25761e+00
  4.84651e+03  1.26233e+00
  4.84680e+03  1.26816e+00
  4.84709e+03  1.27526e+00
  4.84738e+03  1.28378e+00
  4.84768e+03  1.29392e+00
  4.84797e+03  1.30588e+00
  4.84826e+03  1.31987e+00
  4.84855e+03  1.33611e+00
  4.84884e+03  1.35485e+00
  4.84914e+03  1.37634e+00
  4.84943e+03  1.40083e+00
  4.84972e+03  1.42828e+00
  4.85000e+03  1.45090e+00
  4.85001e+03  1.46785e+00
  4.85030e+03  1.49484e+00
  4.85059e+03  1.53387e+00
  4.85089e+03  1.57722e+00
  4.85118e+03  1.62511e+00
  4.85147e+03  1.67774e+00
  4.85176e+03  1.73532e+00
  4.85205e+03  1.79799e+00
  4.85235e+03  1.86584e+00
  4.85264e+03  1.93898e+00
  4.85293e+03  2.01741e+00
  4.85322e+03  2.10105e+00
  4.85351e+03  2.18984e+00
  4.85381e+03  2.28364e+00
  4.85410e+03  2.38209e+00
  4.85439e+03  2.48488e+00
  4.85468e+03  2.59169e+00
  4.85497e+03  2.70198e+00
  4.85526e+03  2.81515e+00
  4.85556e+03  2.93065e+00
  4.85585e+03  3.04773e+00
  4.85614e+03  3.16556e+00
  4.85643e+03  3.28340e+00
  4.85672e+03  3.40031e+00
  4.85702e+03  3.51533e+00
  4.85731e+03  3.62757e+00
  4.85760e+03  3.73607e+00
  4.85789e+03  3.83976e+00
  4.85818e+03  3.93767e+00
  4.85847e+03  4.02893e+00
  4.85877e+03  4.11261e+00
  4.85906e+03  4.18783e+00
  4.85935e+03  4.25385e+00
  4.85964e+03  4.30997e+00
  4.85993e+03  4.35556e+00
  4.86023e+03  4.39014e+00
  4.86052e+03  4.41331e+00
  4.86081e+03  4.42481e+00
  4.86110e+03  4.42449e+00
  4.86139e+03  4.41235e+00
  4.86168e+03  4.38848e+00
  4.86198e+03  4.35313e+00
  4.86227e+03  4.30662e+00
  4.86256e+03  4.24949e+00
  4.86285e+03  4.18230e+00
  4.86314e+03  4.10569e+00
  4.86344e+03  4.02044e+00
  4.86373e+03  3.92743e+00
  4.86402e+03  3.82747e+00
  4.86431e+03  3.72154e+00
  4.86460e+03  3.61064e+00
  4.86490e+03  3.49565e+00
  4.86519e+03  3.37761e+00
  4.86548e+03  3.25753e+00
  4.86577e+03  3.13625e+00
  4.86606e+03  3.01465e+00
  4.86635e+03  2.89371e+00
  4.86665e+03  2.77420e+00
  4.86694e+03  2.65676e+00
  4.86723e+03  2.54209e+00
  4.86752e+03  2.43083e+00
  4.86781e+03  2.32337e+00
  4.86811e+03  2.22020e+00
  4.86840e+03  2.12170e+00
  4.86869e+03  2.02805e+00
  4.86898e+03  1.93950e+00
  4.86927e+03  1.85620e+00
  4.86956e+03  1.77814e+00
  4.86986e+03  1.71412e+00
  4.87000e+03  1.67150e+00
  4.87015e+03  1.63268e+00
  4.87044e+03  1.58238e+00
  4.87073e+03  1.52954e+00
  4.87102e+03  1.48152e+00
  4.87132e+03  1.43811e+00
  4.87161e+03  1.39905e+00
  4.87190e+03  1.36411e+00
  4.87219e+03  1.33304e+00
  4.87248e+03  1.30556e+00
  4.87277e+03  1.28140e+00
  4.87307e+03  1.26032e+00
  4.87336e+03  1.24204e+00
  4.87365e+03  1.22632e+00
  4.87394e+03  1.21291e+00
  4.87423e+03  1.20158e+00
  4.87453e+03  1.19211e+00
  4.87482e+03  1.18431e+00
  4.87511e+03  1.17800e+00
  4.87540e+03  1.17298e+00
  4.87569e+03  1.16910e+00
  4.87598e+03  1.16623e+00
  4.87628e+03  1.16422e+00
  4.87657e+03  1.16297e+00
  4.87686e+03  1.16237e+00
  4.87715e+03  1.16233e+00
  4.87744e+03  1.16276e+00
  4.87774e+03  1.16360e+00
  4.87803e+03  1.16478e+00
  4.87832e+03  1.16625e+00
  4.87861e+03  1.16797e+00
  4.87890e+03  1.16988e+00
  4.87920e+03  1.17197e+00
  4.87949e+03  1.17419e+00
  4.87978e+03  1.17653e+00
  4.88007e+03  1.17896e+00
  4.88036e+03  1.18147e+00
  4.88065e+03  1.18404e+00
  4.88095e+03  1.18667e+00
  4.88124e+03  1.18933e+00
  4.88153e+03  1.19203e+00
  4.88182e+03  1.19475e+00
  4.88211e+03  1.19750e+00
  4.88241e+03  1.20026e+00
  4.88270e+03  1.20303e+00
  4.88299e+03  1.20581e+00
  4.88328e+03  1.20861e+00
  4.88357e+03  1.21140e+00
  4.88386e+03  1.21420e+00
  4.88416e+03  1.21701e+00
  4.88445e+03  1.21981e+00
  4.88474e+03  1.22262e+00
  4.88503e+03  1.22543e+00
  4.88532e+03  1.22824e+00
  4.88562e+03  1.23105e+00
  4.88591e+03  1.23386e+00
  4.88620e+03  1.23667e+00
  4.88649e+03  1.23948e+00
  4.88678e+03  1.24229e+00
  4.88707e+03  1.24510e+00
  4.88737e+03  1.24791e+00
  4.88766e+03  1.25072e+00
  4.88795e+03  1.25353e+00
  4.88824e+03  1.25634e+00
  4.88853e+03  1.25915e+00
  4.88883e+03  1.26195e+00
  4.88912e+03  1.26476e+00
  4.88941e+03  1.26756e+00
  4.88970e+03  1.27038e+00
  4.89000e+03  1.27288e+00
  4.89029e+03  1.27333e+00
  4.89058e+03  1.27343e+00
  4.89087e+03  1.27353e+00
  4.89116e+03  1.27363e+00
  4.89145e+03  1.27373e+00
  4.89174e+03  1.27383e+00
  4.89204e+03  1.27393e+00
  4.89233e+03  1.27403e+00
  4.89262e+03  1.27412e+00
  4.89291e+03  1.27783e+00
  4.91000e+03  1.27668e+00
  4.92877e+03  1.26139e+00
  4.92907e+03  1.25817e+00
  4.92936e+03  1.25783e+00
  4.92966e+03  1.25749e+00
  4.92996e+03  1.25719e+00
  4.93000e+03  1.25716e+00
  4.93026e+03  1.25723e+00
  4.93055e+03  1.25736e+00
  4.93085e+03  1.25749e+00
  4.93115e+03  1.25762e+00
  4.93145e+03  1.25776e+00
  4.93174e+03  1.25789e+00
  4.93204e+03  1.25803e+00
  4.93234e+03  1.25816e+00
  4.93264e+03  1.25830e+00
  4.93293e+03  1.25843e+00
  4.93323e+03  1.25857e+00
  4.93353e+03  1.25870e+00
  4.93383e+03  1.25883e+00
  4.93412e+03  1.25897e+00
  4.93442e+03  1.25910e+00
  4.93472e+03  1.25924e+00
  4.93502e+03  1.25938e+00
  4.93531e+03  1.25951e+00
  4.93561e+03  1.25965e+00
  4.93591e+03  1.25979e+00
  4.93621e+03  1.25993e+00
  4.93650e+03  1.26007e+00
  4.93680e+03  1.26021e+00
  4.93710e+03  1.26036e+00
  4.93740e+03  1.26051e+00
  4.93769e+03  1.26067e+00
  4.93799e+03  1.26083e+00
  4.93829e+03  1.26099e+00
  4.93859e+03  1.26117e+00
  4.93888e+03  1.26136e+00
  4.93918e+03  1.26156e+00
  4.93948e+03  1.26178e+00
  4.93978e+03  1.26202e+00
  4.94007e+03  1.26228e+00
  4.94037e+03  1.26257e+00
  4.94067e+03  1.26290e+00
  4.94097e+03  1.26328e+00
  4.94126e+03  1.26370e+00
  4.94156e+03  1.26418e+00
  4.94186e+03  1.26474e+00
  4.94216e+03  1.26538e+00
  4.94245e+03  1.26612e+00
  4.94275e+03  1.26698e+00
  4.94305e+03  1.26798e+00
  4.94335e+03  1.26913e+00
  4.94364e+03  1.27046e+00
  4.94394e+03  1.27200e+00
  4.94424e+03  1.27377e+00
  4.94454e+03  1.27581e+00
  4.94483e+03  1.27816e+00
  4.94513e+03  1.28085e+00
  4.94543e+03  1.28391e+00
  4.94573e+03  1.28741e+00
  4.94602e+03  1.29137e+00
  4.94632e+03  1.29585e+00
  4.94662e+03  1.30090e+00
  4.94692e+03  1.30657e+00
  4.94721e+03  1.31291e+00
  4.94751e+03  1.31997e+00
  4.94781e+03  1.32779e+00
  4.94811e+03  1.33644e+00
  4.94840e+03  1.34596e+00
  4.94870e+03  1.35638e+00
  4.94900e+03  1.36775e+00
  4.94930e+03  1.38010e+00
  4.94959e+03  1.39345e+00
  4.94989e+03  1.40539e+00
  4.95000e+03  1.41431e+00
  4.95019e+03  1.42442e+00
  4.95049e+03  1.43910e+00
  4.95078e+03  1.45619e+00
  4.95108e+03  1.47426e+00
  4.95138e+03  1.49325e+00
  4.95168e+03  1.51310e+00
  4.95197e+03  1.53375e+00
  4.95227e+03  1.55510e+00
  4.95257e+03  1.57704e+00
  4.95287e+03  1.59945e+00
  4.95316e+03  1.62222e+00
  4.95346e+03  1.64517e+00
  4.95376e+03  1.66815e+00
  4.95406e+03  1.69101e+00
  4.95435e+03  1.71357e+00
  4.95465e+03  1.73563e+00
  4.95495e+03  1.75701e+00
  4.95525e+03  1.77752e+00
  4.95554e+03  1.79697e+00
  4.95584e+03  1.81518e+00
  4.95614e+03  1.83197e+00
  4.95644e+03  1.84717e+00
  4.95673e+03  1.86062e+00
  4.95703e+03  1.87220e+00
  4.95733e+03  1.88178e+00
  4.95763e+03  1.88925e+00
  4.95792e+03  1.89453e+00
  4.95822e+03  1.89757e+00
  4.95852e+03  1.89833e+00
  4.95882e+03  1.89680e+00
  4.95911e+03  1.89299e+00
  4.95941e+03  1.88695e+00
  4.95971e+03  1.87873e+00
  4.96001e+03  1.86842e+00
  4.96030e+03  1.85614e+00
  4.96060e+03  1.84200e+00
  4.96090e+03  1.82615e+00
  4.96120e+03  1.80873e+00
  4.96149e+03  1.78994e+00
  4.96179e+03  1.76993e+00
  4.96209e+03  1.74890e+00
  4.96239e+03  1.72704e+00
  4.96268e+03  1.70453e+00
  4.96298e+03  1.68155e+00
  4.96328e+03  1.65831e+00
  4.96358e+03  1.63498e+00
  4.96387e+03  1.61171e+00
  4.96417e+03  1.58866e+00
  4.96447e+03  1.56598e+00
  4.96477e+03  1.54380e+00
  4.96506e+03  1.52223e+00
  4.96536e+03  1.50139e+00
  4.96566e+03  1.48136e+00
  4.96596e+03  1.46219e+00
  4.96625e+03  1.44396e+00
  4.96655e+03  1.42672e+00
  4.96685e+03  1.41047e+00
  4.96715e+03  1.39523e+00
  4.96744e+03  1.38103e+00
  4.96774e+03  1.36783e+00
  4.96804e+03  1.35563e+00
  4.96834e+03  1.34440e+00
  4.96863e+03  1.33412e+00
  4.96893e+03  1.32473e+00
  4.96923e+03  1.31620e+00
  4.96953e+03  1.30849e+00
  4.96982e+03  1.30218e+00
  4.97000e+03  1.29803e+00
  4.97012e+03  1.29433e+00
  4.97042e+03  1.28946e+00
  4.97072e+03  1.28432e+00
  4.97102e+03  1.27973e+00
  4.97131e+03  1.27565e+00
  4.97161e+03  1.27204e+00
  4.97191e+03  1.26884e+00
  4.97221e+03  1.26601e+00
  4.97250e+03  1.26352e+00
  4.97280e+03  1.26132e+00
  4.97310e+03  1.25939e+00
  4.97340e+03  1.25769e+00
  4.97369e+03  1.25619e+00
  4.97399e+03  1.25486e+00
  4.97429e+03  1.25369e+00
  4.97458e+03  1.25265e+00
  4.97488e+03  1.25172e+00
  4.97518e+03  1.25089e+00
  4.97548e+03  1.25015e+00
  4.97578e+03  1.24947e+00
  4.97607e+03  1.24885e+00
  4.97637e+03  1.24835e+00
  4.97648e+03  1.24806e+00
  4.97667e+03  1.24778e+00
  4.97678e+03  1.24755e+00
  4.97697e+03  1.24728e+00
  4.97708e+03  1.24707e+00
  4.97726e+03  1.24682e+00
  4.97738e+03  1.24661e+00
  4.97756e+03  1.24638e+00
  4.97768e+03  1.24618e+00
  4.97786e+03  1.24596e+00
  4.97798e+03  1.24577e+00
  4.97816e+03  1.24556e+00
  4.97828e+03  1.24537e+00
  4.97845e+03  1.24516e+00
  4.97858e+03  1.24498e+00
  4.97875e+03  1.24478e+00
  4.97888e+03  1.24461e+00
  4.97905e+03  1.24441e+00
  4.97918e+03  1.24424e+00
  4.97935e+03  1.24405e+00
  4.97948e+03  1.24387e+00
  4.97964e+03  1.24369e+00
  4.97978e+03  1.24352e+00
  4.97994e+03  1.24334e+00
  4.98008e+03  1.24316e+00
  4.98024e+03  1.24299e+00
  4.98039e+03  1.24282e+00
  4.98054e+03  1.24264e+00
  4.98069e+03  1.24247e+00
  4.98083e+03  1.24230e+00
  4.98099e+03  1.24212e+00
  4.98113e+03  1.24196e+00
  4.98129e+03  1.24178e+00
  4.98143e+03  1.24162e+00
  4.98159e+03  1.24144e+00
  4.98173e+03  1.24128e+00
  4.98189e+03  1.24110e+00
  4.98202e+03  1.24094e+00
  4.98219e+03  1.24076e+00
  4.98232e+03  1.24060e+00
  4.98249e+03  1.24043e+00
  4.98262e+03  1.24027e+00
  4.98279e+03  1.24009e+00
  4.98292e+03  1.23994e+00
  4.98309e+03  1.23976e+00
  4.98321e+03  1.23961e+00
  4.98339e+03  1.23943e+00
  4.98351e+03  1.23928e+00
  4.98369e+03  1.23910e+00
  4.98381e+03  1.23896e+00
  4.98399e+03  1.23878e+00
  4.98411e+03  1.23864e+00
  4.98429e+03  1.23846e+00
  4.98440e+03  1.23832e+00
  4.98459e+03  1.23815e+00
  4.98470e+03  1.23801e+00
  4.98489e+03  1.23784e+00
  4.98500e+03  1.23771e+00
  4.98519e+03  1.23754e+00
  4.98530e+03  1.23742e+00
  4.98549e+03  1.23725e+00
  4.98559e+03  1.23714e+00
  4.98579e+03  1.23698e+00
  4.98589e+03  1.23688e+00
  4.98609e+03  1.23673e+00
  4.98619e+03  1.23663e+00
  4.98639e+03  1.23649e+00
  4.98649e+03  1.23641e+00
  4.98669e+03  1.23629e+00
  4.98678e+03  1.23622e+00
  4.98699e+03  1.23611e+00
  4.98708e+03  1.23607e+00
  4.98729e+03  1.23598e+00
  4.98738e+03  1.23596e+00
  4.98759e+03  1.23589e+00
  4.98768e+03  1.23591e+00
  4.98790e+03  1.23587e+00
  4.98797e+03  1.23592e+00
  4.98820e+03  1.23597e+00
  4.98850e+03  1.23611e+00
  4.98880e+03  1.23637e+00
  4.98910e+03  1.23677e+00
  4.98940e+03  1.23732e+00
  4.98970e+03  1.23806e+00
  4.99000e+03  1.23902e+00
  4.99030e+03  1.24016e+00
  4.99060e+03  1.24159e+00
  4.99090e+03  1.24338e+00
  4.99120e+03  1.24559e+00
  4.99150e+03  1.24828e+00
  4.99180e+03  1.25153e+00
  4.99210e+03  1.25541e+00
  4.99240e+03  1.26001e+00
  4.99270e+03  1.26544e+00
  4.99300e+03  1.27179e+00
  4.99330e+03  1.27919e+00
  4.99360e+03  1.28777e+00
  4.99390e+03  1.29764e+00
  4.99420e+03  1.30896e+00
  4.99450e+03  1.32186e+00
  4.99480e+03  1.33650e+00
  4.99510e+03  1.35303e+00
  4.99541e+03  1.37163e+00
  4.99571e+03  1.39243e+00
  4.99601e+03  1.41559e+00
  4.99631e+03  1.44126e+00
  4.99661e+03  1.46959e+00
  4.99691e+03  1.50072e+00
  4.99721e+03  1.53473e+00
  4.99751e+03  1.57173e+00
  4.99781e+03  1.61179e+00
  4.99811e+03  1.65498e+00
  4.99841e+03  1.70132e+00
  4.99871e+03  1.75076e+00
  4.99901e+03  1.80324e+00
  4.99931e+03  1.85868e+00
  4.99961e+03  1.91697e+00
  4.99991e+03  1.97794e+00
  5.00021e+03  2.04130e+00
  5.00051e+03  2.10678e+00
  5.00081e+03  2.17408e+00
  5.00111e+03  2.24287e+00
  5.00141e+03  2.31275e+00
  5.00171e+03  2.38319e+00
  5.00201e+03  2.45372e+00
  5.00231e+03  2.52384e+00
  5.00261e+03  2.59304e+00
  5.00292e+03  2.66076e+00
  5.00322e+03  2.72636e+00
  5.00352e+03  2.78927e+00
  5.00382e+03  2.84894e+00
  5.00412e+03  2.90482e+00
  5.00442e+03  2.95637e+00
  5.00472e+03  3.00304e+00
  5.00502e+03  3.04435e+00
  5.00532e+03  3.07991e+00
  5.00562e+03  3.10934e+00
  5.00592e+03  3.13232e+00
  5.00622e+03  3.14860e+00
  5.00652e+03  3.15799e+00
  5.00682e+03  3.16040e+00
  5.00712e+03  3.15580e+00
  5.00742e+03  3.14422e+00
  5.00772e+03  3.12579e+00
  5.00802e+03  3.10071e+00
  5.00832e+03  3.06925e+00
  5.00862e+03  3.03169e+00
  5.00892e+03  2.98844e+00
  5.00922e+03  2.93995e+00
  5.00952e+03  2.88671e+00
  5.00982e+03  2.83543e+00
  5.01000e+03  2.79643e+00
  5.01012e+03  2.75918e+00
  5.01042e+03  2.70440e+00
  5.01073e+03  2.63802e+00
  5.01103e+03  2.56970e+00
  5.01133e+03  2.49997e+00
  5.01163e+03  2.42937e+00
  5.01193e+03  2.35844e+00
  5.01223e+03  2.28775e+00
  5.01253e+03  2.21778e+00
  5.01283e+03  2.14893e+00
  5.01313e+03  2.08159e+00
  5.01343e+03  2.01612e+00
  5.01373e+03  1.95287e+00
  5.01403e+03  1.89212e+00
  5.01433e+03  1.83405e+00
  5.01463e+03  1.77881e+00
  5.01493e+03  1.72654e+00
  5.01523e+03  1.67737e+00
  5.01553e+03  1.63133e+00
  5.01583e+03  1.58843e+00
  5.01613e+03  1.54861e+00
  5.01643e+03  1.51183e+00
  5.01673e+03  1.47805e+00
  5.01703e+03  1.44716e+00
  5.01733e+03  1.41903e+00
  5.01763e+03  1.39351e+00
  5.01793e+03  1.37047e+00
  5.01823e+03  1.34977e+00
  5.01854e+03  1.33126e+00
  5.01884e+03  1.31478e+00
  5.01914e+03  1.30015e+00
  5.01944e+03  1.28722e+00
  5.01974e+03  1.27586e+00
  5.02004e+03  1.26592e+00
  5.02034e+03  1.25725e+00
  5.02064e+03  1.24973e+00
  5.02094e+03  1.24322e+00
  5.02124e+03  1.23763e+00
  5.02154e+03  1.23284e+00
  5.02184e+03  1.22876e+00
  5.02214e+03  1.22529e+00
  5.02244e+03  1.22236e+00
  5.02274e+03  1.21991e+00
  5.02304e+03  1.21785e+00
  5.02334e+03  1.21615e+00
  5.02364e+03  1.21474e+00
  5.02394e+03  1.21358e+00
  5.02424e+03  1.21264e+00
  5.02454e+03  1.21188e+00
  5.02484e+03  1.21127e+00
  5.02514e+03  1.21079e+00
  5.02544e+03  1.21042e+00
  5.02574e+03  1.21014e+00
  5.02604e+03  1.20992e+00
  5.02635e+03  1.20977e+00
  5.02665e+03  1.20967e+00
  5.02695e+03  1.20960e+00
  5.02725e+03  1.20957e+00
  5.02755e+03  1.20957e+00
  5.02785e+03  1.20959e+00
  5.02815e+03  1.20962e+00
  5.02845e+03  1.20967e+00
  5.02875e+03  1.20973e+00
  5.02905e+03  1.20979e+00
  5.02935e+03  1.20987e+00
  5.02965e+03  1.20995e+00
  5.02995e+03  1.20998e+00
  5.03000e+03  1.21002e+00
  5.03025e+03  1.20982e+00
  5.03055e+03  1.20956e+00
  5.03085e+03  1.20930e+00
  5.03115e+03  1.20904e+00
  5.03145e+03  1.20878e+00
  5.03175e+03  1.20852e+00
  5.03205e+03  1.20827e+00
  5.03235e+03  1.20801e+00
  5.03265e+03  1.20776e+00
  5.03295e+03  1.20750e+00
  5.03325e+03  1.20725e+00
  5.03355e+03  1.20699e+00
  5.03385e+03  1.20674e+00
  5.03416e+03  1.20648e+00
  5.03446e+03  1.20623e+00
  5.03476e+03  1.20597e+00
  5.03506e+03  1.20572e+00
  5.03536e+03  1.20546e+00
  5.03566e+03  1.20521e+00
  5.03596e+03  1.20496e+00
  5.03626e+03  1.20347e+00
  5.05000e+03  1.19542e+00
  5.07000e+03  1.19288e+00
  5.09000e+03  1.17810e+00
  5.11000e+03  1.16770e+00
  5.13000e+03  1.15262e+00
  5.15000e+03  1.13773e+00
  5.17000e+03  1.12332e+00
  5.19000e+03  1.11689e+00
  5.21000e+03  1.11172e+00
  5.23000e+03  1.10811e+00
  5.25000e+03  1.10209e+00
  5.27000e+03  1.08335e+00
  5.29000e+03  1.08722e+00
  5.31000e+03  1.08254e+00
  5.33000e+03  1.06500e+00
  5.35000e+03  1.06417e+00
  5.37000e+03  1.05651e+00
  5.39000e+03  1.04368e+00
  5.41000e+03  1.03103e+00
  5.43000e+03  1.02658e+00
  5.45000e+03  1.02340e+00
  5.47000e+03  1.01247e+00
  5.49000e+03  1.00443e+00
  5.51000e+03  9.95970e-01
  5.53000e+03  9.91429e-01
  5.55000e+03  9.85866e-01
  5.57000e+03  9.76288e-01
  5.59000e+03  9.66861e-01
  5.61000e+03  9.63159e-01
  5.63000e+03  9.54954e-01
  5.65000e+03  9.47544e-01
  5.67000e+03  9.37989e-01
  5.69000e+03  9.31385e-01
  5.71000e+03  9.17083e-01
  5.73000e+03  9.17136e-01
  5.75000e+03  9.07367e-01
  5.77000e+03  9.01890e-01
  5.79000e+03  8.93362e-01
  5.81000e+03  8.94727e-01
  5.83000e+03  8.93831e-01
  5.85000e+03  8.84506e-01
  5.87000e+03  8.70430e-01
  5.89000e+03  8.61474e-01
  5.91000e+03  8.63636e-01
  5.93000e+03  8.59436e-01
  5.95000e+03  8.53219e-01
  5.97000e+03  8.49581e-01
  5.99000e+03  8.40922e-01
  6.01000e+03  8.33706e-01
  6.03000e+03  8.31157e-01
  6.05000e+03  8.28068e-01
  6.07000e+03  8.21656e-01
  6.09000e+03  8.11579e-01
  6.11000e+03  8.04610e-01
  6.13000e+03  7.93724e-01
  6.15000e+03  7.88806e-01
  6.17000e+03  7.81773e-01
  6.19000e+03  7.82050e-01
  6.21000e+03  7.76209e-01
  6.23000e+03  7.65914e-01
  6.25000e+03  7.56773e-01
  6.27000e+03  7.57765e-01
  6.29000e+03  7.55018e-01
  6.31000e+03  7.44814e-01
  6.33000e+03  7.41331e-01
  6.35000e+03  7.35610e-01
  6.37000e+03  7.30942e-01
  6.39000e+03  7.28547e-01
  6.41000e+03  7.22219e-01
  6.43000e+03  7.18755e-01
  6.45000e+03  7.14019e-01
  6.47000e+03  7.09020e-01
  6.49000e+03  7.01335e-01
  6.51000e+03  6.99028e-01
  6.52364e+03  6.94605e-01
  6.52404e+03  6.93649e-01
  6.52443e+03  6.93472e-01
  6.52482e+03  6.93296e-01
  6.52522e+03  6.93120e-01
  6.52561e+03  6.92944e-01
  6.52600e+03  6.92768e-01
  6.52640e+03  6.92592e-01
  6.52679e+03  6.92416e-01
  6.52719e+03  6.92241e-01
  6.52758e+03  6.92066e-01
  6.52797e+03  6.91891e-01
  6.52837e+03  6.91717e-01
  6.52876e+03  6.91543e-01
  6.52915e+03  6.91371e-01
  6.52955e+03  6.91200e-01
  6.52994e+03  6.91048e-01
  6.53000e+03  6.90906e-01
  6.53034e+03  6.90445e-01
  6.53073e+03  6.89835e-01
  6.53112e+03  6.89208e-01
  6.53152e+03  6.88586e-01
  6.53191e+03  6.87971e-01
  6.53230e+03  6.87364e-01
  6.53270e+03  6.86767e-01
  6.53309e+03  6.86184e-01
  6.53349e+03  6.85618e-01
  6.53388e+03  6.85073e-01
  6.53427e+03  6.84557e-01
  6.53467e+03  6.84076e-01
  6.53506e+03  6.83639e-01
  6.53546e+03  6.83257e-01
  6.53585e+03  6.82945e-01
  6.53624e+03  6.82719e-01
  6.53664e+03  6.82599e-01
  6.53703e+03  6.82612e-01
  6.53742e+03  6.82786e-01
  6.53782e+03  6.83159e-01
  6.53821e+03  6.83774e-01
  6.53860e+03  6.84683e-01
  6.53900e+03  6.85946e-01
  6.53939e+03  6.87637e-01
  6.53979e+03  6.89840e-01
  6.54018e+03  6.92655e-01
  6.54057e+03  6.96197e-01
  6.54097e+03  7.00600e-01
  6.54136e+03  7.06015e-01
  6.54176e+03  7.12617e-01
  6.54215e+03  7.20607e-01
  6.54254e+03  7.30212e-01
  6.54294e+03  7.41685e-01
  6.54333e+03  7.55308e-01
  6.54372e+03  7.71397e-01
  6.54412e+03  7.90300e-01
  6.54451e+03  8.12398e-01
  6.54491e+03  8.38108e-01
  6.54530e+03  8.67878e-01
  6.54569e+03  9.02192e-01
  6.54609e+03  9.41566e-01
  6.54648e+03  9.86541e-01
  6.54687e+03  1.03767e+00
  6.54727e+03  1.09556e+00
  6.54766e+03  1.16082e+00
  6.54806e+03  1.23407e+00
  6.54845e+03  1.31590e+00
  6.54884e+03  1.40693e+00
  6.54924e+03  1.50774e+00
  6.54963e+03  1.61699e+00
  6.55000e+03  1.70503e+00
  6.55002e+03  1.77054e+00
  6.55042e+03  1.87344e+00
  6.55081e+03  2.01773e+00
  6.55121e+03  2.17396e+00
  6.55160e+03  2.34232e+00
  6.55199e+03  2.52287e+00
  6.55239e+03  2.71555e+00
  6.55278e+03  2.92008e+00
  6.55317e+03  3.13617e+00
  6.55357e+03  3.36335e+00
  6.55396e+03  3.60086e+00
  6.55436e+03  3.84781e+00
  6.55475e+03  4.10314e+00
  6.55514e+03  4.36561e+00
  6.55554e+03  4.63379e+00
  6.55593e+03  4.90609e+00
  6.55633e+03  5.18076e+00
  6.55672e+03  5.45591e+00
  6.55711e+03  5.72953e+00
  6.55751e+03  5.99950e+00
  6.55790e+03  6.26354e+00
  6.55829e+03  6.51949e+00
  6.55869e+03  6.76518e+00
  6.55908e+03  6.99828e+00
  6.55948e+03  7.21659e+00
  6.55987e+03  7.41801e+00
  6.56026e+03  7.60052e+00
  6.56066e+03  7.76229e+00
  6.56105e+03  7.90164e+00
  6.56144e+03  8.01711e+00
  6.56184e+03  8.10748e+00
  6.56223e+03  8.17177e+00
  6.56263e+03  8.20929e+00
  6.56302e+03  8.21961e+00
  6.56341e+03  8.20263e+00
  6.56381e+03  8.15850e+00
  6.56420e+03  8.08768e+00
  6.56459e+03  7.99092e+00
  6.56499e+03  7.86922e+00
  6.56538e+03  7.72387e+00
  6.56578e+03  7.55633e+00
  6.56617e+03  7.36833e+00
  6.56656e+03  7.16173e+00
  6.56696e+03  6.93855e+00
  6.56735e+03  6.70091e+00
  6.56775e+03  6.45103e+00
  6.56814e+03  6.19123e+00
  6.56853e+03  5.92369e+00
  6.56893e+03  5.65057e+00
  6.56932e+03  5.37413e+00
  6.56971e+03  5.11539e+00
  6.57000e+03  4.92642e+00
  6.57011e+03  4.77069e+00
  6.57050e+03  4.54884e+00
  6.57090e+03  4.28172e+00
  6.57129e+03  4.02054e+00
  6.57168e+03  3.76670e+00
  6.57208e+03  3.52141e+00
  6.57247e+03  3.28572e+00
  6.57286e+03  3.06047e+00
  6.57326e+03  2.84641e+00
  6.57365e+03  2.64397e+00
  6.57405e+03  2.45342e+00
  6.57444e+03  2.27502e+00
  6.57483e+03  2.10881e+00
  6.57523e+03  1.95470e+00
  6.57562e+03  1.81249e+00
  6.57601e+03  1.68188e+00
  6.57641e+03  1.56249e+00
  6.57680e+03  1.45385e+00
  6.57720e+03  1.35546e+00
  6.57759e+03  1.26675e+00
  6.57798e+03  1.18715e+00
  6.57838e+03  1.11604e+00
  6.57877e+03  1.05281e+00
  6.57916e+03  9.96867e-01
  6.57956e+03  9.47591e-01
  6.57995e+03  9.04379e-01
  6.58035e+03  8.66683e-01
  6.58074e+03  8.33964e-01
  6.58113e+03  8.05712e-01
  6.58153e+03  7.81448e-01
  6.58192e+03  7.60730e-01
  6.58231e+03  7.43144e-01
  6.58271e+03  7.28316e-01
  6.58310e+03  7.15903e-01
  6.58350e+03  7.05594e-01
  6.58389e+03  6.97111e-01
  6.58428e+03  6.90206e-01
  6.58468e+03  6.84655e-01
  6.58507e+03  6.80263e-01
  6.58546e+03  6.76858e-01
  6.58586e+03  6.74291e-01
  6.58625e+03  6.72432e-01
  6.58665e+03  6.71167e-01
  6.58704e+03  6.70401e-01
  6.58743e+03  6.70049e-01
  6.58783e+03  6.70042e-01
  6.58822e+03  6.70319e-01
  6.58862e+03  6.70830e-01
  6.58901e+03  6.71534e-01
  6.58940e+03  6.72393e-01
  6.58980e+03  6.73242e-01
  6.59000e+03  6.73841e-01
  6.59019e+03  6.73784e-01
  6.59058e+03  6.73606e-01
  6.59098e+03  6.73472e-01
  6.59137e+03  6.73392e-01
  6.59177e+03  6.73354e-01
  6.59216e+03  6.73350e-01
  6.59255e+03  6.73372e-01
  6.59295e+03  6.73416e-01
  6.59334e+03  6.73475e-01
  6.59373e+03  6.73548e-01
  6.59413e+03  6.73631e-01
  6.59452e+03  6.73721e-01
  6.59492e+03  6.73817e-01
  6.59531e+03  6.73918e-01
  6.59570e+03  6.74022e-01
  6.59610e+03  6.74129e-01
  6.59649e+03  6.74238e-01
  6.59688e+03  6.74348e-01
  6.59728e+03  6.74459e-01
  6.59767e+03  6.74571e-01
  6.59807e+03  6.74684e-01
  6.59846e+03  6.74798e-01
  6.59885e+03  6.74911e-01
  6.59925e+03  6.75025e-01
  6.59964e+03  6.75139e-01
  6.60004e+03  6.75253e-01
  6.60043e+03  6.75368e-01
  6.60082e+03  6.75482e-01
  6.60122e+03  6.75596e-01
  6.60161e+03  6.75710e-01
  6.60200e+03  6.76765e-01
  6.61000e+03  6.78100e-01
  6.63000e+03  6.75309e-01
  6.65000e+03  6.71242e-01
  6.67000e+03  6.63919e-01
  6.69000e+03  6.60929e-01
  6.71000e+03  6.55768e-01
  6.73000e+03  6.54464e-01
  6.75000e+03  6.49212e-01
  6.77000e+03  6.45691e-01
  6.79000e+03  6.40664e-01
  6.81000e+03  6.37569e-01
  6.83000e+03  6.34661e-01
  6.85000e+03  6.28781e-01
  6.87000e+03  6.26739e-01
  6.89000e+03  6.24773e-01
  6.91000e+03  6.20993e-01
  6.93000e+03  6.16008e-01
  6.95000e+03  6.11569e-01
  6.97000e+03  6.09482e-01
  6.99000e+03  6.05058e-01
  7.01000e+03  5.99643e-01
  7.03000e+03  5.98541e-01
  7.05000e+03  5.95989e-01
  7.07000e+03  5.87910e-01
  7.09000e+03  5.82763e-01
  7.11000e+03  5.75857e-01
  7.13000e+03  5.70596e-01
  7.15000e+03  5.67739e-01
  7.17000e+03  5.65240e-01
  7.19000e+03  5.60458e-01
  7.21000e+03  5.59956e-01
  7.23000e+03  5.59198e-01
  7.25000e+03  5.57445e-01
  7.27000e+03  5.54187e-01
  7.29000e+03  5.48904e-01
  7.31000e+03  5.48695e-01
  7.33000e+03  5.46988e-01
  7.35000e+03  5.45114e-01
  7.37000e+03  5.44838e-01
  7.39000e+03  5.40034e-01
  7.41000e+03  5.36541e-01
  7.43000e+03  5.35622e-01
  7.45000e+03  5.33635e-01
  7.47000e+03  5.31711e-01
  7.49000e+03  5.29173e-01
  7.51000e+03  5.28217e-01
  7.53000e+03  5.27740e-01
  7.55000e+03  5.26256e-01
  7.57000e+03  5.22943e-01
  7.59000e+03  5.17912e-01
  7.61000e+03  5.14121e-01
  7.63000e+03  5.10005e-01
  7.65000e+03  5.05172e-01
  7.67000e+03  4.98642e-01
  7.69000e+03  4.97741e-01
  7.71000e+03  4.93714e-01
  7.73000e+03  4.91015e-01
  7.75000e+03  4.88204e-01
  7.77000e+03  4.86507e-01
  7.79000e+03  4.86061e-01
  7.81000e+03  4.83704e-01
  7.83000e+03  4.80152e-01
  7.85000e+03  4.76067e-01
  7.87000e+03  4.74032e-01
  7.89000e+03  4.68725e-01
  7.91000e+03  4.63862e-01
  7.93000e+03  4.61752e-01
  7.95000e+03  4.58761e-01
  7.97000e+03  4.60279e-01
  7.99000e+03  4.58577e-01
  8.01000e+03  4.57428e-01
  8.03000e+03  4.55757e-01
  8.05000e+03  4.53411e-01
  8.07000e+03  4.51442e-01
  8.09000e+03  4.47868e-01
  8.11000e+03  4.46554e-01
  8.13000e+03  4.47756e-01
  8.15000e+03  4.47516e-01
  8.17000e+03  4.46717e-01
  8.19000e+03  4.41005e-01
  8.21000e+03  4.29430e-01
  8.23000e+03  4.26748e-01
  8.25000e+03  4.25653e-01
  8.27000e+03  4.24697e-01
  8.29000e+03  4.21175e-01
  8.31000e+03  4.15154e-01
  8.33000e+03  4.12331e-01
  8.35000e+03  4.10524e-01
  8.37000e+03  4.08680e-01
  8.39000e+03  4.04845e-01
  8.41000e+03  4.05241e-01
  8.43000e+03  4.00533e-01
  8.45000e+03  3.96476e-01
  8.47000e+03  3.93897e-01
  8.49000e+03  3.95469e-01
  8.51000e+03  3.87187e-01
  8.53000e+03  3.92217e-01
  8.55000e+03  3.79846e-01
  8.57000e+03  3.94758e-01
  8.59000e+03  3.87117e-01
  8.61000e+03  3.86021e-01
  8.63000e+03  3.96372e-01
  8.65000e+03  3.89006e-01
  8.67000e+03  3.68519e-01
  8.69000e+03  3.86680e-01
  8.71000e+03  3.94884e-01
  8.73000e+03  3.87709e-01
  8.75000e+03  3.69748e-01
  8.77000e+03  3.82791e-01
  8.79000e+03  3.92476e-01
  8.81000e+03  3.91256e-01
  8.83000e+03  3.87292e-01
  8.85000e+03  3.73264e-01
  8.87000e+03  3.57699e-01
  8.89000e+03  3.74420e-01
  8.91000e+03  3.81364e-01
  8.93000e+03  3.79455e-01
  8.95000e+03  3.78158e-01
  8.97000e+03  3.75549e-01
  8.99000e+03  3.66701e-01
  9.01000e+03  3.46458e-01
  9.03000e+03  3.55352e-01
  9.05000e+03  3.70520e-01
  9.07000e+03  3.72924e-01
  9.09000e+03  3.70909e-01
  9.11000e+03  3.71801e-01
  9.13000e+03  3.72730e-01
  9.15000e+03  3.70692e-01
  9.17000e+03  3.68385e-01
  9.19000e+03  3.65093e-01
  9.21000e+03  3.50429e-01
  9.23000e+03  3.30163e-01
  9.25000e+03  3.42185e-01
  9.27000e+03  3.50560e-01
  9.29000e+03  3.51801e-01
  9.31000e+03  3.51822e-01
  9.33000e+03  3.51024e-01
  9.35000e+03  3.48719e-01
  9.37000e+03  3.46230e-01
  9.39000e+03  3.46218e-01
  9.41000e+03  3.43374e-01
  9.43000e+03  3.44563e-01
  9.45000e+03  3.42498e-01
  9.47000e+03  3.42780e-01
  9.49000e+03  3.40946e-01
  9.51000e+03  3.34706e-01
  9.53000e+03  3.24719e-01
  9.55000e+03  3.09540e-01
  9.57000e+03  3.23800e-01
  9.59000e+03  3.31939e-01
  9.61000e+03  3.31538e-01
  9.63000e+03  3.30705e-01
  9.65000e+03  3.28646e-01
  9.67000e+03  3.27445e-01
  9.69000e+03  3.27454e-01
  9.71000e+03  3.24513e-01
  9.73000e+03  3.21896e-01
  9.75000e+03  3.20126e-01
  9.77000e+03  3.19098e-01
  9.79000e+03  3.17352e-01
  9.81000e+03  3.18177e-01
  9.83000e+03  3.16458e-01
  9.85000e+03  3.15557e-01
  9.87000e+03  3.13787e-01
  9.89000e+03  3.12265e-01
  9.91000e+03  3.10923e-01
  9.93000e+03  3.10339e-01
  9.95000e+03  3.09488e-01
  9.97000e+03  3.08266e-01
  9.99000e+03  3.05232e-01
  1.00250e+04  2.97167e-01
  1.00750e+04  2.91997e-01
  1.01250e+04  2.97443e-01
  1.01750e+04  2.96688e-01
  1.02250e+04  2.95043e-01
  1.02750e+04  2.92975e-01
  1.03250e+04  2.89236e-01
  1.03750e+04  2.86232e-01
  1.04250e+04  2.83891e-01
  1.04750e+04  2.79842e-01
  1.05250e+04  2.75751e-01
  1.05750e+04  2.71063e-01
  1.06250e+04  2.67328e-01
  1.06750e+04  2.64329e-01
  1.07250e+04  2.63066e-01
  1.07750e+04  2.60254e-01
  1.08250e+04  2.56427e-01
  1.08750e+04  2.52140e-01
  1.09250e+04  2.42842e-01
  1.09750e+04  2.44250e-01
  1.10250e+04  2.45080e-01
  1.10750e+04  2.42412e-01
  1.11250e+04  2.40204e-01
  1.11750e+04  2.37811e-01
  1.12250e+04  2.35811e-01
  1.12750e+04  2.33010e-01
  1.13250e+04  2.30855e-01
  1.13750e+04  2.28747e-01
  1.14250e+04  2.26376e-01
  1.14750e+04  2.25350e-01
  1.15250e+04  2.23355e-01
  1.15750e+04  2.20600e-01
  1.16250e+04  2.17513e-01
  1.16750e+04  2.15774e-01
  1.17250e+04  2.14287e-01
  1.17750e+04  2.10938e-01
  1.18250e+04  2.08196e-01
  1.18750e+04  2.05335e-01
  1.19250e+04  2.04470e-01
  1.19750e+04  2.01292e-01
  1.20250e+04  2.00938e-01
  1.20750e+04  1.99248e-01
  1.21250e+04  1.97851e-01
  1.21750e+04  1.96542e-01
  1.22250e+04  1.94656e-01
  1.22750e+04  1.92721e-01
  1.23250e+04  1.90835e-01
  1.23750e+04  1.89190e-01
  1.24250e+04  1.86995e-01
  1.24750e+04  1.85153e-01
  1.25250e+04  1.83183e-01
  1.25750e+04  1.81497e-01
  1.26250e+04  1.79834e-01
  1.26750e+04  1.78090e-01
  1.27250e+04  1.76525e-01
  1.27750e+04  1.73329e-01
  1.28250e+04  1.66874e-01
  1.28750e+04  1.70187e-01
  1.29250e+04  1.69994e-01
  1.29750e+04  1.69382e-01
  1.30250e+04  1.67761e-01
  1.30750e+04  1.66508e-01
  1.31250e+04  1.64175e-01
  1.31750e+04  1.62502e-01
  1.32250e+04  1.61040e-01
  1.32750e+04  1.58839e-01
  1.33250e+04  1.57611e-01
  1.33750e+04  1.55878e-01
  1.34250e+04  1.54735e-01
  1.34750e+04  1.53136e-01
  1.35250e+04  1.51467e-01
  1.35750e+04  1.49368e-01
  1.36250e+04  1.48073e-01
  1.36750e+04  1.47429e-01
  1.37250e+04  1.46733e-01
  1.37750e+04  1.45791e-01
  1.38250e+04  1.44895e-01
  1.38750e+04  1.43133e-01
  1.39250e+04  1.40016e-01
  1.39750e+04  1.38433e-01
  1.40250e+04  1.37002e-01
  1.40750e+04  1.36443e-01
  1.41250e+04  1.35221e-01
  1.41750e+04  1.34726e-01
  1.42250e+04  1.33315e-01
  1.42750e+04  1.31989e-01
  1.43250e+04  1.32067e-01
  1.43750e+04  1.31508e-01
  1.44250e+04  1.29722e-01
  1.44750e+04  1.29802e-01
  1.45250e+04  1.28833e-01
  1.45700e+04  1.28285e-01
  1.46200e+04  1.26089e-01
  1.46750e+04  1.24916e-01
  1.47250e+04  1.23724e-01
  1.47750e+04  1.23372e-01
  1.48250e+04  1.22932e-01
  1.48750e+04  1.22218e-01
  1.49250e+04  1.22509e-01
  1.49750e+04  1.21586e-01
  1.50250e+04  1.20664e-01
  1.50750e+04  1.19917e-01
  1.51250e+04  1.20151e-01
  1.51750e+04  1.19933e-01
  1.52250e+04  1.19580e-01
  1.52750e+04  1.19174e-01
  1.53250e+04  1.18504e-01
  1.53750e+04  1.18050e-01
  1.54250e+04  1.16908e-01
  1.54750e+04  1.16705e-01
  1.55250e+04  1.15443e-01
  1.55750e+04  1.12594e-01
  1.56250e+04  1.12792e-01
  1.56750e+04  1.12304e-01
  1.57250e+04  1.12200e-01
  1.57750e+04  1.09334e-01
  1.58250e+04  1.08121e-01
  1.58750e+04  1.07001e-01
  1.59250e+04  1.08775e-01
  1.59750e+04  1.07996e-01
  1.60500e+04  1.08151e-01
  1.61500e+04  1.07475e-01
  1.62500e+04  1.06480e-01
  1.63500e+04  1.05899e-01
  1.64500e+04  1.03262e-01
  1.65500e+04  1.03728e-01
  1.66500e+04  1.02363e-01
  1.67500e+04  1.00477e-01
  1.68500e+04  9.85635e-02
  1.69500e+04  9.84935e-02
  1.70500e+04  9.69896e-02
  1.71500e+04  9.53854e-02
  1.72500e+04  9.29912e-02
  1.73500e+04  8.98590e-02
  1.74500e+04  8.88953e-02
  1.75500e+04  8.73675e-02
  1.76500e+04  8.53137e-02
  1.77500e+04  8.31199e-02
  1.78500e+04  8.12234e-02
  1.79500e+04  7.90418e-02
  1.80500e+04  7.68044e-02
  1.81500e+04  7.44292e-02
  1.82500e+04  7.36818e-02
  1.83500e+04  7.27915e-02
  1.84500e+04  7.13345e-02
  1.85500e+04  6.99968e-02
  1.86500e+04  6.80182e-02
  1.87500e+04  6.59823e-02
  1.88500e+04  6.59541e-02
  1.89500e+04  6.47498e-02
  1.90500e+04  6.45096e-02
  1.91500e+04  6.36428e-02
  1.92500e+04  6.27134e-02
  1.93500e+04  6.12758e-02
  1.94500e+04  5.94652e-02
  1.95500e+04  5.93759e-02
  1.96500e+04  5.85308e-02
  1.97500e+04  5.74008e-02
  1.98500e+04  5.65771e-02
  1.99500e+04  5.58609e-02
  2.00500e+04  5.52855e-02
  2.01500e+04  5.45440e-02
  2.02500e+04  5.35942e-02
  2.03500e+04  5.30097e-02
  2.04500e+04  5.26744e-02
  2.05500e+04  5.20230e-02
  2.06500e+04  5.13899e-02
  2.07500e+04  5.08565e-02
  2.08500e+04  5.02240e-02
  2.09500e+04  4.95928e-02
  2.10500e+04  4.92054e-02
  2.11500e+04  4.85224e-02
  2.12500e+04  4.79338e-02
  2.13500e+04  4.75333e-02
  2.14500e+04  4.69285e-02
  2.15500e+04  4.61296e-02
  2.16500e+04  4.49473e-02
  2.17500e+04  4.47207e-02
  2.18500e+04  4.43555e-02
  2.19500e+04  4.38031e-02
  2.20500e+04  4.30587e-02
  2.21500e+04  4.26299e-02
  2.22500e+04  4.18823e-02
  2.23500e+04  4.13016e-02
  2.24500e+04  4.07725e-02
  2.25500e+04  4.02060e-02
  2.26500e+04  3.95702e-02
  2.27500e+04  3.91250e-02
  2.28500e+04  3.78940e-02
  2.29500e+04  3.50562e-02
  2.30500e+04  3.53865e-02
  2.31500e+04  3.48321e-02
  2.32500e+04  3.25554e-02
  2.33500e+04  3.29058e-02
  2.34500e+04  3.19564e-02
  2.35500e+04  3.02549e-02
  2.36500e+04  3.07545e-02
  2.37500e+04  2.99451e-02
  2.38500e+04  2.85777e-02
  2.39500e+04  2.88955e-02
  2.40500e+04  2.83314e-02
  2.41500e+04  2.70731e-02
  2.42500e+04  2.71469e-02
  2.43500e+04  2.65834e-02
  2.44500e+04  2.56200e-02
  2.45500e+04  2.51847e-02
  2.46500e+04  2.49948e-02
  2.47500e+04  2.42454e-02
  2.48500e+04  2.32732e-02
  2.49500e+04  2.30243e-02
  2.50500e+04  2.29959e-02
  2.51500e+04  2.21396e-02
  2.52500e+04  2.20837e-02
  2.53500e+04  2.19582e-02
  2.54500e+04  2.16215e-02
  2.55500e+04  2.13293e-02
  2.56500e+04  2.11549e-02
  2.57500e+04  2.11282e-02
  2.58500e+04  2.06748e-02
  2.59500e+04  2.05721e-02
  2.60500e+04  2.04626e-02
  2.61500e+04  2.00147e-02
  2.62500e+04  1.96273e-02
  2.63500e+04  1.97475e-02
  2.64500e+04  1.96355e-02
  2.65500e+04  1.93581e-02
  2.66500e+04  1.90345e-02
  2.67500e+04  1.89656e-02
  2.68500e+04  1.88445e-02
  2.69500e+04  1.85280e-02
  2.70500e+04  1.84569e-02
  2.71500e+04  1.82833e-02
  2.72500e+04  1.81374e-02
  2.73500e+04  1.78013e-02
  2.74500e+04  1.76668e-02
  2.75500e+04  1.74291e-02
  2.76500e+04  1.72407e-02
  2.77500e+04  1.70418e-02
  2.78500e+04  1.69748e-02
  2.79500e+04  1.68602e-02
  2.80500e+04  1.66591e-02
  2.81500e+04  1.64290e-02
  2.82500e+04  1.63117e-02
  2.83500e+04  1.61861e-02
  2.84500e+04  1.60120e-02
  2.85500e+04  1.58095e-02
  2.86500e+04  1.55905e-02
  2.87500e+04  1.53310e-02
  2.88500e+04  1.52732e-02
  2.89500e+04  1.51545e-02
  2.90500e+04  1.50064e-02
  2.91500e+04  1.48480e-02
  2.92500e+04  1.46438e-02
  2.93500e+04  1.45479e-02
  2.94500e+04  1.43634e-02
  2.95500e+04  1.42175e-02
  2.96500e+04  1.40993e-02
  2.97500e+04  1.39440e-02
  2.98500e+04  1.37826e-02
  2.99500e+04  1.36459e-02
  3.00500e+04  1.35018e-02
  3.01500e+04  1.33860e-02
  3.02500e+04  1.32078e-02
  3.03500e+04  1.29760e-02
  3.04500e+04  1.29298e-02
  3.05500e+04  1.28552e-02
  3.06500e+04  1.27551e-02
  3.07500e+04  1.26550e-02
  3.08500e+04  1.25279e-02
  3.09500e+04  1.24352e-02
  3.10500e+04  1.23427e-02
  3.11500e+04  1.21934e-02
  3.12500e+04  1.21027e-02
  3.13500e+04  1.19932e-02
  3.14500e+04  1.18862e-02
  3.15500e+04  1.17771e-02
  3.16500e+04  1.16596e-02
  3.17500e+04  1.15640e-02
  3.18500e+04  1.14648e-02
  3.19500e+04  1.13702e-02
  3.21000e+04  1.12182e-02
  3.23000e+04  1.10241e-02
  3.25000e+04  1.08369e-02
  3.27000e+04  1.06125e-02
  3.29000e+04  1.03142e-02
  3.31000e+04  1.01660e-02
  3.33000e+04  1.00122e-02
  3.35000e+04  9.84315e-03
  3.37000e+04  9.65568e-03
  3.39000e+04  9.47476e-03
  3.41000e+04  9.29439e-03
  3.43000e+04  9.13089e-03
  3.45000e+04  8.96416e-03
  3.47000e+04  8.79391e-03
  3.49000e+04  8.63151e-03
  3.51000e+04  8.47396e-03
  3.53000e+04  8.30558e-03
  3.55000e+04  8.15316e-03
  3.57000e+04  7.99715e-03
  3.59000e+04  7.84805e-03
  3.61000e+04  7.71390e-03
  3.63000e+04  7.56634e-03
  3.65000e+04  7.41371e-03
  3.67000e+04  7.27267e-03
  3.69000e+04  7.11955e-03
  3.71000e+04  6.98310e-03
  3.73000e+04  6.84213e-03
  3.75000e+04  6.68873e-03
  3.77000e+04  6.60163e-03
  3.79000e+04  6.48248e-03
  3.81000e+04  6.36857e-03
  3.83000e+04  6.25697e-03
  3.85000e+04  6.14639e-03
  3.87000e+04  6.02324e-03
  3.89000e+04  5.91068e-03
  3.91000e+04  5.79663e-03
  3.93000e+04  5.70081e-03
  3.95000e+04  5.58578e-03
  3.97000e+04  5.48584e-03
  3.99000e+04  5.37384e-03
  4.01000e+04  5.28141e-03
  4.03000e+04  5.18511e-03
  4.05000e+04  5.06862e-03
  4.07000e+04  5.00570e-03
  4.09000e+04  4.92569e-03
  4.11000e+04  4.84471e-03
  4.13000e+04  4.75984e-03
  4.15000e+04  4.66770e-03
  4.17000e+04  4.57322e-03
  4.19000e+04  4.50939e-03
  4.21000e+04  4.43183e-03
  4.23000e+04  4.36369e-03
  4.25000e+04  4.28552e-03
  4.27000e+04  4.20523e-03
  4.29000e+04  4.04932e-03
  4.31000e+04  3.90824e-03
  4.33000e+04  3.85922e-03
  4.35000e+04  3.73196e-03
  4.37000e+04  3.63210e-03
  4.39000e+04  3.55874e-03
  4.41000e+04  3.45050e-03
  4.43000e+04  3.39643e-03
  4.45000e+04  3.32685e-03
  4.47000e+04  3.23042e-03
  4.49000e+04  3.19850e-03
  4.51000e+04  3.13123e-03
  4.53000e+04  3.06206e-03
  4.55000e+04  3.03497e-03
  4.57000e+04  2.99031e-03
  4.59000e+04  2.91850e-03
  4.61000e+04  2.89709e-03
  4.63000e+04  2.84466e-03
  4.65000e+04  2.78801e-03
  4.67000e+04  2.76352e-03
  4.69000e+04  2.73025e-03
  4.71000e+04  2.68932e-03
  4.73000e+04  2.66913e-03
  4.75000e+04  2.62515e-03
  4.77000e+04  2.59018e-03
  4.79000e+04  2.55357e-03
  4.81000e+04  2.51102e-03
  4.83000e+04  2.49338e-03
  4.85000e+04  2.45421e-03
  4.87000e+04  2.41282e-03
  4.89000e+04  2.38098e-03
  4.91000e+04  2.34790e-03
  4.93000e+04  2.31593e-03
  4.95000e+04  2.28147e-03
  4.97000e+04  2.25841e-03
  4.99000e+04  2.22369e-03
  5.01000e+04  2.19819e-03
  5.03000e+04  2.16856e-03
  5.05000e+04  2.13223e-03
  5.07000e+04  2.10799e-03
  5.09000e+04  2.08002e-03
  5.11000e+04  2.04653e-03
  5.13000e+04  2.01462e-03
  5.15000e+04  1.99558e-03
  5.17000e+04  1.98143e-03
  5.19000e+04  1.95343e-03
  5.21000e+04  1.92719e-03
  5.23000e+04  1.90067e-03
  5.25000e+04  1.88148e-03
  5.27000e+04  1.86517e-03
  5.29000e+04  1.83120e-03
  5.31000e+04  1.80501e-03
  5.33000e+04  1.78721e-03
  5.35000e+04  1.76540e-03
  5.37000e+04  1.74397e-03
  5.39000e+04  1.72354e-03
  5.41000e+04  1.70230e-03
  5.43000e+04  1.67824e-03
  5.45000e+04  1.66291e-03
  5.47000e+04  1.63953e-03
  5.49000e+04  1.62196e-03
  5.51000e+04  1.60179e-03
  5.53000e+04  1.59293e-03
  5.55000e+04  1.56572e-03
  5.57000e+04  1.55212e-03
  5.59000e+04  1.53181e-03
  5.61000e+04  1.51700e-03
  5.63000e+04  1.49487e-03
  5.65000e+04  1.48170e-03
  5.67000e+04  1.46372e-03
  5.69000e+04  1.44262e-03
  5.71000e+04  1.43114e-03
  5.73000e+04  1.41558e-03
  5.75000e+04  1.39848e-03
  5.77000e+04  1.38215e-03
  5.79000e+04  1.36905e-03
  5.81000e+04  1.35190e-03
  5.83000e+04  1.33592e-03
  5.85000e+04  1.31508e-03
  5.87000e+04  1.29634e-03
  5.89000e+04  1.28024e-03
  5.91000e+04  1.26150e-03
  5.93000e+04  1.25355e-03
  5.95000e+04  1.23994e-03
  5.97000e+04  1.22846e-03
  5.99000e+04  1.21507e-03
  6.01000e+04  1.20149e-03
  6.03000e+04  1.18753e-03
  6.05000e+04  1.17253e-03
  6.07000e+04  1.15964e-03
  6.09000e+04  1.14630e-03
  6.11000e+04  1.13324e-03
  6.13000e+04  1.12208e-03
  6.15000e+04  1.11087e-03
  6.17000e+04  1.10013e-03
  6.19000e+04  1.08775e-03
  6.21000e+04  1.07658e-03
  6.23000e+04  1.06338e-03
  6.25000e+04  1.05045e-03
  6.27000e+04  1.03916e-03
  6.29000e+04  1.02832e-03
  6.31000e+04  1.01733e-03
  6.33000e+04  1.00782e-03
  6.35000e+04  9.96706e-04
  6.37000e+04  9.87328e-04
  6.39000e+04  9.75164e-04
  6.42000e+04  9.59782e-04
  6.46000e+04  9.39603e-04
  6.50000e+04  9.20073e-04
  6.54000e+04  9.00791e-04
  6.58000e+04  8.82593e-04
  6.62000e+04  8.64147e-04
  6.66000e+04  8.46505e-04
  6.70000e+04  8.29368e-04
  6.74000e+04  8.12171e-04
  6.78000e+04  7.95726e-04
  6.82000e+04  7.79713e-04
  6.86000e+04  7.64413e-04
  6.90000e+04  7.48937e-04
  6.94000e+04  7.34131e-04
  6.98000e+04  7.19719e-04
  7.02000e+04  7.05495e-04
  7.06000e+04  6.91948e-04
  7.10000e+04  6.78497e-04
  7.14000e+04  6.65523e-04
  7.18000e+04  6.52631e-04
  7.22000e+04  6.40264e-04
  7.26000e+04  6.28038e-04
  7.30000e+04  6.16190e-04
  7.34000e+04  6.04600e-04
  7.38000e+04  5.92918e-04
  7.42000e+04  5.78751e-04
  7.46000e+04  5.65749e-04
  7.50000e+04  5.55397e-04
  7.54000e+04  5.46957e-04
  7.58000e+04  5.37599e-04
  7.62000e+04  5.27971e-04
  7.66000e+04  5.18432e-04
  7.70000e+04  5.09114e-04
  7.74000e+04  5.00056e-04
  7.78000e+04  4.91228e-04
  7.82000e+04  4.82579e-04
  7.86000e+04  4.74154e-04
  7.90000e+04  4.65861e-04
  7.94000e+04  4.57804e-04
  7.98000e+04  4.49940e-04
  8.02000e+04  4.42102e-04
  8.06000e+04  4.34503e-04
  8.10000e+04  4.27148e-04
  8.14000e+04  4.19914e-04
  8.18000e+04  4.12948e-04
  8.22000e+04  4.06018e-04
  8.26000e+04  3.99291e-04
  8.30000e+04  3.92653e-04
  8.34000e+04  3.86150e-04
  8.38000e+04  3.79830e-04
  8.42000e+04  3.73729e-04
  8.46000e+04  3.67677e-04
  8.50000e+04  3.61771e-04
  8.54000e+04  3.55966e-04
  8.58000e+04  3.50341e-04
  8.62000e+04  3.44804e-04
  8.66000e+04  3.39393e-04
  8.70000e+04  3.34093e-04
  8.74000e+04  3.28879e-04
  8.78000e+04  3.23784e-04
  8.82000e+04  3.18753e-04
  8.86000e+04  3.13889e-04
  8.90000e+04  3.09135e-04
  8.94000e+04  3.04451e-04
  8.98000e+04  2.99816e-04
  9.02000e+04  2.95381e-04
  9.06000e+04  2.91030e-04
  9.10000e+04  2.86385e-04
  9.14000e+04  2.81068e-04
  9.18000e+04  2.76841e-04
  9.22000e+04  2.72836e-04
  9.26000e+04  2.68836e-04
  9.30000e+04  2.64969e-04
  9.34000e+04  2.61159e-04
  9.38000e+04  2.57460e-04
  9.42000e+04  2.53802e-04
  9.46000e+04  2.50196e-04
  9.50000e+04  2.46711e-04
  9.54000e+04  2.43285e-04
  9.58000e+04  2.39958e-04
  9.62000e+04  2.36662e-04
  9.66000e+04  2.33410e-04
  9.70000e+04  2.30233e-04
  9.74000e+04  2.27040e-04
  9.78000e+04  2.24019e-04
  9.82000e+04  2.21086e-04
  9.86000e+04  2.18149e-04
  9.90000e+04  2.15267e-04
  9.94000e+04  2.12376e-04
  9.98000e+04  2.09621e-04
  1.00200e+05  1.81066e-04
  2.00000e+05  2.71947e-05
  4.00000e+05  5.30800e-06
  6.00000e+05  2.28133e-06
  8.00000e+05  1.30991e-06
  1.00000e+06  8.60329e-07
  1.20000e+06  6.16678e-07
  1.40000e+06  4.64722e-07
  1.60000e+06  3.61221e-07
