  9.10000e+01  0.00000e+00
  9.40000e+01  0.00000e+00
  9.60000e+01  0.00000e+00
  9.80000e+01  0.00000e+00
  1.00000e+02  0.00000e+00
  1.02000e+02  0.00000e+00
  1.04000e+02  0.00000e+00
  1.06000e+02  0.00000e+00
  1.08000e+02  0.00000e+00
  1.10000e+02  0.00000e+00
  1.14000e+02  0.00000e+00
  1.18000e+02  0.00000e+00
  1.21000e+02  0.00000e+00
  1.25000e+02  0.00000e+00
  1.27000e+02  0.00000e+00
  1.28000e+02  0.00000e+00
  1.31000e+02  0.00000e+00
  1.32000e+02  0.00000e+00
  1.34000e+02  0.00000e+00
  1.37000e+02  0.00000e+00
  1.40000e+02  0.00000e+00
  1.43000e+02  0.00000e+00
  1.47000e+02  0.00000e+00
  1.51000e+02  0.00000e+00
  1.55000e+02  0.00000e+00
  1.59000e+02  0.00000e+00
  1.62000e+02  0.00000e+00
  1.66000e+02  0.00000e+00
  1.70000e+02  0.00000e+00
  1.73000e+02  0.00000e+00
  1.77000e+02  0.00000e+00
  1.80000e+02  0.00000e+00
  1.82000e+02  0.00000e+00
  1.86000e+02  0.00000e+00
  1.91000e+02  0.00000e+00
  1.94000e+02  0.00000e+00
  1.98000e+02  0.00000e+00
  2.02000e+02  0.00000e+00
  2.05000e+02  0.00000e+00
  2.10000e+02  0.00000e+00
  2.16000e+02  0.00000e+00
  2.20000e+02  0.00000e+00
  2.23000e+02  0.00000e+00
  2.27000e+02  0.00000e+00
  2.30000e+02  0.00000e+00
  2.34000e+02  0.00000e+00
  2.40000e+02  0.00000e+00
  2.46000e+02  0.00000e+00
  2.52000e+02  0.00000e+00
  2.57000e+02  0.00000e+00
  2.60000e+02  0.00000e+00
  2.64000e+02  0.00000e+00
  2.69000e+02  0.00000e+00
  2.74000e+02  0.00000e+00
  2.79000e+02  0.00000e+00
  2.84000e+02  0.00000e+00
  2.90000e+02  0.00000e+00
  2.96000e+02  0.00000e+00
  3.01000e+02  0.00000e+00
  3.08000e+02  0.00000e+00
  3.18000e+02  0.00000e+00
  3.28000e+02  0.00000e+00
  3.38000e+02  0.00000e+00
  3.48000e+02  0.00000e+00
  3.57000e+02  0.00000e+00
  3.66000e+02  0.00000e+00
  3.75000e+02  0.00000e+00
  3.85000e+02  0.00000e+00
  3.95000e+02  0.00000e+00
  4.05000e+02  0.00000e+00
  4.14000e+02  0.00000e+00
  4.22000e+02  0.00000e+00
  4.30000e+02  0.00000e+00
  4.41000e+02  0.00000e+00
  4.51000e+02  0.00000e+00
  4.60000e+02  0.00000e+00
  4.70000e+02  0.00000e+00
  4.80000e+02  0.00000e+00
  4.90000e+02  0.00000e+00
  5.00000e+02  0.00000e+00
  5.06000e+02  0.00000e+00
  5.12000e+02  0.00000e+00
  5.20000e+02  0.00000e+00
  5.30000e+02  0.00000e+00
  5.40000e+02  0.00000e+00
  5.50000e+02  0.00000e+00
  5.60000e+02  0.00000e+00
  5.70000e+02  0.00000e+00
  5.80000e+02  0.00000e+00
  5.90000e+02  0.00000e+00
  6.00000e+02  0.00000e+00
  6.10000e+02  0.00000e+00
  6.20000e+02  0.00000e+00
  6.30000e+02  0.00000e+00
  6.40000e+02  0.00000e+00
  6.50000e+02  0.00000e+00
  6.58000e+02  0.00000e+00
  6.65000e+02  0.00000e+00
  6.75000e+02  0.00000e+00
  6.85000e+02  0.00000e+00
  6.95000e+02  0.00000e+00
  7.05000e+02  0.00000e+00
  7.16000e+02  0.00000e+00
  7.26000e+02  0.00000e+00
  7.35000e+02  0.00000e+00
  7.45000e+02  0.00000e+00
  7.55000e+02  0.00000e+00
  7.65000e+02  0.00000e+00
  7.75000e+02  0.00000e+00
  7.85000e+02  0.00000e+00
  7.95000e+02  0.00000e+00
  8.05000e+02  0.00000e+00
  8.15000e+02  0.00000e+00
  8.25000e+02  0.00000e+00
  8.35000e+02  0.00000e+00
  8.45000e+02  0.00000e+00
  8.55000e+02  0.00000e+00
  8.65000e+02  0.00000e+00
  8.75000e+02  0.00000e+00
  8.85000e+02  0.00000e+00
  8.95000e+02  0.00000e+00
  9.05000e+02  0.00000e+00
  9.15000e+02  1.65174e+26
  9.25000e+02  4.59668e+26
  9.35000e+02  9.06246e+26
  9.45000e+02  1.94961e+27
  9.55000e+02  3.44190e+27
  9.65000e+02  4.53826e+27
  9.75000e+02  1.12262e+27
  9.85000e+02  6.23624e+27
  9.95000e+02  6.80336e+27
  1.00500e+03  8.88158e+27
  1.01500e+03  7.96520e+27
  1.02500e+03  2.48426e+27
  1.03500e+03  6.65410e+27
  1.04500e+03  1.35045e+28
  1.05500e+03  1.44341e+28
  1.06500e+03  1.31673e+28
  1.07500e+03  1.60081e+28
  1.08500e+03  1.45860e+28
  1.09500e+03  1.85239e+28
  1.10500e+03  1.85978e+28
  1.11500e+03  1.93766e+28
  1.12500e+03  1.90161e+28
  1.13500e+03  2.33911e+28
  1.14500e+03  2.31218e+28
  1.15500e+03  2.54774e+28
  1.16500e+03  2.79234e+28
  1.17500e+03  2.37594e+28
  1.18500e+03  3.08251e+28
  1.19500e+03  2.50053e+28
  1.20500e+03  1.90153e+28
  1.20872e+03  3.53769e+28
  1.20880e+03  3.65352e+28
  1.20887e+03  3.69700e+28
  1.20894e+03  3.74189e+28
  1.20902e+03  3.78829e+28
  1.20909e+03  3.83648e+28
  1.20916e+03  3.88660e+28
  1.20923e+03  3.93883e+28
  1.20931e+03  3.99333e+28
  1.20938e+03  4.05047e+28
  1.20945e+03  4.11044e+28
  1.20953e+03  4.17344e+28
  1.20960e+03  4.23991e+28
  1.20967e+03  4.31009e+28
  1.20975e+03  4.38426e+28
  1.20982e+03  4.46292e+28
  1.20989e+03  4.54639e+28
  1.20996e+03  4.63502e+28
  1.21004e+03  4.72939e+28
  1.21011e+03  4.82993e+28
  1.21018e+03  4.93707e+28
  1.21026e+03  5.05129e+28
  1.21033e+03  5.17331e+28
  1.21040e+03  5.30362e+28
  1.21047e+03  5.44273e+28
  1.21055e+03  5.59147e+28
  1.21062e+03  5.75041e+28
  1.21069e+03  5.92011e+28
  1.21077e+03  6.10153e+28
  1.21084e+03  6.29526e+28
  1.21091e+03  6.50196e+28
  1.21099e+03  6.72266e+28
  1.21106e+03  6.95809e+28
  1.21113e+03  7.20891e+28
  1.21120e+03  7.47587e+28
  1.21128e+03  7.76010e+28
  1.21135e+03  8.06227e+28
  1.21142e+03  8.38305e+28
  1.21150e+03  8.72362e+28
  1.21157e+03  9.08461e+28
  1.21164e+03  9.46665e+28
  1.21172e+03  9.87092e+28
  1.21179e+03  1.02980e+29
  1.21186e+03  1.07483e+29
  1.21193e+03  1.12231e+29
  1.21201e+03  1.17229e+29
  1.21208e+03  1.22480e+29
  1.21215e+03  1.27988e+29
  1.21223e+03  1.33764e+29
  1.21230e+03  1.39808e+29
  1.21237e+03  1.46121e+29
  1.21244e+03  1.52711e+29
  1.21252e+03  1.59576e+29
  1.21259e+03  1.66714e+29
  1.21266e+03  1.74130e+29
  1.21274e+03  1.81820e+29
  1.21281e+03  1.89776e+29
  1.21288e+03  1.98001e+29
  1.21296e+03  2.06491e+29
  1.21303e+03  2.15229e+29
  1.21310e+03  2.24209e+29
  1.21317e+03  2.33427e+29
  1.21325e+03  2.42869e+29
  1.21332e+03  2.52517e+29
  1.21339e+03  2.62366e+29
  1.21347e+03  2.72395e+29
  1.21354e+03  2.82583e+29
  1.21361e+03  2.92920e+29
  1.21369e+03  3.03386e+29
  1.21376e+03  3.13951e+29
  1.21383e+03  3.24592e+29
  1.21390e+03  3.35293e+29
  1.21398e+03  3.46026e+29
  1.21405e+03  3.56758e+29
  1.21412e+03  3.67473e+29
  1.21420e+03  3.78137e+29
  1.21427e+03  3.88716e+29
  1.21434e+03  3.99191e+29
  1.21441e+03  4.09526e+29
  1.21449e+03  4.19687e+29
  1.21456e+03  4.29653e+29
  1.21463e+03  4.39391e+29
  1.21471e+03  4.48863e+29
  1.21478e+03  4.58039e+29
  1.21485e+03  4.66897e+29
  1.21493e+03  4.75444e+29
  1.21500e+03  4.83613e+29
  1.21507e+03  4.90685e+29
  1.21514e+03  4.97325e+29
  1.21522e+03  5.03539e+29
  1.21529e+03  5.09272e+29
  1.21536e+03  5.14500e+29
  1.21544e+03  5.19201e+29
  1.21551e+03  5.23358e+29
  1.21558e+03  5.26956e+29
  1.21566e+03  5.29976e+29
  1.21573e+03  5.32405e+29
  1.21580e+03  5.34237e+29
  1.21587e+03  5.35460e+29
  1.21595e+03  5.36070e+29
  1.21602e+03  5.36063e+29
  1.21609e+03  5.35438e+29
  1.21617e+03  5.34197e+29
  1.21624e+03  5.32342e+29
  1.21631e+03  5.29880e+29
  1.21638e+03  5.26820e+29
  1.21646e+03  5.23172e+29
  1.21653e+03  5.18946e+29
  1.21660e+03  5.14162e+29
  1.21668e+03  5.08836e+29
  1.21675e+03  5.02985e+29
  1.21682e+03  4.96630e+29
  1.21690e+03  4.89797e+29
  1.21697e+03  4.82504e+29
  1.21704e+03  4.74779e+29
  1.21711e+03  4.66653e+29
  1.21719e+03  4.58146e+29
  1.21726e+03  4.49290e+29
  1.21733e+03  4.40119e+29
  1.21741e+03  4.30654e+29
  1.21748e+03  4.20926e+29
  1.21755e+03  4.10973e+29
  1.21763e+03  4.00827e+29
  1.21770e+03  3.90509e+29
  1.21777e+03  3.80054e+29
  1.21784e+03  3.69497e+29
  1.21792e+03  3.58858e+29
  1.21799e+03  3.48171e+29
  1.21806e+03  3.37468e+29
  1.21814e+03  3.26767e+29
  1.21821e+03  3.16100e+29
  1.21828e+03  3.05495e+29
  1.21835e+03  2.94968e+29
  1.21843e+03  2.84542e+29
  1.21850e+03  2.74246e+29
  1.21857e+03  2.64101e+29
  1.21865e+03  2.54117e+29
  1.21872e+03  2.44314e+29
  1.21879e+03  2.34713e+29
  1.21887e+03  2.25320e+29
  1.21894e+03  2.16151e+29
  1.21901e+03  2.07221e+29
  1.21908e+03  1.98533e+29
  1.21916e+03  1.90096e+29
  1.21923e+03  1.81922e+29
  1.21930e+03  1.74019e+29
  1.21938e+03  1.66382e+29
  1.21945e+03  1.59019e+29
  1.21952e+03  1.51934e+29
  1.21960e+03  1.45122e+29
  1.21967e+03  1.38585e+29
  1.21974e+03  1.32325e+29
  1.21981e+03  1.26333e+29
  1.21989e+03  1.20610e+29
  1.21996e+03  1.15154e+29
  1.22003e+03  1.09954e+29
  1.22011e+03  1.05007e+29
  1.22018e+03  1.00310e+29
  1.22025e+03  9.58566e+28
  1.22032e+03  9.16356e+28
  1.22040e+03  8.76417e+28
  1.22047e+03  8.38695e+28
  1.22054e+03  8.03070e+28
  1.22062e+03  7.69482e+28
  1.22069e+03  7.37865e+28
  1.22076e+03  7.08102e+28
  1.22084e+03  6.80127e+28
  1.22091e+03  6.53871e+28
  1.22098e+03  6.29223e+28
  1.22105e+03  6.06107e+28
  1.22113e+03  5.84458e+28
  1.22120e+03  5.64201e+28
  1.22127e+03  5.45235e+28
  1.22135e+03  5.27495e+28
  1.22142e+03  5.10920e+28
  1.22149e+03  4.95416e+28
  1.22157e+03  4.80926e+28
  1.22164e+03  4.67393e+28
  1.22171e+03  4.54736e+28
  1.22178e+03  4.42902e+28
  1.22186e+03  4.31844e+28
  1.22193e+03  4.21489e+28
  1.22200e+03  4.11790e+28
  1.22208e+03  4.02704e+28
  1.22215e+03  3.94189e+28
  1.22222e+03  3.86186e+28
  1.22229e+03  3.78660e+28
  1.22237e+03  3.71580e+28
  1.22244e+03  3.64897e+28
  1.22251e+03  3.58582e+28
  1.22259e+03  3.52611e+28
  1.22266e+03  3.46941e+28
  1.22273e+03  3.41552e+28
  1.22281e+03  3.36423e+28
  1.22288e+03  3.31521e+28
  1.22295e+03  3.26828e+28
  1.22302e+03  3.22327e+28
  1.22310e+03  3.18003e+28
  1.22317e+03  3.13829e+28
  1.22324e+03  3.09930e+28
  1.22500e+03  2.40088e+28
  1.23500e+03  3.82716e+28
  1.24500e+03  4.32027e+28
  1.25500e+03  4.39035e+28
  1.26500e+03  4.11547e+28
  1.27500e+03  4.96331e+28
  1.28500e+03  5.25107e+28
  1.29500e+03  4.70321e+28
  1.30500e+03  4.85572e+28
  1.31500e+03  5.71103e+28
  1.32500e+03  5.65201e+28
  1.33500e+03  5.44460e+28
  1.34500e+03  6.10974e+28
  1.35500e+03  6.15237e+28
  1.36500e+03  5.93676e+28
  1.37500e+03  6.16022e+28
  1.38500e+03  6.38642e+28
  1.39500e+03  5.93103e+28
  1.40500e+03  6.24218e+28
  1.41500e+03  6.54721e+28
  1.42500e+03  6.71849e+28
  1.43500e+03  6.89609e+28
  1.44200e+03  7.15179e+28
  1.44700e+03  7.21585e+28
  1.45500e+03  7.18872e+28
  1.46500e+03  7.02524e+28
  1.47500e+03  7.15846e+28
  1.48500e+03  7.25081e+28
  1.49500e+03  7.38866e+28
  1.50500e+03  7.25032e+28
  1.51200e+03  6.86137e+28
  1.51700e+03  7.17956e+28
  1.52500e+03  7.19711e+28
  1.53500e+03  6.73656e+28
  1.54500e+03  7.07428e+28
  1.55500e+03  6.91305e+28
  1.56500e+03  7.14520e+28
  1.57500e+03  7.54513e+28
  1.58500e+03  7.78010e+28
  1.59500e+03  8.00558e+28
  1.60500e+03  7.92773e+28
  1.61500e+03  8.03267e+28
  1.62500e+03  7.91756e+28
  1.63500e+03  8.27206e+28
  1.64500e+03  8.38210e+28
  1.65500e+03  8.10354e+28
  1.66500e+03  8.70158e+28
  1.67200e+03  8.29962e+28
  1.67700e+03  8.74772e+28
  1.68500e+03  8.96720e+28
  1.69500e+03  8.76791e+28
  1.70500e+03  8.62588e+28
  1.71500e+03  8.41501e+28
  1.72500e+03  8.44396e+28
  1.73500e+03  8.86099e+28
  1.74500e+03  8.75583e+28
  1.75500e+03  9.15599e+28
  1.76500e+03  8.70342e+28
  1.77500e+03  8.96946e+28
  1.78500e+03  9.14370e+28
  1.79500e+03  9.47784e+28
  1.80500e+03  9.60714e+28
  1.81500e+03  9.20025e+28
  1.82500e+03  9.45766e+28
  1.83500e+03  9.33112e+28
  1.84500e+03  8.90875e+28
  1.85500e+03  8.88613e+28
  1.86500e+03  9.11247e+28
  1.87500e+03  9.67061e+28
  1.88500e+03  9.13299e+28
  1.89500e+03  8.88667e+28
  1.90500e+03  9.61577e+28
  1.91500e+03  9.18917e+28
  1.92500e+03  9.12738e+28
  1.93500e+03  9.49823e+28
  1.94500e+03  9.79863e+28
  1.95500e+03  9.32661e+28
  1.96700e+03  9.98196e+28
  1.97600e+03  1.02908e+29
  1.98400e+03  9.92136e+28
  1.99500e+03  9.79143e+28
  2.00500e+03  1.01255e+29
  2.01500e+03  1.00530e+29
  2.02500e+03  1.04637e+29
  2.03500e+03  1.00934e+29
  2.04500e+03  1.03033e+29
  2.05500e+03  9.97297e+28
  2.06500e+03  1.02158e+29
  2.07400e+03  1.07212e+29
  2.07800e+03  1.02973e+29
  2.08500e+03  1.05953e+29
  2.09500e+03  1.02921e+29
  2.10500e+03  1.05652e+29
  2.11500e+03  1.06783e+29
  2.12500e+03  1.08848e+29
  2.13500e+03  1.06658e+29
  2.14500e+03  1.06749e+29
  2.15500e+03  1.09800e+29
  2.16500e+03  1.08673e+29
  2.17500e+03  1.08982e+29
  2.18500e+03  1.08465e+29
  2.19500e+03  1.11745e+29
  2.20500e+03  1.10474e+29
  2.21500e+03  1.09038e+29
  2.22500e+03  1.07430e+29
  2.23500e+03  1.11367e+29
  2.24500e+03  1.10409e+29
  2.25500e+03  1.08735e+29
  2.26500e+03  1.10866e+29
  2.27500e+03  1.12460e+29
  2.28500e+03  1.13956e+29
  2.29500e+03  1.10797e+29
  2.30500e+03  1.12025e+29
  2.31500e+03  1.10506e+29
  2.32500e+03  1.01673e+29
  2.33500e+03  1.08757e+29
  2.34500e+03  1.07373e+29
  2.35500e+03  1.10788e+29
  2.36500e+03  1.08076e+29
  2.37500e+03  1.09927e+29
  2.38500e+03  1.07287e+29
  2.39500e+03  1.11186e+29
  2.40500e+03  1.09524e+29
  2.41500e+03  1.10856e+29
  2.42500e+03  1.13507e+29
  2.43500e+03  1.11118e+29
  2.44500e+03  1.14289e+29
  2.45500e+03  1.14518e+29
  2.46500e+03  1.13936e+29
  2.47500e+03  1.13172e+29
  2.48500e+03  1.15700e+29
  2.49500e+03  1.10999e+29
  2.50500e+03  1.17390e+29
  2.51300e+03  1.13668e+29
  2.51800e+03  1.16564e+29
  2.52500e+03  1.14097e+29
  2.53500e+03  1.14329e+29
  2.54500e+03  1.13987e+29
  2.55500e+03  1.17722e+29
  2.56500e+03  1.17289e+29
  2.57500e+03  1.20452e+29
  2.58500e+03  1.20917e+29
  2.59500e+03  1.21034e+29
  2.60500e+03  1.19681e+29
  2.61500e+03  1.19917e+29
  2.62500e+03  1.21273e+29
  2.63500e+03  1.22288e+29
  2.64500e+03  1.26792e+29
  2.65500e+03  1.27219e+29
  2.66500e+03  1.24432e+29
  2.67500e+03  1.26835e+29
  2.68500e+03  1.27307e+29
  2.69500e+03  1.25875e+29
  2.70500e+03  1.26879e+29
  2.71500e+03  1.25755e+29
  2.72500e+03  1.25956e+29
  2.73500e+03  1.28617e+29
  2.74500e+03  1.23507e+29
  2.75500e+03  1.24439e+29
  2.76500e+03  1.26600e+29
  2.77500e+03  1.29722e+29
  2.78500e+03  1.29230e+29
  2.79500e+03  1.21735e+29
  2.80500e+03  1.25455e+29
  2.81500e+03  1.31892e+29
  2.82500e+03  1.32196e+29
  2.83500e+03  1.29722e+29
  2.84500e+03  1.30080e+29
  2.85500e+03  1.30652e+29
  2.86500e+03  1.33500e+29
  2.87500e+03  1.32929e+29
  2.88500e+03  1.33725e+29
  2.89500e+03  1.33807e+29
  2.91000e+03  1.36478e+29
  2.93000e+03  1.36114e+29
  2.95000e+03  1.36025e+29
  2.97000e+03  1.37641e+29
  2.99000e+03  1.38335e+29
  3.01000e+03  1.39514e+29
  3.03000e+03  1.40665e+29
  3.05000e+03  1.41233e+29
  3.07000e+03  1.41877e+29
  3.09000e+03  1.42787e+29
  3.11000e+03  1.43263e+29
  3.13000e+03  1.43669e+29
  3.15000e+03  1.44751e+29
  3.17000e+03  1.45242e+29
  3.19000e+03  1.44042e+29
  3.21000e+03  1.46304e+29
  3.23000e+03  1.46336e+29
  3.25000e+03  1.47965e+29
  3.27000e+03  1.49260e+29
  3.29000e+03  1.49958e+29
  3.31000e+03  1.50807e+29
  3.33000e+03  1.51074e+29
  3.35000e+03  1.51153e+29
  3.37000e+03  1.51260e+29
  3.39000e+03  1.52204e+29
  3.41000e+03  1.53330e+29
  3.43000e+03  1.53338e+29
  3.45000e+03  1.54048e+29
  3.47000e+03  1.55150e+29
  3.49000e+03  1.56080e+29
  3.51000e+03  1.57554e+29
  3.53000e+03  1.57798e+29
  3.55000e+03  1.59313e+29
  3.57000e+03  1.58298e+29
  3.59000e+03  1.58306e+29
  3.61000e+03  1.59971e+29
  3.63000e+03  1.61032e+29
  3.64000e+03  1.61959e+29
  3.65000e+03  1.61564e+29
  3.67000e+03  1.61536e+29
  3.69000e+03  1.57563e+29
  3.70466e+03  1.64720e+29
  3.70488e+03  1.64808e+29
  3.70511e+03  1.64918e+29
  3.70533e+03  1.65029e+29
  3.70555e+03  1.65139e+29
  3.70578e+03  1.65249e+29
  3.70600e+03  1.65360e+29
  3.70622e+03  1.65470e+29
  3.70645e+03  1.65581e+29
  3.70667e+03  1.65691e+29
  3.70689e+03  1.65801e+29
  3.70712e+03  1.65912e+29
  3.70734e+03  1.66022e+29
  3.70756e+03  1.66133e+29
  3.70779e+03  1.66244e+29
  3.70801e+03  1.66355e+29
  3.70824e+03  1.66466e+29
  3.70846e+03  1.66577e+29
  3.70868e+03  1.66688e+29
  3.70891e+03  1.66800e+29
  3.70913e+03  1.66913e+29
  3.70935e+03  1.67026e+29
  3.70958e+03  1.67140e+29
  3.70980e+03  1.67255e+29
  3.71000e+03  1.67358e+29
  3.71002e+03  1.67498e+29
  3.71025e+03  1.68728e+29
  3.71047e+03  1.69962e+29
  3.71070e+03  1.71200e+29
  3.71092e+03  1.72442e+29
  3.71114e+03  1.73691e+29
  3.71137e+03  1.74945e+29
  3.71159e+03  1.76210e+29
  3.71181e+03  1.77487e+29
  3.71204e+03  1.78779e+29
  3.71226e+03  1.80091e+29
  3.71248e+03  1.81426e+29
  3.71271e+03  1.82791e+29
  3.71293e+03  1.84193e+29
  3.71316e+03  1.85640e+29
  3.71338e+03  1.87144e+29
  3.71360e+03  1.88716e+29
  3.71383e+03  1.90373e+29
  3.71405e+03  1.92133e+29
  3.71427e+03  1.94017e+29
  3.71450e+03  1.96050e+29
  3.71472e+03  1.98263e+29
  3.71494e+03  2.00692e+29
  3.71517e+03  2.03377e+29
  3.71539e+03  2.06365e+29
  3.71562e+03  2.09713e+29
  3.71584e+03  2.13481e+29
  3.71606e+03  2.17739e+29
  3.71629e+03  2.22574e+29
  3.71651e+03  2.28076e+29
  3.71673e+03  2.34346e+29
  3.71696e+03  2.41500e+29
  3.71718e+03  2.49663e+29
  3.71740e+03  2.58975e+29
  3.71763e+03  2.69589e+29
  3.71785e+03  2.81671e+29
  3.71808e+03  2.95397e+29
  3.71830e+03  3.10959e+29
  3.71852e+03  3.28558e+29
  3.71875e+03  3.48408e+29
  3.71897e+03  3.70728e+29
  3.71919e+03  3.95748e+29
  3.71942e+03  4.23698e+29
  3.71964e+03  4.54813e+29
  3.71986e+03  4.89324e+29
  3.72009e+03  5.27445e+29
  3.72031e+03  5.69390e+29
  3.72053e+03  6.15382e+29
  3.72076e+03  6.65604e+29
  3.72098e+03  7.20200e+29
  3.72121e+03  7.79296e+29
  3.72143e+03  8.42979e+29
  3.72165e+03  9.11297e+29
  3.72188e+03  9.84249e+29
  3.72210e+03  1.06178e+30
  3.72232e+03  1.14378e+30
  3.72255e+03  1.23008e+30
  3.72277e+03  1.32044e+30
  3.72299e+03  1.41455e+30
  3.72322e+03  1.51205e+30
  3.72344e+03  1.61249e+30
  3.72367e+03  1.71536e+30
  3.72389e+03  1.82008e+30
  3.72411e+03  1.92602e+30
  3.72434e+03  2.03247e+30
  3.72456e+03  2.13867e+30
  3.72478e+03  2.24382e+30
  3.72501e+03  2.34716e+30
  3.72523e+03  2.44785e+30
  3.72545e+03  2.54499e+30
  3.72568e+03  2.63773e+30
  3.72590e+03  2.72523e+30
  3.72613e+03  2.80665e+30
  3.72635e+03  2.88123e+30
  3.72657e+03  2.94823e+30
  3.72680e+03  3.00698e+30
  3.72702e+03  3.05688e+30
  3.72724e+03  3.09744e+30
  3.72747e+03  3.12823e+30
  3.72769e+03  3.14893e+30
  3.72791e+03  3.15935e+30
  3.72814e+03  3.15937e+30
  3.72836e+03  3.14902e+30
  3.72859e+03  3.12842e+30
  3.72881e+03  3.09779e+30
  3.72903e+03  3.05749e+30
  3.72926e+03  3.00796e+30
  3.72948e+03  2.94974e+30
  3.72970e+03  2.88340e+30
  3.72993e+03  2.82306e+30
  3.73000e+03  2.77703e+30
  3.73015e+03  2.72094e+30
  3.73037e+03  2.63937e+30
  3.73060e+03  2.54590e+30
  3.73082e+03  2.44822e+30
  3.73105e+03  2.34720e+30
  3.73127e+03  2.24368e+30
  3.73149e+03  2.13852e+30
  3.73172e+03  2.03253e+30
  3.73194e+03  1.92649e+30
  3.73216e+03  1.82113e+30
  3.73239e+03  1.71713e+30
  3.73261e+03  1.61513e+30
  3.73283e+03  1.51568e+30
  3.73306e+03  1.41928e+30
  3.73328e+03  1.32635e+30
  3.73351e+03  1.23728e+30
  3.73373e+03  1.15235e+30
  3.73395e+03  1.07174e+30
  3.73418e+03  9.95605e+29
  3.73440e+03  9.24067e+29
  3.73462e+03  8.57168e+29
  3.73485e+03  7.94897e+29
  3.73507e+03  7.37196e+29
  3.73529e+03  6.83969e+29
  3.73552e+03  6.35084e+29
  3.73574e+03  5.90377e+29
  3.73596e+03  5.49664e+29
  3.73619e+03  5.12740e+29
  3.73641e+03  4.79386e+29
  3.73664e+03  4.49375e+29
  3.73686e+03  4.22476e+29
  3.73708e+03  3.98453e+29
  3.73731e+03  3.77076e+29
  3.73753e+03  3.58119e+29
  3.73775e+03  3.41362e+29
  3.73798e+03  3.26598e+29
  3.73820e+03  3.13629e+29
  3.73842e+03  3.02257e+29
  3.73865e+03  2.92310e+29
  3.73887e+03  2.83629e+29
  3.73910e+03  2.76064e+29
  3.73932e+03  2.69478e+29
  3.73954e+03  2.63748e+29
  3.73977e+03  2.58763e+29
  3.73999e+03  2.54421e+29
  3.74021e+03  2.50634e+29
  3.74044e+03  2.47323e+29
  3.74066e+03  2.44418e+29
  3.74088e+03  2.41859e+29
  3.74111e+03  2.39592e+29
  3.74133e+03  2.37571e+29
  3.74156e+03  2.35756e+29
  3.74178e+03  2.34115e+29
  3.74200e+03  2.32616e+29
  3.74223e+03  2.31237e+29
  3.74245e+03  2.29955e+29
  3.74267e+03  2.28754e+29
  3.74290e+03  2.27620e+29
  3.74312e+03  2.26539e+29
  3.74334e+03  2.25501e+29
  3.74357e+03  2.24498e+29
  3.74379e+03  2.23524e+29
  3.74402e+03  2.22572e+29
  3.74424e+03  2.21638e+29
  3.74446e+03  2.20718e+29
  3.74469e+03  2.19810e+29
  3.74491e+03  2.18911e+29
  3.74513e+03  2.18019e+29
  3.74536e+03  2.17132e+29
  3.74558e+03  2.16250e+29
  3.74580e+03  2.15371e+29
  3.74603e+03  2.14494e+29
  3.74625e+03  2.13620e+29
  3.74648e+03  2.12747e+29
  3.74670e+03  2.11875e+29
  3.74692e+03  2.11004e+29
  3.74715e+03  2.10135e+29
  3.74737e+03  2.09265e+29
  3.74759e+03  2.08396e+29
  3.74782e+03  2.07527e+29
  3.74804e+03  2.06658e+29
  3.74826e+03  2.05789e+29
  3.74849e+03  2.04921e+29
  3.74871e+03  2.04052e+29
  3.74893e+03  2.03184e+29
  3.74916e+03  2.02315e+29
  3.75000e+03  1.99048e+29
  3.77000e+03  2.07060e+29
  3.79000e+03  2.31709e+29
  3.81000e+03  2.55468e+29
  3.83000e+03  2.19114e+29
  3.85000e+03  2.73015e+29
  3.87000e+03  3.05594e+29
  3.89000e+03  2.18019e+29
  3.91000e+03  2.97574e+29
  3.93000e+03  2.86507e+29
  3.95000e+03  2.97212e+29
  3.97000e+03  2.15966e+29
  3.99000e+03  3.01441e+29
  4.01000e+03  3.16907e+29
  4.03000e+03  3.13338e+29
  4.05000e+03  3.19987e+29
  4.07000e+03  3.17254e+29
  4.07820e+03  3.04601e+29
  4.07845e+03  3.04221e+29
  4.07870e+03  3.03841e+29
  4.07894e+03  3.03461e+29
  4.07919e+03  3.03081e+29
  4.07943e+03  3.02702e+29
  4.07968e+03  3.02322e+29
  4.07993e+03  3.01942e+29
  4.08017e+03  3.01563e+29
  4.08042e+03  3.01183e+29
  4.08066e+03  3.00803e+29
  4.08091e+03  3.00423e+29
  4.08116e+03  3.00044e+29
  4.08140e+03  2.99664e+29
  4.08165e+03  2.99285e+29
  4.08190e+03  2.98905e+29
  4.08214e+03  2.98526e+29
  4.08239e+03  2.98147e+29
  4.08263e+03  2.97768e+29
  4.08288e+03  2.97389e+29
  4.08313e+03  2.97011e+29
  4.08337e+03  2.96633e+29
  4.08362e+03  2.96255e+29
  4.08386e+03  2.95879e+29
  4.08411e+03  2.95503e+29
  4.08436e+03  2.95128e+29
  4.08460e+03  2.94755e+29
  4.08485e+03  2.94383e+29
  4.08510e+03  2.94014e+29
  4.08534e+03  2.93649e+29
  4.08559e+03  2.93286e+29
  4.08583e+03  2.92929e+29
  4.08608e+03  2.92577e+29
  4.08633e+03  2.92233e+29
  4.08657e+03  2.91897e+29
  4.08682e+03  2.91572e+29
  4.08706e+03  2.91261e+29
  4.08731e+03  2.90967e+29
  4.08756e+03  2.90692e+29
  4.08780e+03  2.90441e+29
  4.08805e+03  2.90219e+29
  4.08830e+03  2.90032e+29
  4.08854e+03  2.89887e+29
  4.08879e+03  2.89790e+29
  4.08903e+03  2.89753e+29
  4.08928e+03  2.89783e+29
  4.08953e+03  2.89895e+29
  4.08977e+03  2.90088e+29
  4.09000e+03  2.90228e+29
  4.09002e+03  2.90580e+29
  4.09026e+03  2.90718e+29
  4.09051e+03  2.91176e+29
  4.09076e+03  2.91802e+29
  4.09100e+03  2.92618e+29
  4.09125e+03  2.93651e+29
  4.09150e+03  2.94929e+29
  4.09174e+03  2.96482e+29
  4.09199e+03  2.98344e+29
  4.09223e+03  3.00548e+29
  4.09248e+03  3.03131e+29
  4.09273e+03  3.06134e+29
  4.09297e+03  3.09596e+29
  4.09322e+03  3.13556e+29
  4.09347e+03  3.18057e+29
  4.09371e+03  3.23142e+29
  4.09396e+03  3.28849e+29
  4.09420e+03  3.35220e+29
  4.09445e+03  3.42291e+29
  4.09470e+03  3.50096e+29
  4.09494e+03  3.58663e+29
  4.09519e+03  3.68022e+29
  4.09543e+03  3.78193e+29
  4.09568e+03  3.89184e+29
  4.09593e+03  4.00998e+29
  4.09617e+03  4.13634e+29
  4.09642e+03  4.27078e+29
  4.09667e+03  4.41304e+29
  4.09691e+03  4.56279e+29
  4.09716e+03  4.71961e+29
  4.09740e+03  4.88291e+29
  4.09765e+03  5.05182e+29
  4.09790e+03  5.22548e+29
  4.09814e+03  5.40301e+29
  4.09839e+03  5.58333e+29
  4.09863e+03  5.76535e+29
  4.09888e+03  5.94779e+29
  4.09913e+03  6.12909e+29
  4.09937e+03  6.30783e+29
  4.09962e+03  6.48260e+29
  4.09987e+03  6.65189e+29
  4.10011e+03  6.81417e+29
  4.10036e+03  6.96800e+29
  4.10060e+03  7.11185e+29
  4.10085e+03  7.24418e+29
  4.10110e+03  7.36362e+29
  4.10134e+03  7.46901e+29
  4.10159e+03  7.55921e+29
  4.10183e+03  7.63325e+29
  4.10208e+03  7.69030e+29
  4.10233e+03  7.72963e+29
  4.10257e+03  7.75078e+29
  4.10282e+03  7.75351e+29
  4.10307e+03  7.73773e+29
  4.10331e+03  7.70355e+29
  4.10356e+03  7.65125e+29
  4.10380e+03  7.58132e+29
  4.10405e+03  7.49452e+29
  4.10430e+03  7.39171e+29
  4.10454e+03  7.27388e+29
  4.10479e+03  7.14218e+29
  4.10503e+03  6.99780e+29
  4.10528e+03  6.84210e+29
  4.10553e+03  6.67667e+29
  4.10577e+03  6.50302e+29
  4.10602e+03  6.32260e+29
  4.10627e+03  6.13694e+29
  4.10651e+03  5.94754e+29
  4.10676e+03  5.75581e+29
  4.10700e+03  5.56314e+29
  4.10725e+03  5.37111e+29
  4.10750e+03  5.18097e+29
  4.10774e+03  4.99380e+29
  4.10799e+03  4.81066e+29
  4.10823e+03  4.63240e+29
  4.10848e+03  4.45986e+29
  4.10873e+03  4.29391e+29
  4.10897e+03  4.13513e+29
  4.10922e+03  3.98389e+29
  4.10947e+03  3.84052e+29
  4.10971e+03  3.70525e+29
  4.10996e+03  3.60251e+29
  4.11000e+03  3.53817e+29
  4.11020e+03  3.46570e+29
  4.11045e+03  3.37329e+29
  4.11070e+03  3.28425e+29
  4.11094e+03  3.20307e+29
  4.11119e+03  3.12948e+29
  4.11144e+03  3.06315e+29
  4.11168e+03  3.00375e+29
  4.11193e+03  2.95094e+29
  4.11217e+03  2.90433e+29
  4.11242e+03  2.86347e+29
  4.11267e+03  2.82796e+29
  4.11291e+03  2.79737e+29
  4.11316e+03  2.77129e+29
  4.11340e+03  2.74933e+29
  4.11365e+03  2.73112e+29
  4.11390e+03  2.71629e+29
  4.11414e+03  2.70448e+29
  4.11439e+03  2.69538e+29
  4.11464e+03  2.68868e+29
  4.11488e+03  2.68411e+29
  4.11513e+03  2.68140e+29
  4.11537e+03  2.68033e+29
  4.11562e+03  2.68069e+29
  4.11587e+03  2.68228e+29
  4.11611e+03  2.68495e+29
  4.11636e+03  2.68853e+29
  4.11660e+03  2.69291e+29
  4.11685e+03  2.69795e+29
  4.11710e+03  2.70356e+29
  4.11734e+03  2.70965e+29
  4.11759e+03  2.71614e+29
  4.11784e+03  2.72297e+29
  4.11808e+03  2.73009e+29
  4.11833e+03  2.73743e+29
  4.11857e+03  2.74497e+29
  4.11882e+03  2.75267e+29
  4.11907e+03  2.76049e+29
  4.11931e+03  2.76842e+29
  4.11956e+03  2.77644e+29
  4.11981e+03  2.78455e+29
  4.12005e+03  2.79269e+29
  4.12030e+03  2.80088e+29
  4.12054e+03  2.80911e+29
  4.12079e+03  2.81737e+29
  4.12104e+03  2.82564e+29
  4.12128e+03  2.83394e+29
  4.12153e+03  2.84227e+29
  4.12177e+03  2.85059e+29
  4.12202e+03  2.85892e+29
  4.12227e+03  2.86726e+29
  4.12251e+03  2.87560e+29
  4.12276e+03  2.88394e+29
  4.12301e+03  2.89231e+29
  4.12325e+03  2.90066e+29
  4.12350e+03  2.90902e+29
  4.12374e+03  2.91737e+29
  4.12399e+03  2.92573e+29
  4.12424e+03  2.93408e+29
  4.12448e+03  2.94244e+29
  4.12473e+03  2.95081e+29
  4.12497e+03  2.95917e+29
  4.12522e+03  2.96753e+29
  4.12547e+03  2.97589e+29
  4.12571e+03  2.98425e+29
  4.12596e+03  2.99261e+29
  4.12621e+03  3.00098e+29
  4.12645e+03  3.00934e+29
  4.12670e+03  3.01770e+29
  4.12694e+03  3.02606e+29
  4.12719e+03  3.03442e+29
  4.13000e+03  3.12987e+29
  4.15000e+03  3.21200e+29
  4.17000e+03  3.23473e+29
  4.19000e+03  3.24694e+29
  4.21000e+03  3.26188e+29
  4.23000e+03  3.25828e+29
  4.25000e+03  3.26508e+29
  4.27000e+03  3.23057e+29
  4.29000e+03  3.23651e+29
  4.31000e+03  3.14399e+29
  4.31565e+03  3.06156e+29
  4.31591e+03  3.05776e+29
  4.31617e+03  3.05396e+29
  4.31643e+03  3.05016e+29
  4.31669e+03  3.04636e+29
  4.31695e+03  3.04255e+29
  4.31721e+03  3.03876e+29
  4.31747e+03  3.03495e+29
  4.31773e+03  3.03116e+29
  4.31799e+03  3.02735e+29
  4.31825e+03  3.02356e+29
  4.31852e+03  3.01976e+29
  4.31878e+03  3.01596e+29
  4.31904e+03  3.01216e+29
  4.31930e+03  3.00837e+29
  4.31956e+03  3.00457e+29
  4.31982e+03  3.00078e+29
  4.32008e+03  2.99699e+29
  4.32034e+03  2.99320e+29
  4.32060e+03  2.98942e+29
  4.32086e+03  2.98565e+29
  4.32112e+03  2.98188e+29
  4.32138e+03  2.97812e+29
  4.32164e+03  2.97438e+29
  4.32190e+03  2.97065e+29
  4.32216e+03  2.96695e+29
  4.32242e+03  2.96328e+29
  4.32268e+03  2.95963e+29
  4.32294e+03  2.95604e+29
  4.32320e+03  2.95250e+29
  4.32346e+03  2.94903e+29
  4.32373e+03  2.94566e+29
  4.32399e+03  2.94240e+29
  4.32425e+03  2.93928e+29
  4.32451e+03  2.93632e+29
  4.32477e+03  2.93358e+29
  4.32503e+03  2.93110e+29
  4.32529e+03  2.92893e+29
  4.32555e+03  2.92714e+29
  4.32581e+03  2.92582e+29
  4.32607e+03  2.92505e+29
  4.32633e+03  2.92495e+29
  4.32659e+03  2.92564e+29
  4.32685e+03  2.92729e+29
  4.32711e+03  2.93005e+29
  4.32737e+03  2.93413e+29
  4.32763e+03  2.93976e+29
  4.32789e+03  2.94719e+29
  4.32815e+03  2.95673e+29
  4.32841e+03  2.96870e+29
  4.32867e+03  2.98346e+29
  4.32894e+03  3.00144e+29
  4.32920e+03  3.02308e+29
  4.32946e+03  3.04889e+29
  4.32972e+03  3.07939e+29
  4.32998e+03  3.10540e+29
  4.33000e+03  3.12749e+29
  4.33024e+03  3.15833e+29
  4.33050e+03  3.20603e+29
  4.33076e+03  3.26206e+29
  4.33102e+03  3.32613e+29
  4.33128e+03  3.39899e+29
  4.33154e+03  3.48146e+29
  4.33180e+03  3.57430e+29
  4.33206e+03  3.67835e+29
  4.33232e+03  3.79435e+29
  4.33258e+03  3.92310e+29
  4.33284e+03  4.06528e+29
  4.33310e+03  4.22158e+29
  4.33336e+03  4.39256e+29
  4.33362e+03  4.57873e+29
  4.33388e+03  4.78044e+29
  4.33415e+03  4.99795e+29
  4.33441e+03  5.23133e+29
  4.33467e+03  5.48051e+29
  4.33493e+03  5.74522e+29
  4.33519e+03  6.02499e+29
  4.33545e+03  6.31912e+29
  4.33571e+03  6.62671e+29
  4.33597e+03  6.94660e+29
  4.33623e+03  7.27742e+29
  4.33649e+03  7.61753e+29
  4.33675e+03  7.96509e+29
  4.33701e+03  8.31802e+29
  4.33727e+03  8.67405e+29
  4.33753e+03  9.03071e+29
  4.33779e+03  9.38538e+29
  4.33805e+03  9.73531e+29
  4.33831e+03  1.00776e+30
  4.33857e+03  1.04094e+30
  4.33883e+03  1.07277e+30
  4.33909e+03  1.10297e+30
  4.33935e+03  1.13123e+30
  4.33962e+03  1.15730e+30
  4.33988e+03  1.18091e+30
  4.34014e+03  1.20181e+30
  4.34040e+03  1.21980e+30
  4.34066e+03  1.23467e+30
  4.34092e+03  1.24628e+30
  4.34118e+03  1.25449e+30
  4.34144e+03  1.25921e+30
  4.34170e+03  1.26039e+30
  4.34196e+03  1.25801e+30
  4.34222e+03  1.25209e+30
  4.34248e+03  1.24270e+30
  4.34274e+03  1.22993e+30
  4.34300e+03  1.21390e+30
  4.34326e+03  1.19480e+30
  4.34352e+03  1.17281e+30
  4.34378e+03  1.14815e+30
  4.34404e+03  1.12106e+30
  4.34430e+03  1.09182e+30
  4.34457e+03  1.06069e+30
  4.34483e+03  1.02797e+30
  4.34509e+03  9.93941e+29
  4.34535e+03  9.58906e+29
  4.34561e+03  9.23152e+29
  4.34587e+03  8.86966e+29
  4.34613e+03  8.50621e+29
  4.34639e+03  8.14377e+29
  4.34665e+03  7.78477e+29
  4.34691e+03  7.43148e+29
  4.34717e+03  7.08592e+29
  4.34743e+03  6.74991e+29
  4.34769e+03  6.42505e+29
  4.34795e+03  6.11268e+29
  4.34821e+03  5.81390e+29
  4.34847e+03  5.52962e+29
  4.34873e+03  5.26047e+29
  4.34899e+03  5.00691e+29
  4.34925e+03  4.76916e+29
  4.34951e+03  4.54730e+29
  4.34978e+03  4.34774e+29
  4.35000e+03  4.20873e+29
  4.35004e+03  4.11339e+29
  4.35030e+03  3.98878e+29
  4.35056e+03  3.83990e+29
  4.35082e+03  3.70506e+29
  4.35108e+03  3.58354e+29
  4.35134e+03  3.47466e+29
  4.35160e+03  3.37762e+29
  4.35186e+03  3.29166e+29
  4.35212e+03  3.21596e+29
  4.35238e+03  3.14975e+29
  4.35264e+03  3.09221e+29
  4.35290e+03  3.04261e+29
  4.35316e+03  3.00018e+29
  4.35342e+03  2.96426e+29
  4.35368e+03  2.93413e+29
  4.35394e+03  2.90922e+29
  4.35420e+03  2.88892e+29
  4.35446e+03  2.87271e+29
  4.35472e+03  2.86008e+29
  4.35499e+03  2.85061e+29
  4.35525e+03  2.84387e+29
  4.35551e+03  2.83953e+29
  4.35577e+03  2.83722e+29
  4.35603e+03  2.83670e+29
  4.35629e+03  2.83767e+29
  4.35655e+03  2.83995e+29
  4.35681e+03  2.84330e+29
  4.35707e+03  2.84759e+29
  4.35733e+03  2.85264e+29
  4.35759e+03  2.85836e+29
  4.35785e+03  2.86460e+29
  4.35811e+03  2.87131e+29
  4.35837e+03  2.87837e+29
  4.35863e+03  2.88575e+29
  4.35889e+03  2.89337e+29
  4.35915e+03  2.90121e+29
  4.35941e+03  2.90920e+29
  4.35967e+03  2.91734e+29
  4.35993e+03  2.92557e+29
  4.36020e+03  2.93390e+29
  4.36046e+03  2.94229e+29
  4.36072e+03  2.95075e+29
  4.36098e+03  2.95926e+29
  4.36124e+03  2.96778e+29
  4.36150e+03  2.97634e+29
  4.36176e+03  2.98492e+29
  4.36202e+03  2.99352e+29
  4.36228e+03  3.00212e+29
  4.36254e+03  3.01075e+29
  4.36280e+03  3.01937e+29
  4.36306e+03  3.02801e+29
  4.36332e+03  3.03664e+29
  4.36358e+03  3.04529e+29
  4.36384e+03  3.05392e+29
  4.36410e+03  3.06258e+29
  4.36436e+03  3.07121e+29
  4.36462e+03  3.07987e+29
  4.36488e+03  3.08851e+29
  4.36515e+03  3.09717e+29
  4.36541e+03  3.10581e+29
  4.36567e+03  3.11447e+29
  4.36593e+03  3.12311e+29
  4.36619e+03  3.13177e+29
  4.36645e+03  3.14041e+29
  4.36671e+03  3.14907e+29
  4.36697e+03  3.15772e+29
  4.36723e+03  3.16638e+29
  4.36749e+03  3.17502e+29
  4.37000e+03  3.25840e+29
  4.39000e+03  3.25374e+29
  4.41000e+03  3.30780e+29
  4.43000e+03  3.34093e+29
  4.45000e+03  3.36362e+29
  4.47000e+03  3.35414e+29
  4.49000e+03  3.38494e+29
  4.51000e+03  3.46012e+29
  4.53000e+03  3.40719e+29
  4.55000e+03  3.41215e+29
  4.57000e+03  3.47446e+29
  4.59000e+03  3.44244e+29
  4.61000e+03  3.48186e+29
  4.63000e+03  3.46267e+29
  4.65000e+03  3.48239e+29
  4.67000e+03  3.50532e+29
  4.69000e+03  3.50107e+29
  4.71000e+03  3.45060e+29
  4.73000e+03  3.51595e+29
  4.75000e+03  3.54044e+29
  4.77000e+03  3.55194e+29
  4.79000e+03  3.54728e+29
  4.81000e+03  3.53081e+29
  4.83000e+03  3.50379e+29
  4.83484e+03  3.43250e+29
  4.83513e+03  3.42820e+29
  4.83542e+03  3.42390e+29
  4.83571e+03  3.41961e+29
  4.83600e+03  3.41531e+29
  4.83629e+03  3.41103e+29
  4.83659e+03  3.40675e+29
  4.83688e+03  3.40247e+29
  4.83717e+03  3.39820e+29
  4.83746e+03  3.39395e+29
  4.83775e+03  3.38971e+29
  4.83805e+03  3.38549e+29
  4.83834e+03  3.38130e+29
  4.83863e+03  3.37714e+29
  4.83892e+03  3.37302e+29
  4.83921e+03  3.36897e+29
  4.83950e+03  3.36497e+29
  4.83980e+03  3.36107e+29
  4.84009e+03  3.35729e+29
  4.84038e+03  3.35364e+29
  4.84067e+03  3.35017e+29
  4.84096e+03  3.34693e+29
  4.84126e+03  3.34397e+29
  4.84155e+03  3.34134e+29
  4.84184e+03  3.33914e+29
  4.84213e+03  3.33747e+29
  4.84242e+03  3.33643e+29
  4.84272e+03  3.33616e+29
  4.84301e+03  3.33684e+29
  4.84330e+03  3.33865e+29
  4.84359e+03  3.34183e+29
  4.84388e+03  3.34666e+29
  4.84417e+03  3.35343e+29
  4.84447e+03  3.36253e+29
  4.84476e+03  3.37437e+29
  4.84505e+03  3.38944e+29
  4.84534e+03  3.40830e+29
  4.84563e+03  3.43158e+29
  4.84593e+03  3.45997e+29
  4.84622e+03  3.49431e+29
  4.84651e+03  3.53546e+29
  4.84680e+03  3.58441e+29
  4.84709e+03  3.64228e+29
  4.84738e+03  3.71025e+29
  4.84768e+03  3.78961e+29
  4.84797e+03  3.88180e+29
  4.84826e+03  3.98830e+29
  4.84855e+03  4.11068e+29
  4.84884e+03  4.25072e+29
  4.84914e+03  4.41021e+29
  4.84943e+03  4.59082e+29
  4.84972e+03  4.79224e+29
  4.85000e+03  4.95701e+29
  4.85001e+03  5.08227e+29
  4.85030e+03  5.27856e+29
  4.85059e+03  5.56263e+29
  4.85089e+03  5.87724e+29
  4.85118e+03  6.22392e+29
  4.85147e+03  6.60406e+29
  4.85176e+03  7.01926e+29
  4.85205e+03  7.47047e+29
  4.85235e+03  7.95828e+29
  4.85264e+03  8.48359e+29
  4.85293e+03  9.04629e+29
  4.85322e+03  9.64584e+29
  4.85351e+03  1.02820e+30
  4.85381e+03  1.09535e+30
  4.85410e+03  1.16581e+30
  4.85439e+03  1.23934e+30
  4.85468e+03  1.31573e+30
  4.85497e+03  1.39459e+30
  4.85526e+03  1.47550e+30
  4.85556e+03  1.55807e+30
  4.85585e+03  1.64177e+30
  4.85614e+03  1.72602e+30
  4.85643e+03  1.81030e+30
  4.85672e+03  1.89393e+30
  4.85702e+03  1.97624e+30
  4.85731e+03  2.05660e+30
  4.85760e+03  2.13434e+30
  4.85789e+03  2.20868e+30
  4.85818e+03  2.27895e+30
  4.85847e+03  2.34454e+30
  4.85877e+03  2.40478e+30
  4.85906e+03  2.45903e+30
  4.85935e+03  2.50681e+30
  4.85964e+03  2.54757e+30
  4.85993e+03  2.58089e+30
  4.86023e+03  2.60643e+30
  4.86052e+03  2.62391e+30
  4.86081e+03  2.63312e+30
  4.86110e+03  2.63397e+30
  4.86139e+03  2.62644e+30
  4.86168e+03  2.61062e+30
  4.86198e+03  2.58666e+30
  4.86227e+03  2.55480e+30
  4.86256e+03  2.51540e+30
  4.86285e+03  2.46887e+30
  4.86314e+03  2.41566e+30
  4.86344e+03  2.35633e+30
  4.86373e+03  2.29148e+30
  4.86402e+03  2.22169e+30
  4.86431e+03  2.14766e+30
  4.86460e+03  2.07009e+30
  4.86490e+03  1.98961e+30
  4.86519e+03  1.90695e+30
  4.86548e+03  1.82283e+30
  4.86577e+03  1.73783e+30
  4.86606e+03  1.65261e+30
  4.86635e+03  1.56782e+30
  4.86665e+03  1.48404e+30
  4.86694e+03  1.40171e+30
  4.86723e+03  1.32132e+30
  4.86752e+03  1.24334e+30
  4.86781e+03  1.16804e+30
  4.86811e+03  1.09577e+30
  4.86840e+03  1.02679e+30
  4.86869e+03  9.61253e+29
  4.86898e+03  8.99312e+29
  4.86927e+03  8.41089e+29
  4.86956e+03  7.86576e+29
  4.86986e+03  7.41869e+29
  4.87000e+03  7.11989e+29
  4.87015e+03  6.83785e+29
  4.87044e+03  6.47168e+29
  4.87073e+03  6.08475e+29
  4.87102e+03  5.73201e+29
  4.87132e+03  5.41195e+29
  4.87161e+03  5.12273e+29
  4.87190e+03  4.86269e+29
  4.87219e+03  4.63014e+29
  4.87248e+03  4.42301e+29
  4.87277e+03  4.23951e+29
  4.87307e+03  4.07783e+29
  4.87336e+03  3.93601e+29
  4.87365e+03  3.81233e+29
  4.87394e+03  3.70511e+29
  4.87423e+03  3.61265e+29
  4.87453e+03  3.53341e+29
  4.87482e+03  3.46603e+29
  4.87511e+03  3.40916e+29
  4.87540e+03  3.36153e+29
  4.87569e+03  3.32202e+29
  4.87598e+03  3.28964e+29
  4.87628e+03  3.26344e+29
  4.87657e+03  3.24261e+29
  4.87686e+03  3.22639e+29
  4.87715e+03  3.21414e+29
  4.87744e+03  3.20529e+29
  4.87774e+03  3.19931e+29
  4.87803e+03  3.19579e+29
  4.87832e+03  3.19432e+29
  4.87861e+03  3.19458e+29
  4.87890e+03  3.19629e+29
  4.87920e+03  3.19920e+29
  4.87949e+03  3.20311e+29
  4.87978e+03  3.20784e+29
  4.88007e+03  3.21325e+29
  4.88036e+03  3.21921e+29
  4.88065e+03  3.22562e+29
  4.88095e+03  3.23240e+29
  4.88124e+03  3.23948e+29
  4.88153e+03  3.24679e+29
  4.88182e+03  3.25430e+29
  4.88211e+03  3.26196e+29
  4.88241e+03  3.26973e+29
  4.88270e+03  3.27761e+29
  4.88299e+03  3.28557e+29
  4.88328e+03  3.29358e+29
  4.88357e+03  3.30163e+29
  4.88386e+03  3.30973e+29
  4.88416e+03  3.31785e+29
  4.88445e+03  3.32599e+29
  4.88474e+03  3.33415e+29
  4.88503e+03  3.34233e+29
  4.88532e+03  3.35050e+29
  4.88562e+03  3.35870e+29
  4.88591e+03  3.36690e+29
  4.88620e+03  3.37509e+29
  4.88649e+03  3.38330e+29
  4.88678e+03  3.39151e+29
  4.88707e+03  3.39971e+29
  4.88737e+03  3.40792e+29
  4.88766e+03  3.41614e+29
  4.88795e+03  3.42435e+29
  4.88824e+03  3.43256e+29
  4.88853e+03  3.44077e+29
  4.88883e+03  3.44899e+29
  4.88912e+03  3.45719e+29
  4.88941e+03  3.46541e+29
  4.88970e+03  3.47363e+29
  4.89000e+03  3.48202e+29
  4.89029e+03  3.48297e+29
  4.89058e+03  3.48393e+29
  4.89087e+03  3.48490e+29
  4.89116e+03  3.48586e+29
  4.89145e+03  3.48683e+29
  4.89174e+03  3.48780e+29
  4.89204e+03  3.48876e+29
  4.89233e+03  3.48973e+29
  4.89262e+03  3.49069e+29
  4.89291e+03  3.49166e+29
  4.91000e+03  3.54822e+29
  4.92877e+03  3.51749e+29
  4.92907e+03  3.51701e+29
  4.92936e+03  3.51652e+29
  4.92966e+03  3.51603e+29
  4.92996e+03  3.51555e+29
  4.93000e+03  3.51548e+29
  4.93026e+03  3.51655e+29
  4.93055e+03  3.51780e+29
  4.93085e+03  3.51905e+29
  4.93115e+03  3.52030e+29
  4.93145e+03  3.52155e+29
  4.93174e+03  3.52280e+29
  4.93204e+03  3.52405e+29
  4.93234e+03  3.52530e+29
  4.93264e+03  3.52655e+29
  4.93293e+03  3.52780e+29
  4.93323e+03  3.52905e+29
  4.93353e+03  3.53030e+29
  4.93383e+03  3.53156e+29
  4.93412e+03  3.53281e+29
  4.93442e+03  3.53407e+29
  4.93472e+03  3.53533e+29
  4.93502e+03  3.53659e+29
  4.93531e+03  3.53786e+29
  4.93561e+03  3.53914e+29
  4.93591e+03  3.54042e+29
  4.93621e+03  3.54172e+29
  4.93650e+03  3.54303e+29
  4.93680e+03  3.54435e+29
  4.93710e+03  3.54570e+29
  4.93740e+03  3.54707e+29
  4.93769e+03  3.54848e+29
  4.93799e+03  3.54992e+29
  4.93829e+03  3.55142e+29
  4.93859e+03  3.55299e+29
  4.93888e+03  3.55464e+29
  4.93918e+03  3.55638e+29
  4.93948e+03  3.55825e+29
  4.93978e+03  3.56027e+29
  4.94007e+03  3.56246e+29
  4.94037e+03  3.56487e+29
  4.94067e+03  3.56755e+29
  4.94097e+03  3.57053e+29
  4.94126e+03  3.57389e+29
  4.94156e+03  3.57770e+29
  4.94186e+03  3.58202e+29
  4.94216e+03  3.58697e+29
  4.94245e+03  3.59265e+29
  4.94275e+03  3.59918e+29
  4.94305e+03  3.60669e+29
  4.94335e+03  3.61535e+29
  4.94364e+03  3.62531e+29
  4.94394e+03  3.63679e+29
  4.94424e+03  3.65000e+29
  4.94454e+03  3.66515e+29
  4.94483e+03  3.68250e+29
  4.94513e+03  3.70235e+29
  4.94543e+03  3.72498e+29
  4.94573e+03  3.75070e+29
  4.94602e+03  3.77985e+29
  4.94632e+03  3.81278e+29
  4.94662e+03  3.84984e+29
  4.94692e+03  3.89141e+29
  4.94721e+03  3.93788e+29
  4.94751e+03  3.98958e+29
  4.94781e+03  4.04689e+29
  4.94811e+03  4.11021e+29
  4.94840e+03  4.17987e+29
  4.94870e+03  4.25613e+29
  4.94900e+03  4.33930e+29
  4.94930e+03  4.42965e+29
  4.94959e+03  4.52726e+29
  4.94989e+03  4.61502e+29
  4.95000e+03  4.67990e+29
  4.95019e+03  4.75448e+29
  4.95049e+03  4.86296e+29
  4.95078e+03  4.98902e+29
  4.95108e+03  5.12222e+29
  4.95138e+03  5.26223e+29
  4.95168e+03  5.40852e+29
  4.95197e+03  5.56059e+29
  4.95227e+03  5.71786e+29
  4.95257e+03  5.87945e+29
  4.95287e+03  6.04454e+29
  4.95316e+03  6.21224e+29
  4.95346e+03  6.38133e+29
  4.95376e+03  6.55066e+29
  4.95406e+03  6.71913e+29
  4.95435e+03  6.88544e+29
  4.95465e+03  7.04812e+29
  4.95495e+03  7.20585e+29
  4.95525e+03  7.35733e+29
  4.95554e+03  7.50104e+29
  4.95584e+03  7.63571e+29
  4.95614e+03  7.76009e+29
  4.95644e+03  7.87286e+29
  4.95673e+03  7.97289e+29
  4.95703e+03  8.05925e+29
  4.95733e+03  8.13103e+29
  4.95763e+03  8.18741e+29
  4.95792e+03  8.22782e+29
  4.95822e+03  8.25184e+29
  4.95852e+03  8.25921e+29
  4.95882e+03  8.24984e+29
  4.95911e+03  8.22383e+29
  4.95941e+03  8.18149e+29
  4.95971e+03  8.12325e+29
  4.96001e+03  8.04971e+29
  4.96030e+03  7.96170e+29
  4.96060e+03  7.86014e+29
  4.96090e+03  7.74600e+29
  4.96120e+03  7.62040e+29
  4.96149e+03  7.48470e+29
  4.96179e+03  7.34012e+29
  4.96209e+03  7.18797e+29
  4.96239e+03  7.02975e+29
  4.96268e+03  6.86677e+29
  4.96298e+03  6.70035e+29
  4.96328e+03  6.53194e+29
  4.96358e+03  6.36285e+29
  4.96387e+03  6.19416e+29
  4.96417e+03  6.02701e+29
  4.96447e+03  5.86260e+29
  4.96477e+03  5.70182e+29
  4.96506e+03  5.54547e+29
  4.96536e+03  5.39441e+29
  4.96566e+03  5.24923e+29
  4.96596e+03  5.11037e+29
  4.96625e+03  4.97839e+29
  4.96655e+03  4.85357e+29
  4.96685e+03  4.73602e+29
  4.96715e+03  4.62586e+29
  4.96744e+03  4.52321e+29
  4.96774e+03  4.42798e+29
  4.96804e+03  4.34000e+29
  4.96834e+03  4.25917e+29
  4.96863e+03  4.18520e+29
  4.96893e+03  4.11780e+29
  4.96923e+03  4.05670e+29
  4.96953e+03  4.00155e+29
  4.96982e+03  3.95671e+29
  4.97000e+03  3.92717e+29
  4.97012e+03  3.90100e+29
  4.97042e+03  3.86709e+29
  4.97072e+03  3.83134e+29
  4.97102e+03  3.79966e+29
  4.97131e+03  3.77173e+29
  4.97161e+03  3.74717e+29
  4.97191e+03  3.72566e+29
  4.97221e+03  3.70689e+29
  4.97250e+03  3.69058e+29
  4.97280e+03  3.67643e+29
  4.97310e+03  3.66420e+29
  4.97340e+03  3.65367e+29
  4.97369e+03  3.64462e+29
  4.97399e+03  3.63685e+29
  4.97429e+03  3.63021e+29
  4.97458e+03  3.62453e+29
  4.97488e+03  3.61968e+29
  4.97518e+03  3.61555e+29
  4.97548e+03  3.61202e+29
  4.97578e+03  3.60901e+29
  4.97607e+03  3.60643e+29
  4.97637e+03  3.60445e+29
  4.97648e+03  3.60336e+29
  4.97667e+03  3.60236e+29
  4.97678e+03  3.60156e+29
  4.97697e+03  3.60069e+29
  4.97708e+03  3.60000e+29
  4.97726e+03  3.59924e+29
  4.97738e+03  3.59863e+29
  4.97756e+03  3.59796e+29
  4.97768e+03  3.59743e+29
  4.97786e+03  3.59683e+29
  4.97798e+03  3.59636e+29
  4.97816e+03  3.59582e+29
  4.97828e+03  3.59539e+29
  4.97845e+03  3.59491e+29
  4.97858e+03  3.59452e+29
  4.97875e+03  3.59408e+29
  4.97888e+03  3.59371e+29
  4.97905e+03  3.59331e+29
  4.97918e+03  3.59297e+29
  4.97935e+03  3.59259e+29
  4.97948e+03  3.59227e+29
  4.97964e+03  3.59192e+29
  4.97978e+03  3.59161e+29
  4.97994e+03  3.59128e+29
  4.98008e+03  3.59097e+29
  4.98024e+03  3.59066e+29
  4.98039e+03  3.59037e+29
  4.98054e+03  3.59007e+29
  4.98069e+03  3.58978e+29
  4.98083e+03  3.58950e+29
  4.98099e+03  3.58921e+29
  4.98113e+03  3.58894e+29
  4.98129e+03  3.58865e+29
  4.98143e+03  3.58839e+29
  4.98159e+03  3.58810e+29
  4.98173e+03  3.58786e+29
  4.98189e+03  3.58757e+29
  4.98202e+03  3.58733e+29
  4.98219e+03  3.58704e+29
  4.98232e+03  3.58682e+29
  4.98249e+03  3.58653e+29
  4.98262e+03  3.58631e+29
  4.98279e+03  3.58603e+29
  4.98292e+03  3.58582e+29
  4.98309e+03  3.58554e+29
  4.98321e+03  3.58535e+29
  4.98339e+03  3.58507e+29
  4.98351e+03  3.58489e+29
  4.98369e+03  3.58462e+29
  4.98381e+03  3.58446e+29
  4.98399e+03  3.58420e+29
  4.98411e+03  3.58406e+29
  4.98429e+03  3.58380e+29
  4.98440e+03  3.58369e+29
  4.98459e+03  3.58345e+29
  4.98470e+03  3.58337e+29
  4.98489e+03  3.58315e+29
  4.98500e+03  3.58310e+29
  4.98519e+03  3.58292e+29
  4.98530e+03  3.58291e+29
  4.98549e+03  3.58277e+29
  4.98559e+03  3.58281e+29
  4.98579e+03  3.58272e+29
  4.98589e+03  3.58283e+29
  4.98609e+03  3.58279e+29
  4.98619e+03  3.58299e+29
  4.98639e+03  3.58303e+29
  4.98649e+03  3.58332e+29
  4.98669e+03  3.58346e+29
  4.98678e+03  3.58387e+29
  4.98699e+03  3.58413e+29
  4.98708e+03  3.58469e+29
  4.98729e+03  3.58511e+29
  4.98738e+03  3.58584e+29
  4.98759e+03  3.58644e+29
  4.98768e+03  3.58740e+29
  4.98790e+03  3.58823e+29
  4.98797e+03  3.58945e+29
  4.98820e+03  3.59120e+29
  4.98850e+03  3.59409e+29
  4.98880e+03  3.59800e+29
  4.98910e+03  3.60288e+29
  4.98940e+03  3.60893e+29
  4.98970e+03  3.61637e+29
  4.99000e+03  3.62546e+29
  4.99030e+03  3.63587e+29
  4.99060e+03  3.64854e+29
  4.99090e+03  3.66388e+29
  4.99120e+03  3.68228e+29
  4.99150e+03  3.70424e+29
  4.99180e+03  3.73028e+29
  4.99210e+03  3.76103e+29
  4.99240e+03  3.79716e+29
  4.99270e+03  3.83935e+29
  4.99300e+03  3.88840e+29
  4.99330e+03  3.94518e+29
  4.99360e+03  4.01064e+29
  4.99390e+03  4.08576e+29
  4.99420e+03  4.17152e+29
  4.99450e+03  4.26899e+29
  4.99480e+03  4.37933e+29
  4.99510e+03  4.50375e+29
  4.99541e+03  4.64341e+29
  4.99571e+03  4.79939e+29
  4.99601e+03  4.97280e+29
  4.99631e+03  5.16483e+29
  4.99661e+03  5.37660e+29
  4.99691e+03  5.60910e+29
  4.99721e+03  5.86300e+29
  4.99751e+03  6.13898e+29
  4.99781e+03  6.43770e+29
  4.99811e+03  6.75964e+29
  4.99841e+03  7.10496e+29
  4.99871e+03  7.47324e+29
  4.99901e+03  7.86409e+29
  4.99931e+03  8.27695e+29
  4.99961e+03  8.71100e+29
  4.99991e+03  9.16492e+29
  5.00021e+03  9.63667e+29
  5.00051e+03  1.01242e+30
  5.00081e+03  1.06253e+30
  5.00111e+03  1.11376e+30
  5.00141e+03  1.16579e+30
  5.00171e+03  1.21826e+30
  5.00201e+03  1.27079e+30
  5.00231e+03  1.32304e+30
  5.00261e+03  1.37462e+30
  5.00292e+03  1.42511e+30
  5.00322e+03  1.47404e+30
  5.00352e+03  1.52097e+30
  5.00382e+03  1.56552e+30
  5.00412e+03  1.60727e+30
  5.00442e+03  1.64581e+30
  5.00472e+03  1.68075e+30
  5.00502e+03  1.71171e+30
  5.00532e+03  1.73842e+30
  5.00562e+03  1.76058e+30
  5.00592e+03  1.77797e+30
  5.00622e+03  1.79038e+30
  5.00652e+03  1.79769e+30
  5.00682e+03  1.79983e+30
  5.00712e+03  1.79675e+30
  5.00742e+03  1.78850e+30
  5.00772e+03  1.77517e+30
  5.00802e+03  1.75689e+30
  5.00832e+03  1.73387e+30
  5.00862e+03  1.70633e+30
  5.00892e+03  1.67455e+30
  5.00922e+03  1.63887e+30
  5.00952e+03  1.59967e+30
  5.00982e+03  1.56188e+30
  5.01000e+03  1.53310e+30
  5.01012e+03  1.50550e+30
  5.01042e+03  1.46498e+30
  5.01073e+03  1.41582e+30
  5.01103e+03  1.36520e+30
  5.01133e+03  1.31353e+30
  5.01163e+03  1.26120e+30
  5.01193e+03  1.20862e+30
  5.01223e+03  1.15620e+30
  5.01253e+03  1.10430e+30
  5.01283e+03  1.05324e+30
  5.01313e+03  1.00329e+30
  5.01343e+03  9.54707e+29
  5.01373e+03  9.07777e+29
  5.01403e+03  8.62692e+29
  5.01433e+03  8.19594e+29
  5.01463e+03  7.78597e+29
  5.01493e+03  7.39799e+29
  5.01523e+03  7.03295e+29
  5.01553e+03  6.69120e+29
  5.01583e+03  6.37266e+29
  5.01613e+03  6.07706e+29
  5.01643e+03  5.80403e+29
  5.01673e+03  5.55323e+29
  5.01703e+03  5.32389e+29
  5.01733e+03  5.11505e+29
  5.01763e+03  4.92565e+29
  5.01793e+03  4.75465e+29
  5.01823e+03  4.60108e+29
  5.01854e+03  4.46376e+29
  5.01884e+03  4.34147e+29
  5.01914e+03  4.23299e+29
  5.01944e+03  4.13720e+29
  5.01974e+03  4.05304e+29
  5.02004e+03  3.97944e+29
  5.02034e+03  3.91532e+29
  5.02064e+03  3.85970e+29
  5.02094e+03  3.81167e+29
  5.02124e+03  3.77043e+29
  5.02154e+03  3.73517e+29
  5.02184e+03  3.70518e+29
  5.02214e+03  3.67978e+29
  5.02244e+03  3.65840e+29
  5.02274e+03  3.64050e+29
  5.02304e+03  3.62562e+29
  5.02334e+03  3.61333e+29
  5.02364e+03  3.60324e+29
  5.02394e+03  3.59504e+29
  5.02424e+03  3.58845e+29
  5.02454e+03  3.58320e+29
  5.02484e+03  3.57909e+29
  5.02514e+03  3.57594e+29
  5.02544e+03  3.57357e+29
  5.02574e+03  3.57186e+29
  5.02604e+03  3.57070e+29
  5.02635e+03  3.56999e+29
  5.02665e+03  3.56964e+29
  5.02695e+03  3.56959e+29
  5.02725e+03  3.56979e+29
  5.02755e+03  3.57018e+29
  5.02785e+03  3.57073e+29
  5.02815e+03  3.57141e+29
  5.02845e+03  3.57219e+29
  5.02875e+03  3.57305e+29
  5.02905e+03  3.57398e+29
  5.02935e+03  3.57496e+29
  5.02965e+03  3.57597e+29
  5.02995e+03  3.57704e+29
  5.03000e+03  3.57719e+29
  5.03025e+03  3.57688e+29
  5.03055e+03  3.57652e+29
  5.03085e+03  3.57616e+29
  5.03115e+03  3.57583e+29
  5.03145e+03  3.57549e+29
  5.03175e+03  3.57517e+29
  5.03205e+03  3.57485e+29
  5.03235e+03  3.57454e+29
  5.03265e+03  3.57422e+29
  5.03295e+03  3.57391e+29
  5.03325e+03  3.57360e+29
  5.03355e+03  3.57330e+29
  5.03385e+03  3.57299e+29
  5.03416e+03  3.57268e+29
  5.03446e+03  3.57238e+29
  5.03476e+03  3.57207e+29
  5.03506e+03  3.57177e+29
  5.03536e+03  3.57147e+29
  5.03566e+03  3.57116e+29
  5.03596e+03  3.57086e+29
  5.03626e+03  3.57055e+29
  5.05000e+03  3.55665e+29
  5.07000e+03  3.62243e+29
  5.09000e+03  3.59075e+29
  5.11000e+03  3.60770e+29
  5.13000e+03  3.58235e+29
  5.15000e+03  3.56244e+29
  5.17000e+03  3.54213e+29
  5.19000e+03  3.57522e+29
  5.21000e+03  3.59149e+29
  5.23000e+03  3.61813e+29
  5.25000e+03  3.65451e+29
  5.27000e+03  3.57573e+29
  5.29000e+03  3.67841e+29
  5.31000e+03  3.70968e+29
  5.33000e+03  3.64100e+29
  5.35000e+03  3.71778e+29
  5.37000e+03  3.72031e+29
  5.39000e+03  3.70497e+29
  5.41000e+03  3.69405e+29
  5.43000e+03  3.70615e+29
  5.45000e+03  3.75282e+29
  5.47000e+03  3.73325e+29
  5.49000e+03  3.74121e+29
  5.51000e+03  3.74396e+29
  5.53000e+03  3.77123e+29
  5.55000e+03  3.79522e+29
  5.57000e+03  3.78044e+29
  5.59000e+03  3.76980e+29
  5.61000e+03  3.80288e+29
  5.63000e+03  3.80726e+29
  5.65000e+03  3.81204e+29
  5.67000e+03  3.79305e+29
  5.69000e+03  3.83507e+29
  5.71000e+03  3.80080e+29
  5.73000e+03  3.88793e+29
  5.75000e+03  3.86718e+29
  5.77000e+03  3.87866e+29
  5.79000e+03  3.84830e+29
  5.81000e+03  3.88915e+29
  5.83000e+03  3.92189e+29
  5.85000e+03  3.89843e+29
  5.87000e+03  3.96301e+29
  5.89000e+03  3.82593e+29
  5.91000e+03  3.90241e+29
  5.93000e+03  3.91480e+29
  5.95000e+03  3.91515e+29
  5.97000e+03  3.94769e+29
  5.99000e+03  3.93040e+29
  6.01000e+03  3.92241e+29
  6.03000e+03  3.95445e+29
  6.05000e+03  3.98247e+29
  6.07000e+03  3.98262e+29
  6.09000e+03  3.95207e+29
  6.11000e+03  3.96155e+29
  6.13000e+03  3.91031e+29
  6.15000e+03  3.93579e+29
  6.17000e+03  3.90737e+29
  6.19000e+03  3.97150e+29
  6.21000e+03  3.97052e+29
  6.23000e+03  3.93594e+29
  6.25000e+03  3.88922e+29
  6.27000e+03  3.96823e+29
  6.29000e+03  4.03548e+29
  6.31000e+03  3.97925e+29
  6.33000e+03  3.93292e+29
  6.35000e+03  3.93545e+29
  6.37000e+03  3.94502e+29
  6.39000e+03  3.96938e+29
  6.41000e+03  3.95142e+29
  6.43000e+03  3.97170e+29
  6.45000e+03  3.97753e+29
  6.47000e+03  3.98296e+29
  6.49000e+03  3.94677e+29
  6.51000e+03  3.95562e+29
  6.52364e+03  3.96165e+29
  6.52404e+03  3.96183e+29
  6.52443e+03  3.96200e+29
  6.52482e+03  3.96218e+29
  6.52522e+03  3.96236e+29
  6.52561e+03  3.96253e+29
  6.52600e+03  3.96271e+29
  6.52640e+03  3.96289e+29
  6.52679e+03  3.96307e+29
  6.52719e+03  3.96325e+29
  6.52758e+03  3.96343e+29
  6.52797e+03  3.96362e+29
  6.52837e+03  3.96382e+29
  6.52876e+03  3.96402e+29
  6.52915e+03  3.96423e+29
  6.52955e+03  3.96445e+29
  6.52994e+03  3.96468e+29
  6.53000e+03  3.96475e+29
  6.53034e+03  3.96496e+29
  6.53073e+03  3.96525e+29
  6.53112e+03  3.96558e+29
  6.53152e+03  3.96597e+29
  6.53191e+03  3.96641e+29
  6.53230e+03  3.96695e+29
  6.53270e+03  3.96759e+29
  6.53309e+03  3.96838e+29
  6.53349e+03  3.96934e+29
  6.53388e+03  3.97054e+29
  6.53427e+03  3.97204e+29
  6.53467e+03  3.97390e+29
  6.53506e+03  3.97623e+29
  6.53546e+03  3.97916e+29
  6.53585e+03  3.98282e+29
  6.53624e+03  3.98739e+29
  6.53664e+03  3.99310e+29
  6.53703e+03  4.00021e+29
  6.53742e+03  4.00904e+29
  6.53782e+03  4.01999e+29
  6.53821e+03  4.03351e+29
  6.53860e+03  4.05015e+29
  6.53900e+03  4.07058e+29
  6.53939e+03  4.09556e+29
  6.53979e+03  4.12599e+29
  6.54018e+03  4.16294e+29
  6.54057e+03  4.20763e+29
  6.54097e+03  4.26149e+29
  6.54136e+03  4.32615e+29
  6.54176e+03  4.40345e+29
  6.54215e+03  4.49554e+29
  6.54254e+03  4.60485e+29
  6.54294e+03  4.73407e+29
  6.54333e+03  4.88621e+29
  6.54372e+03  5.06465e+29
  6.54412e+03  5.27309e+29
  6.54451e+03  5.51560e+29
  6.54491e+03  5.79664e+29
  6.54530e+03  6.12099e+29
  6.54569e+03  6.49382e+29
  6.54609e+03  6.92062e+29
  6.54648e+03  7.40720e+29
  6.54687e+03  7.95944e+29
  6.54727e+03  8.58382e+29
  6.54766e+03  9.28698e+29
  6.54806e+03  1.00753e+30
  6.54845e+03  1.09554e+30
  6.54884e+03  1.19336e+30
  6.54924e+03  1.30162e+30
  6.54963e+03  1.41889e+30
  6.55000e+03  1.51341e+30
  6.55002e+03  1.58379e+30
  6.55042e+03  1.69469e+30
  6.55081e+03  1.85006e+30
  6.55121e+03  2.01819e+30
  6.55160e+03  2.19928e+30
  6.55199e+03  2.39340e+30
  6.55239e+03  2.60050e+30
  6.55278e+03  2.82028e+30
  6.55317e+03  3.05243e+30
  6.55357e+03  3.29645e+30
  6.55396e+03  3.55152e+30
  6.55436e+03  3.81672e+30
  6.55475e+03  4.09091e+30
  6.55514e+03  4.37275e+30
  6.55554e+03  4.66074e+30
  6.55593e+03  4.95317e+30
  6.55633e+03  5.24817e+30
  6.55672e+03  5.54374e+30
  6.55711e+03  5.83771e+30
  6.55751e+03  6.12782e+30
  6.55790e+03  6.41164e+30
  6.55829e+03  6.68687e+30
  6.55869e+03  6.95117e+30
  6.55908e+03  7.20206e+30
  6.55948e+03  7.43718e+30
  6.55987e+03  7.65428e+30
  6.56026e+03  7.85121e+30
  6.56066e+03  8.02599e+30
  6.56105e+03  8.17685e+30
  6.56144e+03  8.30220e+30
  6.56184e+03  8.40073e+30
  6.56223e+03  8.47139e+30
  6.56263e+03  8.51344e+30
  6.56302e+03  8.52641e+30
  6.56341e+03  8.51018e+30
  6.56381e+03  8.46492e+30
  6.56420e+03  8.39111e+30
  6.56459e+03  8.28953e+30
  6.56499e+03  8.16127e+30
  6.56538e+03  8.00768e+30
  6.56578e+03  7.83034e+30
  6.56617e+03  7.63106e+30
  6.56656e+03  7.41186e+30
  6.56696e+03  7.17488e+30
  6.56735e+03  6.92240e+30
  6.56775e+03  6.65677e+30
  6.56814e+03  6.38049e+30
  6.56853e+03  6.09588e+30
  6.56893e+03  5.80526e+30
  6.56932e+03  5.51103e+30
  6.56971e+03  5.23563e+30
  6.57000e+03  5.03441e+30
  6.57011e+03  4.86721e+30
  6.57050e+03  4.62869e+30
  6.57090e+03  4.34135e+30
  6.57129e+03  4.06033e+30
  6.57168e+03  3.78713e+30
  6.57208e+03  3.52306e+30
  6.57247e+03  3.26922e+30
  6.57286e+03  3.02653e+30
  6.57326e+03  2.79579e+30
  6.57365e+03  2.57746e+30
  6.57405e+03  2.37185e+30
  6.57444e+03  2.17923e+30
  6.57483e+03  1.99964e+30
  6.57523e+03  1.83300e+30
  6.57562e+03  1.67908e+30
  6.57601e+03  1.53758e+30
  6.57641e+03  1.40808e+30
  6.57680e+03  1.29010e+30
  6.57720e+03  1.18308e+30
  6.57759e+03  1.08643e+30
  6.57798e+03  9.99525e+29
  6.57838e+03  9.21719e+29
  6.57877e+03  8.52356e+29
  6.57916e+03  7.90799e+29
  6.57956e+03  7.36382e+29
  6.57995e+03  6.88463e+29
  6.58035e+03  6.46455e+29
  6.58074e+03  6.09780e+29
  6.58113e+03  5.77893e+29
  6.58153e+03  5.50282e+29
  6.58192e+03  5.26470e+29
  6.58231e+03  5.06019e+29
  6.58271e+03  4.88525e+29
  6.58310e+03  4.73620e+29
  6.58350e+03  4.60972e+29
  6.58389e+03  4.50282e+29
  6.58428e+03  4.41287e+29
  6.58468e+03  4.33745e+29
  6.58507e+03  4.27444e+29
  6.58546e+03  4.22204e+29
  6.58586e+03  4.17864e+29
  6.58625e+03  4.14283e+29
  6.58665e+03  4.11341e+29
  6.58704e+03  4.08934e+29
  6.58743e+03  4.06972e+29
  6.58783e+03  4.05381e+29
  6.58822e+03  4.04095e+29
  6.58862e+03  4.03061e+29
  6.58901e+03  4.02234e+29
  6.58940e+03  4.01575e+29
  6.58980e+03  4.01109e+29
  6.59000e+03  4.00832e+29
  6.59019e+03  4.00591e+29
  6.59058e+03  4.00320e+29
  6.59098e+03  4.00070e+29
  6.59137e+03  3.99877e+29
  6.59177e+03  3.99730e+29
  6.59216e+03  3.99620e+29
  6.59255e+03  3.99538e+29
  6.59295e+03  3.99478e+29
  6.59334e+03  3.99436e+29
  6.59373e+03  3.99408e+29
  6.59413e+03  3.99390e+29
  6.59452e+03  3.99381e+29
  6.59492e+03  3.99378e+29
  6.59531e+03  3.99381e+29
  6.59570e+03  3.99386e+29
  6.59610e+03  3.99395e+29
  6.59649e+03  3.99406e+29
  6.59688e+03  3.99419e+29
  6.59728e+03  3.99433e+29
  6.59767e+03  3.99447e+29
  6.59807e+03  3.99463e+29
  6.59846e+03  3.99479e+29
  6.59885e+03  3.99495e+29
  6.59925e+03  3.99512e+29
  6.59964e+03  3.99529e+29
  6.60004e+03  3.99546e+29
  6.60043e+03  3.99563e+29
  6.60082e+03  3.99580e+29
  6.60122e+03  3.99597e+29
  6.60161e+03  3.99615e+29
  6.60200e+03  3.99632e+29
  6.61000e+03  3.99986e+29
  6.63000e+03  4.00870e+29
  6.65000e+03  4.01755e+29
  6.67000e+03  4.02640e+29
  6.69000e+03  4.03525e+29
  6.71000e+03  4.04410e+29
  6.73000e+03  4.05294e+29
  6.75000e+03  4.06179e+29
  6.77000e+03  4.07064e+29
  6.79000e+03  4.07949e+29
  6.81000e+03  4.08833e+29
  6.83000e+03  4.10916e+29
  6.85000e+03  4.08105e+29
  6.87000e+03  4.10834e+29
  6.89000e+03  4.13989e+29
  6.91000e+03  4.13585e+29
  6.93000e+03  4.12992e+29
  6.95000e+03  4.11917e+29
  6.97000e+03  4.14577e+29
  6.99000e+03  4.14302e+29
  7.01000e+03  4.12212e+29
  7.03000e+03  4.15711e+29
  7.05000e+03  4.17573e+29
  7.07000e+03  4.13236e+29
  7.09000e+03  4.13362e+29
  7.11000e+03  4.10474e+29
  7.13000e+03  4.38418e+29
  7.15000e+03  4.14095e+29
  7.17000e+03  4.12274e+29
  7.19000e+03  4.07817e+29
  7.21000e+03  4.11972e+29
  7.23000e+03  4.14715e+29
  7.25000e+03  4.16338e+29
  7.27000e+03  4.17142e+29
  7.29000e+03  4.13536e+29
  7.31000e+03  4.18366e+29
  7.33000e+03  4.27002e+29
  7.35000e+03  4.21634e+29
  7.37000e+03  4.26324e+29
  7.39000e+03  4.23503e+29
  7.41000e+03  4.22472e+29
  7.43000e+03  4.27683e+29
  7.45000e+03  4.28996e+29
  7.47000e+03  4.31670e+29
  7.49000e+03  4.32097e+29
  7.51000e+03  4.34588e+29
  7.53000e+03  4.38481e+29
  7.55000e+03  4.40980e+29
  7.57000e+03  4.40819e+29
  7.59000e+03  4.38484e+29
  7.61000e+03  4.36809e+29
  7.63000e+03  4.32917e+29
  7.65000e+03  4.30403e+29
  7.67000e+03  4.23809e+29
  7.69000e+03  4.28876e+29
  7.71000e+03  4.24913e+29
  7.73000e+03  4.26829e+29
  7.75000e+03  4.25933e+29
  7.77000e+03  4.27634e+29
  7.79000e+03  4.30463e+29
  7.81000e+03  4.31585e+29
  7.83000e+03  4.30206e+29
  7.85000e+03  4.28400e+29
  7.87000e+03  4.30418e+29
  7.89000e+03  4.26400e+29
  7.91000e+03  4.21920e+29
  7.93000e+03  4.23466e+29
  7.95000e+03  4.22037e+29
  7.97000e+03  4.29519e+29
  7.99000e+03  4.29258e+29
  8.01000e+03  4.35607e+29
  8.03000e+03  4.36742e+29
  8.05000e+03  4.36646e+29
  8.07000e+03  4.39795e+29
  8.09000e+03  4.38638e+29
  8.11000e+03  4.41783e+29
  8.13000e+03  4.47429e+29
  8.15000e+03  4.50814e+29
  8.17000e+03  4.53791e+29
  8.19000e+03  4.50660e+29
  8.21000e+03  4.45353e+29
  8.23000e+03  4.46361e+29
  8.25000e+03  4.47355e+29
  8.27000e+03  4.48983e+29
  8.29000e+03  4.46928e+29
  8.31000e+03  4.40916e+29
  8.33000e+03  4.37880e+29
  8.35000e+03  4.40502e+29
  8.37000e+03  4.39598e+29
  8.39000e+03  4.34450e+29
  8.41000e+03  4.40597e+29
  8.43000e+03  4.33570e+29
  8.45000e+03  4.31404e+29
  8.47000e+03  4.26032e+29
  8.49000e+03  4.36039e+29
  8.51000e+03  4.14387e+29
  8.53000e+03  4.39536e+29
  8.55000e+03  3.89303e+29
  8.57000e+03  4.52283e+29
  8.59000e+03  4.36963e+29
  8.61000e+03  4.36206e+29
  8.63000e+03  4.61257e+29
  8.65000e+03  4.52782e+29
  8.67000e+03  3.95378e+29
  8.69000e+03  4.57920e+29
  8.71000e+03  4.71500e+29
  8.73000e+03  4.68257e+29
  8.75000e+03  4.36375e+29
  8.77000e+03  4.66486e+29
  8.79000e+03  4.81804e+29
  8.81000e+03  4.80535e+29
  8.83000e+03  4.79484e+29
  8.85000e+03  4.65301e+29
  8.87000e+03  4.36882e+29
  8.89000e+03  4.70945e+29
  8.91000e+03  4.79234e+29
  8.93000e+03  4.78056e+29
  8.95000e+03  4.78615e+29
  8.97000e+03  4.79668e+29
  8.99000e+03  4.75705e+29
  9.01000e+03  4.43064e+29
  9.03000e+03  4.63989e+29
  9.05000e+03  4.80000e+29
  9.07000e+03  4.80000e+29
  9.09000e+03  4.80000e+29
  9.11000e+03  4.80000e+29
  9.13000e+03  4.80000e+29
  9.15000e+03  4.80000e+29
  9.17000e+03  4.80000e+29
  9.19000e+03  4.80000e+29
  9.21000e+03  4.78372e+29
  9.23000e+03  4.44275e+29
  9.25000e+03  4.67527e+29
  9.27000e+03  4.78456e+29
  9.29000e+03  4.78486e+29
  9.31000e+03  4.80403e+29
  9.33000e+03  4.82593e+29
  9.35000e+03  4.80948e+29
  9.37000e+03  4.77348e+29
  9.39000e+03  4.83371e+29
  9.41000e+03  4.78335e+29
  9.43000e+03  4.85214e+29
  9.45000e+03  4.84027e+29
  9.47000e+03  4.88987e+29
  9.49000e+03  4.88620e+29
  9.51000e+03  4.82021e+29
  9.53000e+03  4.76973e+29
  9.55000e+03  4.54406e+29
  9.57000e+03  4.79297e+29
  9.59000e+03  4.90818e+29
  9.61000e+03  4.89782e+29
  9.63000e+03  4.92484e+29
  9.65000e+03  4.90257e+29
  9.67000e+03  4.90912e+29
  9.69000e+03  4.95359e+29
  9.71000e+03  4.91314e+29
  9.73000e+03  4.89286e+29
  9.75000e+03  4.89004e+29
  9.77000e+03  4.91079e+29
  9.79000e+03  4.88392e+29
  9.81000e+03  4.94039e+29
  9.83000e+03  4.92515e+29
  9.85000e+03  4.93976e+29
  9.87000e+03  4.92716e+29
  9.89000e+03  4.92646e+29
  9.91000e+03  4.92866e+29
  9.93000e+03  4.94297e+29
  9.95000e+03  4.95417e+29
  9.97000e+03  4.95610e+29
  9.99000e+03  4.94558e+29
  1.00250e+04  4.86095e+29
  1.00750e+04  4.79464e+29
  1.01250e+04  4.96003e+29
  1.01750e+04  4.94453e+29
  1.02250e+04  4.96974e+29
  1.02750e+04  4.98816e+29
  1.03250e+04  5.28595e+29
  1.03750e+04  4.94804e+29
  1.04250e+04  4.97447e+29
  1.04750e+04  4.93379e+29
  1.05250e+04  4.91536e+29
  1.05750e+04  4.85863e+29
  1.06250e+04  4.83800e+29
  1.06750e+04  4.82884e+29
  1.07250e+04  4.85672e+29
  1.07750e+04  4.84039e+29
  1.08250e+04  5.27848e+29
  1.08750e+04  4.78813e+29
  1.09250e+04  4.74776e+29
  1.09750e+04  4.71089e+29
  1.10250e+04  4.74395e+29
  1.10750e+04  4.70090e+29
  1.11250e+04  4.70456e+29
  1.11750e+04  4.68920e+29
  1.12250e+04  4.70298e+29
  1.12750e+04  4.67509e+29
  1.13250e+04  4.67281e+29
  1.13750e+04  4.66999e+29
  1.14250e+04  4.64749e+29
  1.14750e+04  4.68596e+29
  1.15250e+04  4.68173e+29
  1.15750e+04  4.65352e+29
  1.16250e+04  4.61268e+29
  1.16750e+04  4.61444e+29
  1.17250e+04  4.63172e+29
  1.17750e+04  4.57258e+29
  1.18250e+04  4.54860e+29
  1.18750e+04  4.49141e+29
  1.19250e+04  4.54344e+29
  1.19750e+04  4.45594e+29
  1.20250e+04  4.51999e+29
  1.20750e+04  4.49707e+29
  1.21250e+04  4.50278e+29
  1.21750e+04  4.51240e+29
  1.22250e+04  4.50059e+29
  1.22750e+04  4.47550e+29
  1.23250e+04  4.46689e+29
  1.23750e+04  4.45783e+29
  1.24250e+04  4.42666e+29
  1.24750e+04  4.41223e+29
  1.25250e+04  4.39291e+29
  1.25750e+04  4.38055e+29
  1.26250e+04  4.36506e+29
  1.26750e+04  4.34998e+29
  1.27250e+04  4.35099e+29
  1.27750e+04  4.36186e+29
  1.28250e+04  4.54394e+29
  1.28750e+04  4.29722e+29
  1.29250e+04  4.28530e+29
  1.29750e+04  4.31159e+29
  1.30250e+04  4.28476e+29
  1.30750e+04  4.29218e+29
  1.31250e+04  4.24528e+29
  1.31750e+04  4.23703e+29
  1.32250e+04  4.23973e+29
  1.32750e+04  4.19674e+29
  1.33250e+04  4.21160e+29
  1.33750e+04  4.18713e+29
  1.34250e+04  4.19966e+29
  1.34750e+04  4.17971e+29
  1.35250e+04  4.16903e+29
  1.35750e+04  4.12829e+29
  1.36250e+04  4.12070e+29
  1.36750e+04  4.13200e+29
  1.37250e+04  4.13823e+29
  1.37750e+04  4.13536e+29
  1.38250e+04  4.13623e+29
  1.38750e+04  4.10682e+29
  1.39250e+04  4.00498e+29
  1.39750e+04  3.99552e+29
  1.40250e+04  3.96445e+29
  1.40750e+04  3.98440e+29
  1.41250e+04  3.95414e+29
  1.41750e+04  3.97332e+29
  1.42250e+04  3.93977e+29
  1.42750e+04  3.91560e+29
  1.43250e+04  3.95876e+29
  1.43750e+04  3.97071e+29
  1.44250e+04  3.90745e+29
  1.44750e+04  3.96429e+29
  1.45250e+04  3.93295e+29
  1.45700e+04  3.95010e+29
  1.46200e+04  3.90105e+29
  1.46750e+04  3.89532e+29
  1.47250e+04  3.86518e+29
  1.47750e+04  3.88760e+29
  1.48250e+04  3.89321e+29
  1.48750e+04  3.87583e+29
  1.49250e+04  3.93033e+29
  1.49750e+04  3.90713e+29
  1.50250e+04  3.89352e+29
  1.50750e+04  3.87965e+29
  1.51250e+04  3.92715e+29
  1.51750e+04  3.93863e+29
  1.52250e+04  3.94557e+29
  1.52750e+04  3.94398e+29
  1.53250e+04  3.93716e+29
  1.53750e+04  3.95955e+29
  1.54250e+04  3.92632e+29
  1.54750e+04  3.96108e+29
  1.55250e+04  3.94220e+29
  1.55750e+04  3.79446e+29
  1.56250e+04  3.84656e+29
  1.56750e+04  3.84167e+29
  1.57250e+04  3.87605e+29
  1.57750e+04  3.73708e+29
  1.58250e+04  3.71733e+29
  1.58750e+04  3.67095e+29
  1.59250e+04  3.82057e+29
  1.59750e+04  3.74623e+29
  1.60500e+04  3.71363e+29
  1.61500e+04  3.73849e+29
  1.62500e+04  3.68206e+29
  1.63500e+04  3.77629e+29
  1.64500e+04  3.66414e+29
  1.65500e+04  3.73050e+29
  1.66500e+04  3.62758e+29
  1.67500e+04  3.64829e+29
  1.68500e+04  3.55272e+29
  1.69500e+04  3.61324e+29
  1.70500e+04  3.57175e+29
  1.71500e+04  3.54018e+29
  1.72500e+04  3.51107e+29
  1.73500e+04  3.38803e+29
  1.74500e+04  3.42037e+29
  1.75500e+04  3.38121e+29
  1.76500e+04  3.34586e+29
  1.77500e+04  3.29138e+29
  1.78500e+04  3.26443e+29
  1.79500e+04  3.21895e+29
  1.80500e+04  3.15530e+29
  1.81500e+04  3.09339e+29
  1.82500e+04  3.08257e+29
  1.83500e+04  3.05168e+29
  1.84500e+04  3.01136e+29
  1.85500e+04  2.98341e+29
  1.86500e+04  2.92736e+29
  1.87500e+04  3.64819e+29
  1.88500e+04  2.86651e+29
  1.89500e+04  2.79998e+29
  1.90500e+04  2.81694e+29
  1.91500e+04  2.77383e+29
  1.92500e+04  2.74928e+29
  1.93500e+04  2.69578e+29
  1.94500e+04  2.67481e+29
  1.95500e+04  2.63710e+29
  1.96500e+04  2.60058e+29
  1.97500e+04  2.55268e+29
  1.98500e+04  2.53043e+29
  1.99500e+04  2.50490e+29
  2.00500e+04  2.49295e+29
  2.01500e+04  2.46746e+29
  2.02500e+04  2.42231e+29
  2.03500e+04  2.39750e+29
  2.04500e+04  2.39402e+29
  2.05500e+04  2.37338e+29
  2.06500e+04  2.33389e+29
  2.07500e+04  2.31445e+29
  2.08500e+04  2.29103e+29
  2.09500e+04  2.26044e+29
  2.10500e+04  2.25170e+29
  2.11500e+04  2.22204e+29
  2.12500e+04  2.22007e+29
  2.13500e+04  2.18329e+29
  2.14500e+04  2.15965e+29
  2.15500e+04  2.13261e+29
  2.16500e+04  2.15650e+29
  2.17500e+04  2.07761e+29
  2.18500e+04  2.05991e+29
  2.19500e+04  2.04358e+29
  2.20500e+04  2.00718e+29
  2.21500e+04  2.00163e+29
  2.22500e+04  1.96638e+29
  2.23500e+04  1.94773e+29
  2.24500e+04  1.92811e+29
  2.25500e+04  1.90994e+29
  2.26500e+04  1.88106e+29
  2.27500e+04  1.87233e+29
  2.28500e+04  1.84223e+29
  2.29500e+04  1.60245e+29
  2.30500e+04  1.69229e+29
  2.31500e+04  1.68432e+29
  2.32500e+04  1.48530e+29
  2.33500e+04  1.58397e+29
  2.34500e+04  1.53531e+29
  2.35500e+04  1.38893e+29
  2.36500e+04  1.48910e+29
  2.37500e+04  1.44542e+29
  2.38500e+04  1.33186e+29
  2.39500e+04  1.40901e+29
  2.40500e+04  1.39187e+29
  2.41500e+04  1.29226e+29
  2.42500e+04  1.34596e+29
  2.43500e+04  1.32316e+29
  2.44500e+04  1.26377e+29
  2.45500e+04  1.26049e+29
  2.46500e+04  1.27288e+29
  2.47500e+04  1.23102e+29
  2.48500e+04  1.14136e+29
  2.49500e+04  1.13134e+29
  2.50500e+04  1.15578e+29
  2.51500e+04  1.08705e+29
  2.52500e+04  1.11415e+29
  2.53500e+04  1.11995e+29
  2.54500e+04  1.10421e+29
  2.55500e+04  1.09556e+29
  2.56500e+04  1.09678e+29
  2.57500e+04  1.11163e+29
  2.58500e+04  1.07734e+29
  2.59500e+04  1.08762e+29
  2.60500e+04  1.09061e+29
  2.61500e+04  1.06972e+29
  2.62500e+04  1.17821e+29
  2.63500e+04  1.06820e+29
  2.64500e+04  1.06448e+29
  2.65500e+04  1.05148e+29
  2.66500e+04  1.03744e+29
  2.67500e+04  1.04494e+29
  2.68500e+04  1.04303e+29
  2.69500e+04  1.02497e+29
  2.70500e+04  1.02961e+29
  2.71500e+04  1.02280e+29
  2.72500e+04  1.02169e+29
  2.73500e+04  1.00228e+29
  2.74500e+04  1.00492e+29
  2.75500e+04  9.96904e+28
  2.76500e+04  9.90766e+28
  2.77500e+04  9.80668e+28
  2.78500e+04  9.81257e+28
  2.79500e+04  9.80756e+28
  2.80500e+04  9.72742e+28
  2.81500e+04  9.60105e+28
  2.82500e+04  9.57000e+28
  2.83500e+04  9.54460e+28
  2.84500e+04  9.45300e+28
  2.85500e+04  9.33600e+28
  2.86500e+04  9.22800e+28
  2.87500e+04  9.07300e+28
  2.88500e+04  9.05000e+28
  2.89500e+04  8.95800e+28
  2.90500e+04  8.85600e+28
  2.91500e+04  8.77600e+28
  2.92500e+04  8.63900e+28
  2.93500e+04  8.59600e+28
  2.94500e+04  8.47100e+28
  2.95500e+04  8.38500e+28
  2.96500e+04  8.31700e+28
  2.97500e+04  8.22700e+28
  2.98500e+04  8.12300e+28
  2.99500e+04  8.03500e+28
  3.00500e+04  7.95000e+28
  3.01500e+04  7.89000e+28
  3.02500e+04  7.80000e+28
  3.03500e+04  7.65200e+28
  3.04500e+04  7.63500e+28
  3.05500e+04  7.57700e+28
  3.06500e+04  7.50700e+28
  3.07500e+04  7.44800e+28
  3.08500e+04  7.36200e+28
  3.09500e+04  7.29900e+28
  3.10500e+04  7.24900e+28
  3.11500e+04  7.14600e+28
  3.12500e+04  7.10200e+28
  3.13500e+04  7.03600e+28
  3.14500e+04  6.96600e+28
  3.15500e+04  6.89100e+28
  3.16500e+04  6.82100e+28
  3.17500e+04  6.77100e+28
  3.18500e+04  6.70600e+28
  3.19500e+04  6.65100e+28
  3.21000e+04  6.55100e+28
  3.23000e+04  6.42400e+28
  3.25000e+04  6.30200e+28
  3.27000e+04  6.17600e+28
  3.29000e+04  6.01600e+28
  3.31000e+04  5.92400e+28
  3.33000e+04  5.80800e+28
  3.35000e+04  5.70500e+28
  3.37000e+04  5.58600e+28
  3.39000e+04  5.46600e+28
  3.41000e+04  5.35200e+28
  3.43000e+04  5.25400e+28
  3.45000e+04  5.15000e+28
  3.47000e+04  5.04400e+28
  3.49000e+04  4.94300e+28
  3.51000e+04  4.84600e+28
  3.53000e+04  4.74100e+28
  3.55000e+04  4.65000e+28
  3.57000e+04  4.55200e+28
  3.59000e+04  4.46400e+28
  3.61000e+04  4.37700e+28
  3.63000e+04  4.29400e+28
  3.65000e+04  4.19500e+28
  3.67000e+04  4.11700e+28
  3.69000e+04  4.01800e+28
  3.71000e+04  3.94000e+28
  3.73000e+04  3.86800e+28
  3.75000e+04  3.76600e+28
  3.77000e+04  3.72600e+28
  3.79000e+04  3.65200e+28
  3.81000e+04  3.58000e+28
  3.83000e+04  3.51800e+28
  3.85000e+04  3.45600e+28
  3.87000e+04  3.38100e+28
  3.89000e+04  3.31800e+28
  3.91000e+04  3.25200e+28
  3.93000e+04  3.19900e+28
  3.95000e+04  3.13000e+28
  3.97000e+04  3.07300e+28
  3.99000e+04  3.00400e+28
  4.01000e+04  2.95300e+28
  4.03000e+04  2.90100e+28
  4.05000e+04  4.36273e+28
  4.07000e+04  2.79803e+28
  4.09000e+04  2.75000e+28
  4.11000e+04  2.70300e+28
  4.13000e+04  2.65700e+28
  4.15000e+04  2.60600e+28
  4.17000e+04  2.55200e+28
  4.19000e+04  2.51400e+28
  4.21000e+04  2.46700e+28
  4.23000e+04  2.43300e+28
  4.25000e+04  2.38600e+28
  4.27000e+04  2.34900e+28
  4.29000e+04  2.22900e+28
  4.31000e+04  2.12300e+28
  4.33000e+04  2.13000e+28
  4.35000e+04  2.02600e+28
  4.37000e+04  1.97100e+28
  4.39000e+04  1.93400e+28
  4.41000e+04  1.84000e+28
  4.43000e+04  1.82600e+28
  4.45000e+04  1.78500e+28
  4.47000e+04  1.71000e+28
  4.49000e+04  1.72100e+28
  4.51000e+04  1.67400e+28
  4.53000e+04  1.61900e+28
  4.55000e+04  1.61800e+28
  4.57000e+04  1.59500e+28
  4.59000e+04  1.53300e+28
  4.61000e+04  1.54500e+28
  4.63000e+04  1.50900e+28
  4.65000e+04  1.48600e+28
  4.67000e+04  1.47300e+28
  4.69000e+04  1.45200e+28
  4.71000e+04  1.42300e+28
  4.73000e+04  1.42600e+28
  4.75000e+04  1.39600e+28
  4.77000e+04  1.37700e+28
  4.79000e+04  1.35800e+28
  4.81000e+04  1.32700e+28
  4.83000e+04  1.33300e+28
  4.85000e+04  1.30700e+28
  4.87000e+04  1.28100e+28
  4.89000e+04  1.26800e+28
  4.91000e+04  1.24700e+28
  4.93000e+04  1.23000e+28
  4.95000e+04  1.21000e+28
  4.97000e+04  1.20200e+28
  4.99000e+04  1.18300e+28
  5.01000e+04  1.17100e+28
  5.03000e+04  1.15500e+28
  5.05000e+04  1.12900e+28
  5.07000e+04  1.11900e+28
  5.09000e+04  1.10600e+28
  5.11000e+04  1.08600e+28
  5.13000e+04  1.07100e+28
  5.15000e+04  1.05800e+28
  5.17000e+04  1.05500e+28
  5.19000e+04  1.03500e+28
  5.21000e+04  1.02100e+28
  5.23000e+04  1.00600e+28
  5.25000e+04  9.98200e+27
  5.27000e+04  9.95000e+27
  5.29000e+04  9.69500e+27
  5.31000e+04  9.55500e+27
  5.33000e+04  9.48800e+27
  5.35000e+04  9.36700e+27
  5.37000e+04  9.25700e+27
  5.39000e+04  9.15800e+27
  5.41000e+04  9.04400e+27
  5.43000e+04  8.88500e+27
  5.45000e+04  8.84300e+27
  5.47000e+04  8.68700e+27
  5.49000e+04  8.60900e+27
  5.51000e+04  8.47100e+27
  5.53000e+04  8.50100e+27
  5.55000e+04  8.27100e+27
  5.57000e+04  8.25700e+27
  5.59000e+04  8.11300e+27
  5.61000e+04  8.06300e+27
  5.63000e+04  7.90400e+27
  5.65000e+04  7.87000e+27
  5.67000e+04  7.76700e+27
  5.69000e+04  7.62200e+27
  5.71000e+04  7.59500e+27
  5.73000e+04  7.50500e+27
  5.75000e+04  7.41000e+27
  5.77000e+04  7.31300e+27
  5.79000e+04  7.26300e+27
  5.81000e+04  7.15300e+27
  5.83000e+04  7.07500e+27
  5.85000e+04  6.99000e+27
  5.87000e+04  6.88100e+27
  5.89000e+04  6.81000e+27
  5.91000e+04  6.71100e+27
  5.93000e+04  6.66700e+27
  5.95000e+04  6.57300e+27
  5.97000e+04  6.52200e+27
  5.99000e+04  6.44600e+27
  6.01000e+04  6.37200e+27
  6.03000e+04  6.29500e+27
  6.05000e+04  6.20300e+27
  6.07000e+04  6.13700e+27
  6.09000e+04  6.06300e+27
  6.11000e+04  5.98600e+27
  6.13000e+04  5.93100e+27
  6.15000e+04  5.86800e+27
  6.17000e+04  5.81600e+27
  6.19000e+04  5.74400e+27
  6.21000e+04  5.68800e+27
  6.23000e+04  5.61000e+27
  6.25000e+04  5.53100e+27
  6.27000e+04  5.47200e+27
  6.29000e+04  5.41300e+27
  6.31000e+04  5.35000e+27
  6.33000e+04  5.30600e+27
  6.35000e+04  5.23600e+27
  6.37000e+04  5.19500e+27
  6.39000e+04  5.11500e+27
  6.42000e+04  5.04100e+27
  6.46000e+04  4.92200e+27
  6.50000e+04  4.81600e+27
  6.54000e+04  4.70800e+27
  6.58000e+04  4.61100e+27
  6.62000e+04  4.50600e+27
  6.66000e+04  4.40900e+27
  6.70000e+04  4.31600e+27
  6.74000e+04  4.21900e+27
  6.78000e+04  4.12800e+27
  6.82000e+04  4.03800e+27
  6.86000e+04  3.95500e+27
  6.90000e+04  3.86800e+27
  6.94000e+04  3.78700e+27
  6.98000e+04  3.70700e+27
  7.02000e+04  3.62800e+27
  7.06000e+04  3.55300e+27
  7.10000e+04  3.47800e+27
  7.14000e+04  3.40700e+27
  7.18000e+04  3.33500e+27
  7.22000e+04  3.26800e+27
  7.26000e+04  3.20000e+27
  7.30000e+04  3.13500e+27
  7.34000e+04  3.07000e+27
  7.38000e+04  3.00900e+27
  7.42000e+04  2.94300e+27
  7.46000e+04  2.87700e+27
  7.50000e+04  2.82000e+27
  7.54000e+04  2.77000e+27
  7.58000e+04  2.71700e+27
  7.62000e+04  2.66400e+27
  7.66000e+04  2.61200e+27
  7.70000e+04  2.56000e+27
  7.74000e+04  2.51100e+27
  7.78000e+04  2.46200e+27
  7.82000e+04  2.41500e+27
  7.86000e+04  2.36900e+27
  7.90000e+04  2.32400e+27
  7.94000e+04  2.28000e+27
  7.98000e+04  2.23700e+27
  8.02000e+04  2.19400e+27
  8.06000e+04  2.15300e+27
  8.10000e+04  2.11400e+27
  8.14000e+04  2.07400e+27
  8.18000e+04  2.03600e+27
  8.22000e+04  1.99900e+27
  8.26000e+04  1.96200e+27
  8.30000e+04  1.92700e+27
  8.34000e+04  1.89100e+27
  8.38000e+04  1.85800e+27
  8.42000e+04  1.82500e+27
  8.46000e+04  1.79200e+27
  8.50000e+04  1.76000e+27
  8.54000e+04  1.72900e+27
  8.58000e+04  1.69900e+27
  8.62000e+04  1.66900e+27
  8.66000e+04  1.64100e+27
  8.70000e+04  1.61200e+27
  8.74000e+04  1.58400e+27
  8.78000e+04  1.55700e+27
  8.82000e+04  1.53000e+27
  8.86000e+04  1.50400e+27
  8.90000e+04  1.47800e+27
  8.94000e+04  1.45400e+27
  8.98000e+04  1.42900e+27
  9.02000e+04  1.40500e+27
  9.06000e+04  1.38200e+27
  9.10000e+04  1.35800e+27
  9.14000e+04  1.33500e+27
  9.18000e+04  1.31400e+27
  9.22000e+04  1.29300e+27
  9.26000e+04  1.27100e+27
  9.30000e+04  1.25100e+27
  9.34000e+04  1.23000e+27
  9.38000e+04  1.21100e+27
  9.42000e+04  1.19100e+27
  9.46000e+04  1.17200e+27
  9.50000e+04  1.15400e+27
  9.54000e+04  1.13600e+27
  9.58000e+04  1.11800e+27
  9.62000e+04  1.10000e+27
  9.66000e+04  1.08300e+27
  9.70000e+04  1.06600e+27
  9.74000e+04  1.04900e+27
  9.78000e+04  1.03300e+27
  9.82000e+04  1.01800e+27
  9.86000e+04  1.00200e+27
  9.90000e+04  9.87100e+26
  9.94000e+04  9.72000e+26
  9.98000e+04  9.57300e+26
  1.00200e+05  9.42900e+26
  2.00000e+05  7.18800e+25
  4.00000e+05  7.20500e+24
  6.00000e+05  2.36600e+24
  8.00000e+05  1.19100e+24
  1.00000e+06  7.29200e+23
  1.20000e+06  5.03500e+23
  1.40000e+06  3.70400e+23
  1.60000e+06  2.84800e+23
