       91.000000    0.0035474834
       94.000000    0.0035424958
       96.000000    0.0035165522
       98.000000    0.0034917269
       100.00000    0.0034685235
       102.00000    0.0034466549
       104.00000    0.0034260127
       106.00000    0.0034060902
       108.00000    0.0033877671
       110.00000    0.0033701679
       114.00000    0.0033377646
       118.00000    0.0032797835
       121.00000    0.0032395269
       125.00000    0.0031899634
       127.00000    0.0031663938
       128.00000    0.0031550021
       131.00000    0.0031225869
       132.00000    0.0031122692
       134.00000    0.0030912495
       137.00000    0.0030593438
       140.00000    0.0030305528
       143.00000    0.0030032246
       147.00000    0.0029695957
       151.00000    0.0029392770
       155.00000    0.0029120413
       159.00000    0.0028874560
       162.00000    0.0028711196
       166.00000    0.0028520949
       170.00000    0.0028351794
       173.00000    0.0028243559
       177.00000    0.0028125245
       180.00000    0.0028045501
       182.00000    0.0028007267
       186.00000    0.0027936072
       191.00000    0.0027841182
       194.00000    0.0027783206
       198.00000    0.0027721132
       202.00000    0.0027682088
       205.00000    0.0027667718
       210.00000    0.0027662953
       216.00000    0.0027693366
       220.00000    0.0027736062
       223.00000    0.0027777771
       227.00000    0.0027853760
       230.00000     0.013967941
       234.00000     0.013656923
       240.00000     0.013368354
       246.00000     0.013250850
       252.00000     0.013088820
       257.00000     0.012215967
       260.00000     0.012614851
       264.00000     0.012602680
       269.00000     0.012339170
       274.00000     0.012113354
       279.00000     0.011765890
       284.00000     0.011653961
       290.00000     0.011414247
       296.00000     0.010985006
       301.00000    0.0099447692
       308.00000    0.0099980927
       318.00000     0.010401878
       328.00000     0.010158693
       338.00000    0.0098743415
       348.00000    0.0096533812
       357.00000    0.0096133584
       366.00000    0.0096673041
       375.00000    0.0095687452
       385.00000    0.0092934468
       395.00000    0.0095468418
       405.00000    0.0096951950
       414.00000    0.0096888001
       422.00000    0.0096102331
       430.00000    0.0096451260
       441.00000    0.0098601635
       451.00000    0.0099553243
       460.00000    0.0099381193
       470.00000     0.010053655
       480.00000     0.010289162
       490.00000     0.010333344
       500.00000     0.010689321
       506.00000     0.011051903
       512.00000     0.012293095
       520.00000     0.012456021
       530.00000     0.012743159
       540.00000     0.012727224
       550.00000     0.013060184
       560.00000     0.013809005
       570.00000     0.014276077
       580.00000     0.014570363
       590.00000     0.015116426
       600.00000     0.015387703
       610.00000     0.015706089
       620.00000     0.016521141
       630.00000     0.016980377
       640.00000     0.017700844
       650.00000     0.018223383
       658.00000     0.018542121
       665.00000     0.019247053
       675.00000     0.020014814
       685.00000     0.020433763
       695.00000     0.021483156
       705.00000     0.021888514
       716.00000     0.023211182
       726.00000     0.024142626
       735.00000     0.024991058
       745.00000     0.025886014
       755.00000     0.026846064
       765.00000     0.027690602
       775.00000     0.029011181
       785.00000     0.030057723
       795.00000     0.031330255
       805.00000     0.032758340
       815.00000     0.034156515
       825.00000     0.035633060
       835.00000     0.036451252
       845.00000     0.038649105
       855.00000     0.040167105
       865.00000     0.042066444
       875.00000     0.043887146
       885.00000     0.045755694
       895.00000     0.047706596
       905.00000     0.049422851
       915.00000     0.076034222
       925.00000      0.12164190
       935.00000      0.16420067
       945.00000      0.21727533
       955.00000      0.24791308
       965.00000      0.28498499
       975.00000      0.19183532
       985.00000      0.29943705
       995.00000      0.29826231
       1005.0000      0.33582097
       1015.0000      0.33125627
       1025.0000      0.24231716
       1035.0000      0.32978210
       1045.0000      0.39564213
       1055.0000      0.41092122
       1065.0000      0.40053883
       1075.0000      0.42700021
       1085.0000      0.40924514
       1095.0000      0.45475060
       1105.0000      0.49487880
       1115.0000      0.52326625
       1125.0000      0.53277765
       1135.0000      0.57154059
       1145.0000      0.56799568
       1155.0000      0.59583212
       1165.0000      0.61889651
       1175.0000      0.57508739
       1185.0000      0.61072531
       1195.0000      0.55126900
       1205.0000      0.54209987
       1215.0000      0.42582291
       1225.0000      0.56813990
       1235.0000      0.65476569
       1245.0000      0.72982539
       1255.0000      0.76651692
       1265.0000      0.72040489
       1275.0000      0.87824498
       1285.0000      0.95303337
       1295.0000      0.92222885
       1305.0000      0.86021906
       1315.0000      0.98933429
       1325.0000       1.0171662
       1335.0000      0.97517464
       1345.0000       1.0809479
       1355.0000       1.0642988
       1365.0000       1.0190850
       1375.0000       1.0737664
       1385.0000       1.0804278
       1395.0000       1.0737180
       1405.0000       1.0694067
       1415.0000       1.0701783
       1425.0000       1.1048369
       1435.0000       1.0752200
       1442.0000       1.1217689
       1447.0000       1.1648684
       1455.0000       1.1523103
       1465.0000       1.1075528
       1475.0000       1.0945146
       1485.0000       1.1283082
       1495.0000       1.1583219
       1505.0000       1.1604725
       1512.0000       1.1081476
       1517.0000       1.1471932
       1525.0000       1.0976744
       1535.0000       1.0472643
       1545.0000       1.1441441
       1555.0000       1.0939483
       1565.0000       1.0759167
       1575.0000       1.1255149
       1585.0000       1.1645867
       1595.0000       1.1984496
       1605.0000       1.1597316
       1615.0000       1.1500941
       1625.0000       1.0992279
       1635.0000       1.1250246
       1645.0000       1.1363526
       1655.0000       1.0719020
       1665.0000       1.1543265
       1672.0000       1.0171382
       1677.0000       1.1633713
       1685.0000       1.2093340
       1695.0000       1.1548063
       1705.0000       1.1314055
       1715.0000       1.1267323
       1725.0000       1.1231178
       1735.0000       1.1616556
       1745.0000       1.1487536
       1755.0000       1.2016857
       1765.0000       1.1117605
       1775.0000       1.1675687
       1785.0000       1.1608756
       1795.0000       1.2222298
       1805.0000       1.1916465
       1815.0000       1.1801553
       1825.0000       1.1597107
       1835.0000       1.1329040
       1845.0000       1.0849511
       1855.0000       1.1110146
       1865.0000       1.1250988
       1875.0000       1.1408579
       1885.0000       1.1261214
       1895.0000       1.1281242
       1905.0000       1.1152293
       1915.0000       1.1240999
       1925.0000       1.1188328
       1935.0000       1.0867638
       1945.0000       1.1371842
       1955.0000       1.1224572
       1967.0000       1.1547869
       1976.0000       1.1490965
       1984.0000       1.1288046
       1995.0000       1.1068183
       2005.0000       1.0977336
       2015.0000       1.0791107
       2025.0000       1.0754851
       2035.0000       1.0861242
       2045.0000       1.1098434
       2055.0000       1.0065601
       2065.0000       1.0216944
       2074.0000       1.1109206
       2078.0000       1.1240004
       2085.0000       1.1189360
       2095.0000       1.0955488
       2105.0000       1.0721618
       2115.0000       1.0764706
       2125.0000       1.0838163
       2135.0000       1.0147142
       2145.0000       1.0593196
       2155.0000       1.0671736
       2165.0000       1.0330896
       2175.0000       1.0302618
       2185.0000       1.0305583
       2195.0000       1.0615304
       2205.0000       1.0381015
       2215.0000      0.99358268
       2225.0000      0.98733025
       2235.0000       1.0358651
       2245.0000      0.99408202
       2255.0000      0.96739785
       2265.0000      0.97571609
       2275.0000      0.99527862
       2285.0000       1.0125142
       2295.0000      0.97917985
       2305.0000      0.97429454
       2315.0000      0.96099453
       2325.0000      0.87279730
       2335.0000      0.92070150
       2345.0000      0.88547430
       2355.0000      0.94667728
       2365.0000      0.88602905
       2375.0000      0.91212314
       2385.0000      0.84915447
       2395.0000      0.88994236
       2405.0000      0.87417681
       2415.0000      0.88345953
       2425.0000      0.92213251
       2435.0000      0.90541920
       2445.0000      0.93085590
       2455.0000      0.91962417
       2465.0000      0.91729609
       2475.0000      0.89570956
       2485.0000      0.90463852
       2495.0000      0.88247115
       2505.0000      0.93808394
       2513.0000      0.85773041
       2518.0000      0.87290170
       2525.0000      0.85339298
       2535.0000      0.85572820
       2545.0000      0.85568601
       2555.0000      0.88914107
       2565.0000      0.87706421
       2575.0000      0.90441041
       2585.0000      0.90000817
       2595.0000      0.88800988
       2605.0000      0.87029201
       2615.0000      0.85940708
       2625.0000      0.89316956
       2635.0000      0.90374769
       2645.0000      0.95614774
       2655.0000      0.96274792
       2665.0000      0.90984546
       2675.0000      0.93156276
       2685.0000      0.93138402
       2695.0000      0.90279957
       2705.0000      0.91965723
       2715.0000      0.88916245
       2725.0000      0.88778954
       2735.0000      0.90769685
       2745.0000      0.83925951
       2755.0000      0.85203154
       2765.0000      0.86799104
       2775.0000      0.89301646
       2785.0000      0.85641270
       2795.0000      0.73846520
       2805.0000      0.76673073
       2815.0000      0.88650605
       2825.0000      0.91360769
       2835.0000      0.89943648
       2845.0000      0.88202076
       2855.0000      0.86035875
       2865.0000      0.90248713
       2875.0000      0.89869409
       2885.0000      0.89967977
       2895.0000      0.89109159
       2910.0000      0.93732441
       2930.0000      0.91385178
       2950.0000      0.90505984
       2970.0000      0.91211706
       2990.0000      0.91388533
       3010.0000      0.91886114
       3030.0000      0.91383535
       3050.0000      0.91219169
       3070.0000      0.91292330
       3090.0000      0.91612926
       3110.0000      0.90998065
       3130.0000      0.90278494
       3150.0000      0.90570322
       3170.0000      0.90465054
       3190.0000      0.87766661
       3210.0000      0.88882207
       3230.0000      0.87183452
       3250.0000      0.89298109
       3270.0000      0.90525554
       3290.0000      0.90204467
       3310.0000      0.90071789
       3330.0000      0.89390813
       3350.0000      0.88507345
       3370.0000      0.86770646
       3390.0000      0.86971074
       3410.0000      0.87212766
       3430.0000      0.87099456
       3450.0000      0.87054614
       3470.0000      0.86804811
       3490.0000      0.87226248
       3510.0000      0.87876857
       3530.0000      0.86719248
       3550.0000      0.87867722
       3570.0000      0.84543466
       3590.0000      0.84206353
       3610.0000      0.85429902
       3630.0000      0.85631283
       3640.0000      0.85333178
       3650.0000      0.88001887
       3670.0000      0.86792223
       3690.0000      0.83461824
       3710.0000      0.87642831
       3730.0000      0.91011150
       3750.0000      0.95423308
       3770.0000      0.98946576
       3790.0000       1.0970072
       3810.0000       1.1944609
       3830.0000       1.0088492
       3850.0000       1.2492706
       3870.0000       1.3463018
       3890.0000      0.98233992
       3910.0000       1.3608637
       3930.0000       1.2119173
       3950.0000       1.3192895
       3970.0000      0.91066917
       3990.0000       1.3549207
       4010.0000       1.4539459
       4030.0000       1.4475709
       4050.0000       1.4400487
       4070.0000       1.3937145
       4090.0000       1.2420776
       4110.0000       1.0657397
       4130.0000       1.3596872
       4150.0000       1.3982132
       4170.0000       1.3969037
       4190.0000       1.3858731
       4210.0000       1.3830856
       4230.0000       1.3650271
       4250.0000       1.3646074
       4270.0000       1.3341792
       4290.0000       1.3215327
       4310.0000       1.2500496
       4330.0000       1.1292318
       4350.0000       1.0310731
       4370.0000       1.2979237
       4390.0000       1.2944638
       4410.0000       1.3026596
       4430.0000       1.3059868
       4450.0000       1.3089351
       4470.0000       1.3048308
       4490.0000       1.3033876
       4510.0000       1.3336609
       4530.0000       1.2901009
       4550.0000       1.2816633
       4570.0000       1.3072096
       4590.0000       1.2776776
       4610.0000       1.2860422
       4630.0000       1.2625849
       4650.0000       1.2656244
       4670.0000       1.2661079
       4690.0000       1.2380281
       4710.0000       1.2168200
       4730.0000       1.2395909
       4750.0000       1.2417507
       4770.0000       1.2319904
       4790.0000       1.2213813
       4810.0000       1.2037817
       4830.0000       1.1827546
       4850.0000       1.0482893
       4870.0000      0.93083049
       4890.0000       1.1371762
       4910.0000       1.1610326
       4930.0000       1.1481199
       4950.0000       1.1660333
       4970.0000       1.1600467
       4990.0000       1.1374194
       5010.0000       1.1897847
       5030.0000       1.1210203
       5050.0000       1.1095480
       5070.0000       1.1216672
       5090.0000       1.1008329
       5110.0000       1.1009828
       5130.0000       1.0843770
       5150.0000       1.0673858
       5170.0000       1.0450992
       5190.0000       1.0465627
       5210.0000       1.0563009
       5230.0000       1.0571624
       5250.0000       1.0655387
       5270.0000       1.0234116
       5290.0000       1.0550502
       5310.0000       1.0595743
       5330.0000       1.0231545
       5350.0000       1.0439779
       5370.0000       1.0359414
       5390.0000       1.0247639
       5410.0000       1.0095622
       5430.0000       1.0133227
       5450.0000       1.0196005
       5470.0000       1.0063547
       5490.0000       1.0040680
       5510.0000      0.99595487
       5530.0000      0.99585127
       5550.0000      0.99555023
       5570.0000      0.98377065
       5590.0000      0.97376362
       5610.0000      0.97895394
       5630.0000      0.97204134
       5650.0000      0.96937986
       5670.0000      0.95724169
       5690.0000      0.95910951
       5710.0000      0.93970546
       5730.0000      0.95592623
       5750.0000      0.94057999
       5770.0000      0.94020161
       5790.0000      0.92760544
       5810.0000      0.93620656
       5830.0000      0.93996584
       5850.0000      0.92923791
       5870.0000      0.92223303
       5890.0000      0.89995802
       5910.0000      0.91354811
       5930.0000      0.91002253
       5950.0000      0.90564300
       5970.0000      0.90543380
       5990.0000      0.89662615
       6010.0000      0.88806058
       6030.0000      0.88985450
       6050.0000      0.89069301
       6070.0000      0.88571535
       6090.0000      0.87272457
       6110.0000      0.86908843
       6130.0000      0.85213935
       6150.0000      0.85169840
       6170.0000      0.84131722
       6190.0000      0.85184376
       6210.0000      0.84692093
       6230.0000      0.83467059
       6250.0000      0.82112749
       6270.0000      0.83186052
       6290.0000      0.83264000
       6310.0000      0.81678569
       6330.0000      0.81541031
       6350.0000      0.81058898
       6370.0000      0.80665282
       6390.0000      0.80804476
       6410.0000      0.79826524
       6430.0000      0.79854370
       6450.0000      0.79249634
       6470.0000      0.78977981
       6490.0000      0.77968638
       6510.0000      0.78228746
       6530.0000      0.77169378
       6550.0000      0.75113888
       6570.0000      0.69966986
       6590.0000      0.76792529
       6610.0000      0.76424358
       6630.0000      0.76284859
       6650.0000      0.76063885
       6670.0000      0.75285889
       6690.0000      0.75440876
       6710.0000      0.75589826
       6730.0000      0.75993526
       6750.0000      0.74204525
       6770.0000      0.74026416
       6790.0000      0.73511854
       6810.0000      0.73235298
       6830.0000      0.73147875
       6850.0000      0.72268903
       6870.0000      0.72349787
       6890.0000      0.72277818
       6910.0000      0.71911309
       6930.0000      0.71477879
       6950.0000      0.71073206
       6970.0000      0.70990371
       6990.0000      0.70670312
       7010.0000      0.69836246
       7030.0000      0.70030391
       7050.0000      0.69863945
       7070.0000      0.68883637
       7090.0000      0.68450553
       7110.0000      0.67721758
       7130.0000      0.67644515
       7150.0000      0.67101167
       7170.0000      0.66810615
       7190.0000      0.66028851
       7210.0000      0.66304748
       7230.0000      0.66318449
       7250.0000      0.66165905
       7270.0000      0.65964894
       7290.0000      0.65159554
       7310.0000      0.65524406
       7330.0000      0.65433486
       7350.0000      0.65276069
       7370.0000      0.65485709
       7390.0000      0.64711926
       7410.0000      0.64276881
       7430.0000      0.64570827
       7450.0000      0.64347379
       7470.0000      0.64377976
       7490.0000      0.64139725
       7510.0000      0.64118985
       7530.0000      0.64260409
       7550.0000      0.64243094
       7570.0000      0.63940748
       7590.0000      0.63201662
       7610.0000      0.62653063
       7630.0000      0.62083622
       7650.0000      0.61487020
       7670.0000      0.60383765
       7690.0000      0.60687921
       7710.0000      0.60095439
       7730.0000      0.59968628
       7750.0000      0.59579313
       7770.0000      0.59421362
       7790.0000      0.59571581
       7810.0000      0.59318401
       7830.0000      0.58954919
       7850.0000      0.58519576
       7870.0000      0.58459313
       7890.0000      0.57977578
       7910.0000      0.57295217
       7930.0000      0.57113306
       7950.0000      0.56714936
       7970.0000      0.57203342
       7990.0000      0.56881350
       8010.0000      0.56852926
       8030.0000      0.56761535
       8050.0000      0.56527574
       8070.0000      0.56616200
       8090.0000      0.56186552
       8110.0000      0.56227901
       8130.0000      0.56659606
       8150.0000      0.56773586
       8170.0000      0.56871573
       8190.0000      0.56072325
       8210.0000      0.54937584
       8230.0000      0.54721582
       8250.0000      0.54644085
       8270.0000      0.54679953
       8290.0000      0.54289787
       8310.0000      0.53463738
       8330.0000      0.53111417
       8350.0000      0.52948225
       8370.0000      0.52868746
       8390.0000      0.52132778
       8410.0000      0.52473746
       8430.0000      0.51682874
       8450.0000      0.51119589
       8470.0000      0.50663855
       8490.0000      0.51370362
       8510.0000      0.49531401
       8530.0000      0.51322612
       8550.0000      0.48373875
       8570.0000      0.51885760
       8590.0000      0.50016560
       8610.0000      0.49854870
       8630.0000      0.52028848
       8650.0000      0.51108414
       8670.0000      0.47001138
       8690.0000      0.50890114
       8710.0000      0.52018014
       8730.0000      0.51242965
       8750.0000      0.47701120
       8770.0000      0.50572468
       8790.0000      0.52155698
       8810.0000      0.51894199
       8830.0000      0.51546215
       8850.0000      0.49374663
       8870.0000      0.46135888
       8890.0000      0.49583406
       8910.0000      0.50474967
       8930.0000      0.50196861
       8950.0000      0.50212115
       8970.0000      0.49909878
       8990.0000      0.49008287
       9010.0000      0.45138549
       9030.0000      0.47187538
       9050.0000      0.50833192
       9070.0000      0.54796370
       9090.0000      0.50535387
       9110.0000      0.50235138
       9130.0000      0.50485593
       9150.0000      0.50208609
       9170.0000      0.49922058
       9190.0000      0.49665839
       9210.0000      0.47570534
       9230.0000      0.43449634
       9250.0000      0.46241074
       9270.0000      0.47502050
       9290.0000      0.47639018
       9310.0000      0.47659197
       9330.0000      0.47677701
       9350.0000      0.47411489
       9370.0000      0.47063399
       9390.0000      0.47238788
       9410.0000      0.46630806
       9430.0000      0.47160996
       9450.0000      0.46814832
       9470.0000      0.47059060
       9490.0000      0.46853531
       9510.0000      0.45825907
       9530.0000      0.44678931
       9550.0000      0.41607816
       9570.0000      0.44724337
       9590.0000      0.45845168
       9610.0000      0.45690686
       9630.0000      0.45690987
       9650.0000      0.45489534
       9670.0000      0.45342573
       9690.0000      0.45468058
       9710.0000      0.44973366
       9730.0000      0.44601044
       9750.0000      0.44385692
       9770.0000      0.44348825
       9790.0000      0.44093298
       9810.0000      0.44303111
       9830.0000      0.44017439
       9850.0000      0.43913890
       9870.0000      0.43671437
       9890.0000      0.43499345
       9910.0000      0.43342123
       9930.0000      0.43366678
       9950.0000      0.43312153
       9970.0000      0.43171739
       9990.0000      0.42905741
       10025.000      0.41726537
       10075.000      0.40801228
       10125.000      0.42286548
       10175.000      0.42089816
       10225.000      0.42008634
       10275.000      0.41859281
       10325.000      0.41565056
       10375.000      0.41075861
       10425.000      0.40872752
       10475.000      0.40207505
       10525.000      0.39606957
       10575.000      0.38895627
       10625.000      0.38372427
       10675.000      0.38047789
       10725.000      0.38102849
       10775.000      0.37760600
       10825.000      0.37454329
       10875.000      0.36804956
       10925.000      0.34921981
       10975.000      0.35533853
       11025.000      0.35750855
       11075.000      0.35223922
       11125.000      0.35030132
       11175.000      0.34738090
       11225.000      0.34562646
       11275.000      0.34153649
       11325.000      0.33925378
       11375.000      0.33710601
       11425.000      0.33353827
       11475.000      0.33318361
       11525.000      0.33059782
       11575.000      0.32722611
       11625.000      0.32249336
       11675.000      0.32033202
       11725.000      0.31909085
       11775.000      0.31323166
       11825.000      0.30973131
       11875.000      0.30505625
       11925.000      0.30564131
       11975.000      0.29986663
       12025.000      0.30090711
       12075.000      0.29831885
       12125.000      0.29681555
       12175.000      0.29545695
       12225.000      0.29296126
       12275.000      0.29033453
       12325.000      0.28781403
       12375.000      0.28577931
       12425.000      0.28225165
       12475.000      0.27982965
       12525.000      0.27725393
       12575.000      0.27481981
       12625.000      0.27260521
       12675.000      0.27030547
       12725.000      0.26838416
       12775.000      0.26489717
       12825.000      0.25175419
       12875.000      0.26058411
       12925.000      0.25963155
       12975.000      0.25908485
       13025.000      0.25650149
       13075.000      0.25496424
       13125.000      0.25101118
       13175.000      0.24844592
       13225.000      0.24657886
       13275.000      0.24280049
       13325.000      0.24095476
       13375.000      0.23806896
       13425.000      0.23641054
       13475.000      0.23370752
       13525.000      0.23115689
       13575.000      0.22777191
       13625.000      0.22609354
       13675.000      0.22531125
       13725.000      0.22429888
       13775.000      0.22321569
       13825.000      0.22210048
       13875.000      0.22003996
       13925.000      0.21225167
       13975.000      0.21018509
       14025.000      0.20815664
       14075.000      0.20771415
       14125.000      0.20557718
       14175.000      0.20540210
       14225.000      0.20329057
       14275.000      0.20130899
       14325.000      0.20177642
       14375.000      0.20141145
       14425.000      0.19797876
       14475.000      0.19914857
       14525.000      0.19722227
       14570.000      0.19729306
       14620.000      0.19371330
       14675.000      0.19236725
       14725.000      0.19077081
       14775.000      0.19039516
       14825.000      0.19014771
       14875.000      0.18863905
       14925.000      0.18991855
       14975.000      0.18850223
       15025.000      0.18691136
       15075.000      0.18612170
       15125.000      0.18703329
       15175.000      0.18671849
       15225.000      0.18614762
       15275.000      0.18569998
       15325.000      0.18481179
       15375.000      0.18390370
       15425.000      0.18140596
       15475.000      0.18189756
       15525.000      0.18071653
       15575.000      0.17611504
       15625.000      0.17731048
       15675.000      0.17564920
       15725.000      0.17624405
       15775.000      0.17256586
       15825.000      0.17067560
       15875.000      0.16727369
       15925.000      0.17223784
       15975.000      0.17089790
       16050.000      0.16902471
       16150.000      0.16840223
       16250.000      0.16630047
       16350.000      0.16706628
       16450.000      0.16101586
       16550.000      0.16455721
       16650.000      0.16197036
       16750.000      0.15931615
       16850.000      0.15585026
       16950.000      0.15725049
       17050.000      0.15503324
       17150.000      0.15223091
       17250.000      0.14885624
       17350.000      0.14193031
       17450.000      0.14157325
       17550.000      0.13901034
       17650.000      0.13524753
       17750.000      0.13143260
       17850.000      0.12810546
       17950.000      0.12438693
       18050.000      0.12089785
       18150.000      0.11579835
       18250.000      0.11582738
       18350.000      0.11485451
       18450.000      0.11232816
       18550.000      0.11034595
       18650.000      0.10727929
       18750.000      0.10421077
       18850.000      0.10439455
       18950.000      0.10219834
       19050.000      0.10203114
       19150.000      0.10058278
       19250.000     0.099293046
       19350.000     0.097259932
       19450.000     0.093350433
       19550.000     0.094198567
       19650.000     0.092736983
       19750.000     0.090868307
       19850.000     0.089601299
       19950.000     0.088512657
       20050.000     0.087619104
       20150.000     0.086560787
       20250.000     0.085206957
       20350.000     0.084388923
       20450.000     0.083958565
       20550.000     0.083051852
       20650.000     0.082169035
       20750.000     0.081489766
       20850.000     0.080665110
       20950.000     0.079719879
       21050.000     0.079307371
       21150.000     0.078259919
       21250.000     0.077515240
       21350.000     0.076918448
       21450.000     0.076040365
       21550.000     0.074971713
       21650.000     0.072476379
       21750.000     0.072797065
       21850.000     0.072229699
       21950.000     0.071415658
       22050.000     0.070217254
       22150.000     0.069589250
       22250.000     0.068420535
       22350.000     0.067511824
       22450.000     0.066671006
       22550.000     0.065743145
       22650.000     0.064712614
       22750.000     0.064079732
       22850.000     0.062921759
       22950.000     0.057665390
       23050.000     0.058899907
       23150.000     0.058343356
       23250.000     0.053886333
       23350.000     0.055193981
       23450.000     0.053605708
       23550.000     0.050644845
       23650.000     0.051857698
       23750.000     0.050415423
       23850.000     0.047963591
       23950.000     0.048623535
       24050.000     0.047609569
       24150.000     0.045306022
       24250.000     0.045472698
       24350.000     0.044336630
       24450.000     0.042706047
       24550.000     0.041842071
       24650.000     0.041420423
       24750.000     0.040160718
       24850.000     0.038330463
       24950.000     0.037613422
       25050.000     0.037687528
       25150.000     0.036261703
       25250.000     0.036043497
       25350.000     0.035863140
       25450.000     0.035271541
       25550.000     0.034919692
       25650.000     0.034469340
       25750.000     0.034643538
       25850.000     0.033920904
       25950.000     0.033795837
       26050.000     0.033501323
       26150.000     0.032718459
       26250.000     0.032107863
       26350.000     0.032371661
       26450.000     0.032123992
       26550.000     0.031765821
       26650.000     0.031143028
       26750.000     0.030835081
       26850.000     0.030816129
       26950.000     0.030330278
       27050.000     0.030193260
       27150.000     0.029854753
       27250.000     0.029650813
       27350.000     0.029150313
       27450.000     0.028899026
       27550.000     0.028283547
       27650.000     0.028129885
       27750.000     0.027893557
       27850.000     0.027753188
       27950.000     0.027521225
       28050.000     0.027185494
       28150.000     0.026863978
       28250.000     0.026671494
       28350.000     0.026419986
       28450.000     0.026147976
       28550.000     0.025824590
       28650.000     0.025447310
       28750.000     0.024821434
       28850.000     0.024898162
       28950.000     0.024694614
       29050.000     0.024464430
       29150.000     0.024193007
       29250.000     0.023828770
       29350.000     0.023688784
       29450.000     0.023354083
       29550.000     0.023127128
       29650.000     0.022921350
       29750.000     0.022642771
       29850.000     0.022387513
       29950.000     0.022173178
       30050.000     0.021917628
       30150.000     0.021745396
       30250.000     0.021462569
       30350.000     0.020944611
       30450.000     0.020979691
       30550.000     0.020886837
       30650.000     0.020726271
       30750.000     0.020574331
       30850.000     0.020370106
       30950.000     0.020244964
       31050.000     0.020100329
       31150.000     0.019830406
       31250.000     0.019713053
       31350.000     0.019520982
       31450.000     0.019361492
       31550.000     0.019196820
       31650.000     0.019004943
       31750.000     0.018844477
       31850.000     0.018688807
       31950.000     0.018548962
       32100.000     0.018311622
       32300.000     0.018005255
       32500.000     0.017722558
       32700.000     0.017382477
       32900.000     0.016867280
       33100.000     0.016730116
       33300.000     0.016499900
       33500.000     0.016224986
       33700.000     0.015916340
       33900.000     0.015636042
       34100.000     0.015342071
       34300.000     0.015077742
       34500.000     0.014802187
       34700.000     0.014523434
       34900.000     0.014257503
       35100.000     0.014003616
       35300.000     0.013723149
       35500.000     0.013475655
       35700.000     0.013216620
       35900.000     0.012968919
       36100.000     0.012758467
       36300.000     0.012508757
       36500.000     0.012258073
       36700.000     0.012036954
       36900.000     0.011779574
       37100.000     0.011569022
       37300.000     0.011316595
       37500.000     0.011032472
       37700.000     0.010926470
       37900.000     0.010708791
       38100.000     0.010516747
       38300.000     0.010324866
       38500.000     0.010147093
       38700.000    0.0099364388
       38900.000    0.0097477327
       39100.000    0.0095334483
       39300.000    0.0093936694
       39500.000    0.0091873849
       39700.000    0.0090293665
       39900.000    0.0088347101
       40100.000    0.0086749096
       40300.000    0.0085099470
       40500.000    0.0085182281
       40700.000    0.0082084830
       40900.000    0.0080593571
       41100.000    0.0079245646
       41300.000    0.0077775727
       41500.000    0.0076220482
       41700.000    0.0074424461
       41900.000    0.0073640865
       42100.000    0.0072220960
       42300.000    0.0071106742
       42500.000    0.0069748805
       42700.000    0.0068635917
       42900.000    0.0066432286
       43100.000    0.0064369547
       43300.000    0.0063754672
       43500.000    0.0061708053
       43700.000    0.0060085323
       43900.000    0.0059309358
       44100.000    0.0057612889
       44300.000    0.0056762965
       44500.000    0.0055743698
       44700.000    0.0054410712
       44900.000    0.0053861009
       45100.000    0.0052745783
       45300.000    0.0051572985
       45500.000    0.0051083532
       45700.000    0.0050403648
       45900.000    0.0049075341
       46100.000    0.0048700408
       46300.000    0.0047815271
       46500.000    0.0046523055
       46700.000    0.0046174826
       46900.000    0.0045728041
       47100.000    0.0044948259
       47300.000    0.0044562726
       47500.000    0.0043731202
       47700.000    0.0043156715
       47900.000    0.0042534439
       48100.000    0.0041758167
       48300.000    0.0041393538
       48500.000    0.0040673659
       48700.000    0.0039989386
       48900.000    0.0039414446
       49100.000    0.0038841391
       49300.000    0.0038284871
       49500.000    0.0037659084
       49700.000    0.0037232293
       49900.000    0.0036552992
       50100.000    0.0036118126
       50300.000    0.0035604076
       50500.000    0.0034982679
       50700.000    0.0034555950
       50900.000    0.0034068386
       51100.000    0.0033478108
       51300.000    0.0032821557
       51500.000    0.0032588397
       51700.000    0.0032299157
       51900.000    0.0031785397
       52100.000    0.0031351648
       52300.000    0.0030862964
       52500.000    0.0030496164
       52700.000    0.0030181934
       52900.000    0.0029606218
       53100.000    0.0029189181
       53300.000    0.0028842690
       53500.000    0.0028440366
       53700.000    0.0028062934
       53900.000    0.0027694247
       54100.000    0.0027323086
       54300.000    0.0026895225
       54500.000    0.0026628102
       54700.000    0.0026226474
       54900.000    0.0025909949
       55100.000    0.0025549882
       55300.000    0.0025367970
       55500.000    0.0024881852
       55700.000    0.0024669857
       55900.000    0.0024290530
       56100.000    0.0024029402
       56300.000    0.0023650665
       56500.000    0.0023418262
       56700.000    0.0023109888
       56900.000    0.0022752945
       57100.000    0.0022543472
       57300.000    0.0022252856
       57500.000    0.0021969963
       57700.000    0.0021676077
       57900.000    0.0021450965
       58100.000    0.0021144987
       58300.000    0.0020892394
       58500.000    0.0020641392
       58700.000    0.0020343261
       58900.000    0.0020067960
       59100.000    0.0019667188
       59300.000    0.0019610955
       59500.000    0.0019365792
       59700.000    0.0019162578
       59900.000    0.0018926001
       60100.000    0.0018694855
       60300.000    0.0018464949
       60500.000    0.0018217716
       60700.000    0.0018000615
       60900.000    0.0017779229
       61100.000    0.0017551819
       61300.000    0.0017359349
       61500.000    0.0017157351
       61700.000    0.0016967465
       61900.000    0.0016759775
       62100.000    0.0016568429
       62300.000    0.0016353718
       62500.000    0.0016146613
       62700.000    0.0015958158
       62900.000    0.0015775597
       63100.000    0.0015583059
       63300.000    0.0015422178
       63500.000    0.0015228776
       63700.000    0.0015069680
       63900.000    0.0014877512
       64200.000    0.0014623536
       64600.000    0.0014280292
       65000.000    0.0013955638
       65400.000    0.0013634308
       65800.000    0.0013331125
       66200.000    0.0013025364
       66600.000    0.0012734444
       67000.000    0.0012452023
       67400.000    0.0012170176
       67800.000    0.0011900662
       68200.000    0.0011637010
       68600.000    0.0011385828
       69000.000    0.0011133588
       69400.000    0.0010891533
       69800.000    0.0010657832
       70200.000    0.0010425413
       70600.000    0.0010205444
       71000.000   0.00099865543
       71400.000   0.00097761235
       71800.000   0.00095674142
       72200.000   0.00093674640
       72600.000   0.00091692228
       73000.000   0.00089799119
       73400.000   0.00087926950
       73800.000   0.00086125937
       74200.000   0.00084285320
       74600.000   0.00082057131
       75000.000   0.00080408207
       75400.000   0.00079237811
       75800.000   0.00077705968
       76200.000   0.00076151495
       76600.000   0.00074635456
       77000.000   0.00073142845
       77400.000   0.00071698589
       77800.000   0.00070294924
       78200.000   0.00068912451
       78600.000   0.00067573096
       79000.000   0.00066259832
       79400.000   0.00064979939
       79800.000   0.00063731610
       80200.000   0.00062491514
       80600.000   0.00061295847
       81000.000   0.00060139055
       81400.000   0.00058993133
       81800.000   0.00057893911
       82200.000   0.00056804407
       82600.000   0.00055747314
       83000.000   0.00054709325
       83400.000   0.00053693702
       83800.000   0.00052702228
       84200.000   0.00051747980
       84600.000   0.00050800339
       85000.000   0.00049876342
       85400.000   0.00048974546
       85800.000   0.00048096722
       86200.000   0.00047237040
       86600.000   0.00046394518
       87000.000   0.00045567155
       87400.000   0.00044765343
       87800.000   0.00043980641
       88200.000   0.00043200363
       88600.000   0.00042446477
       89000.000   0.00041711016
       89400.000   0.00040992090
       89800.000   0.00040278228
       90200.000   0.00039594646
       90600.000   0.00038927155
       91000.000   0.00038245055
       91400.000   0.00037602493
       91800.000   0.00036974817
       92200.000   0.00036357086
       92600.000   0.00035750772
       93000.000   0.00035159949
       93400.000   0.00034571901
       93800.000   0.00034002525
       94200.000   0.00033445154
       94600.000   0.00032895076
       95000.000   0.00032365496
       95400.000   0.00031844626
       95800.000   0.00031335617
       96200.000   0.00030835030
       96600.000   0.00030345477
       97000.000   0.00029865393
       97400.000   0.00029384119
       97800.000   0.00028927236
       98200.000   0.00028480572
       98600.000   0.00028035712
       99000.000   0.00027600129
       99400.000   0.00027170735
       99800.000   0.00026752337
       100200.00   0.00026342166
       200000.00   1.7886312e-05
       400000.00   1.2297938e-06
       600000.00   2.7430473e-07
       800000.00   1.0110657e-07
       1000000.0   4.9181753e-08
       1200000.0   2.8598290e-08
       1400000.0   1.8607878e-08
       1600000.0   1.3081316e-08
