    2  1215.670 1.68976E-02 2.35379E-03 1.02611E-04
    3  1025.720 4.69229E-03 6.53625E-04 2.84940E-05
    4   972.537 2.23898E-03 3.11884E-04 1.35962E-05
    5   949.743 1.31901E-03 1.83735E-04 8.00974E-06
    6   937.803 8.70656E-04 1.21280E-04 5.28707E-06
    7   930.748 6.17843E-04 8.60640E-05 3.75186E-06
    8   926.226 4.60924E-04 6.42055E-05 2.79897E-06
    9   923.150 3.56887E-04 4.97135E-05 2.16720E-06
   10   920.963 2.84278E-04 3.95992E-05 1.72628E-06
   11   919.352 2.31771E-04 3.22851E-05 1.40743E-06
   12   918.129 1.92348E-04 2.67936E-05 1.16804E-06
   13   917.181 1.62155E-04 2.25878E-05 9.84689E-07
   14   916.429 1.38498E-04 1.92925E-05 8.41033E-07
   15   915.824 1.19611E-04 1.66615E-05 7.26340E-07
   16   915.329 1.04314E-04 1.45306E-05 6.33446E-07
   17   914.919 9.17397E-05 1.27791E-05 5.57091E-07
   18   914.576 8.12784E-05 1.13219E-05 4.93564E-07
   19   914.286 7.25069E-05 1.01000E-05 4.40299E-07
   20   914.039 6.50549E-05 9.06198E-06 3.95047E-07
   21   913.826 5.86816E-05 8.17421E-06 3.56345E-07
   22   913.641 5.31918E-05 7.40949E-06 3.23008E-07
   23   913.480 4.84261E-05 6.74563E-06 2.94068E-07
   24   913.339 4.42740E-05 6.16726E-06 2.68854E-07
   25   913.215 4.06311E-05 5.65981E-06 2.46733E-07
   26   913.104 3.73821E-05 5.20723E-06 2.27003E-07
   27   913.006 3.45377E-05 4.81102E-06 2.09731E-07
   28   912.918 3.19891E-05 4.45601E-06 1.94255E-07
   29   912.839 2.97110E-05 4.13867E-06 1.80421E-07
   30   912.768 2.76635E-05 3.85346E-06 1.67987E-07
   31   912.703 2.58178E-05 3.59636E-06 1.56779E-07
   32   912.645 2.41479E-05 3.36374E-06 1.46638E-07
   33   912.592 2.26347E-05 3.15296E-06 1.37450E-07
   34   912.543 2.12567E-05 2.96100E-06 1.29081E-07
   35   912.499 1.99967E-05 2.78549E-06 1.21430E-07
   36   912.458 1.88476E-05 2.62543E-06 1.14452E-07
   37   912.420 1.77928E-05 2.47850E-06 1.08047E-07
   38   912.385 1.68222E-05 2.34330E-06 1.02153E-07
   39   912.353 1.59286E-05 2.21882E-06 9.67268E-08
   40   912.324 1.50996E-05 2.10334E-06 9.16925E-08
