      91.0000       0.0000000
      94.0000       0.0000000
      96.0000       0.0000000
      98.0000       0.0000000
      100.000       0.0000000
      102.000       0.0000000
      104.000       0.0000000
      106.000       0.0000000
      108.000       0.0000000
      110.000       0.0000000
      114.000       0.0000000
      118.000       0.0000000
      121.000       0.0000000
      125.000       0.0000000
      127.000       0.0000000
      128.000       0.0000000
      131.000       0.0000000
      132.000       0.0000000
      134.000       0.0000000
      137.000       0.0000000
      140.000       0.0000000
      143.000       0.0000000
      147.000       0.0000000
      151.000       0.0000000
      155.000       0.0000000
      159.000       0.0000000
      162.000       0.0000000
      166.000       0.0000000
      170.000       0.0000000
      173.000       0.0000000
      177.000       0.0000000
      180.000       0.0000000
      182.000       0.0000000
      186.000       0.0000000
      191.000       0.0000000
      194.000       0.0000000
      198.000       0.0000000
      202.000       0.0000000
      205.000       0.0000000
      210.000       0.0000000
      216.000       0.0000000
      220.000       0.0000000
      223.000       0.0000000
      227.000       0.0000000
      230.000       0.0000000
      234.000       0.0000000
      240.000       0.0000000
      246.000       0.0000000
      252.000       0.0000000
      257.000       0.0000000
      260.000       0.0000000
      264.000       0.0000000
      269.000       0.0000000
      274.000       0.0000000
      279.000       0.0000000
      284.000       0.0000000
      290.000       0.0000000
      296.000       0.0000000
      301.000       0.0000000
      308.000       0.0000000
      318.000       0.0000000
      328.000       0.0000000
      338.000       0.0000000
      348.000       0.0000000
      357.000       0.0000000
      366.000       0.0000000
      375.000       0.0000000
      385.000       0.0000000
      395.000       0.0000000
      405.000       0.0000000
      414.000       0.0000000
      422.000       0.0000000
      430.000       0.0000000
      441.000       0.0000000
      451.000       0.0000000
      460.000       0.0000000
      470.000       0.0000000
      480.000       0.0000000
      490.000       0.0000000
      500.000       0.0000000
      506.000       0.0000000
      512.000       0.0000000
      520.000       0.0000000
      530.000       0.0000000
      540.000       0.0000000
      550.000       0.0000000
      560.000       0.0000000
      570.000       0.0000000
      580.000       0.0000000
      590.000       0.0000000
      600.000       0.0000000
      610.000       0.0000000
      620.000       0.0000000
      630.000       0.0000000
      640.000       0.0000000
      650.000       0.0000000
      658.000       0.0000000
      665.000       0.0000000
      675.000       0.0000000
      685.000       0.0000000
      695.000       0.0000000
      705.000       0.0000000
      716.000       0.0000000
      726.000       0.0000000
      735.000       0.0000000
      745.000       0.0000000
      755.000       0.0000000
      765.000       0.0000000
      775.000       0.0000000
      785.000       0.0000000
      795.000       0.0000000
      805.000       0.0000000
      815.000       0.0000000
      825.000       0.0000000
      835.000       0.0000000
      845.000       0.0000000
      855.000       0.0000000
      865.000       0.0000000
      875.000       0.0000000
      885.000       0.0000000
      895.000       0.0000000
      905.000       0.0000000
      915.000   6.5333817e+21
      925.000   1.6117956e+22
      935.000   2.8061341e+22
      945.000   4.1730436e+22
      955.000   5.5143638e+22
      965.000   6.3136412e+22
      975.000   2.3365729e+22
      985.000   5.5154718e+22
      995.000   6.3182977e+22
      1005.00   9.6430921e+22
      1015.00   1.1085443e+23
      1025.00   8.2239196e+22
      1035.00   1.1113275e+23
      1045.00   1.8884310e+23
      1055.00   1.9986767e+23
      1065.00   1.7259093e+23
      1075.00   2.1972964e+23
      1085.00   2.0297406e+23
      1095.00   2.8233571e+23
      1105.00   2.9275410e+23
      1115.00   3.0713614e+23
      1125.00   2.8911268e+23
      1135.00   4.1329045e+23
      1145.00   4.2408210e+23
      1155.00   4.8294690e+23
      1165.00   5.2555583e+23
      1175.00   3.5785072e+23
      1185.00   6.1889501e+23
      1195.00   5.4617092e+23
      1205.00   4.6677592e+23
      1215.00   6.0148098e+24
      1225.00   7.1574926e+23
      1235.00   1.0048244e+24
      1245.00   1.1181399e+24
      1255.00   1.1392760e+24
      1265.00   1.1414642e+24
      1275.00   1.4382163e+24
      1285.00   1.5796562e+24
      1295.00   1.3142978e+24
      1305.00   1.4146983e+24
      1315.00   1.8350213e+24
      1325.00   1.8202318e+24
      1335.00   1.8103992e+24
      1345.00   2.0960630e+24
      1355.00   2.1288935e+24
      1365.00   1.9967171e+24
      1375.00   2.1241614e+24
      1385.00   2.1962427e+24
      1395.00   1.7398645e+24
      1405.00   1.8375394e+24
      1415.00   2.2826580e+24
      1425.00   2.3784398e+24
      1435.00   2.5445940e+24
      1442.00   2.6981835e+24
      1447.00   2.7672037e+24
      1455.00   2.7372023e+24
      1465.00   2.6126461e+24
      1475.00   2.7653463e+24
      1485.00   2.9056038e+24
      1495.00   3.0020610e+24
      1505.00   2.8870841e+24
      1512.00   2.6445403e+24
      1517.00   2.8486779e+24
      1525.00   2.8673436e+24
      1535.00   2.4882071e+24
      1545.00   2.5074917e+24
      1555.00   2.5396740e+24
      1565.00   2.8467857e+24
      1575.00   3.1477326e+24
      1585.00   3.3871419e+24
      1595.00   3.4953379e+24
      1605.00   3.5680750e+24
      1615.00   3.6449317e+24
      1625.00   3.6067831e+24
      1635.00   3.9622798e+24
      1645.00   4.1053839e+24
      1655.00   4.0006064e+24
      1665.00   4.3757642e+24
      1672.00   4.0013502e+24
      1677.00   4.6402732e+24
      1685.00   4.8177632e+24
      1695.00   4.6414783e+24
      1705.00   4.6162756e+24
      1715.00   4.4254587e+24
      1725.00   4.4817248e+24
      1735.00   4.9083389e+24
      1745.00   4.9163716e+24
      1755.00   5.2806717e+24
      1765.00   5.0581833e+24
      1775.00   5.1132773e+24
      1785.00   5.3931978e+24
      1795.00   5.8230450e+24
      1805.00   6.0351496e+24
      1815.00   5.5743702e+24
      1825.00   5.8735466e+24
      1835.00   5.8033040e+24
      1845.00   5.3778507e+24
      1855.00   5.5472848e+24
      1865.00   5.8700994e+24
      1875.00   6.4473860e+24
      1885.00   5.9898772e+24
      1895.00   5.8969029e+24
      1905.00   6.8153376e+24
      1915.00   6.2494300e+24
      1925.00   6.1497491e+24
      1935.00   6.4868092e+24
      1945.00   7.0364084e+24
      1955.00   6.6267665e+24
      1967.00   7.5621907e+24
      1976.00   7.8602550e+24
      1984.00   7.5899665e+24
      1995.00   7.5913846e+24
      2005.00   7.9986426e+24
      2015.00   7.9495792e+24
      2025.00   8.2980872e+24
      2035.00   8.1351335e+24
      2045.00   8.6897050e+24
      2055.00   8.1807467e+24
      2065.00   8.4395530e+24
      2074.00   9.5642374e+24
      2078.00   9.4038532e+24
      2085.00   1.0031624e+25
      2095.00   9.6050733e+24
      2105.00   9.8248504e+24
      2115.00   1.0379250e+25
      2125.00   1.0388351e+25
      2135.00   1.0035562e+25
      2145.00   1.0666134e+25
      2155.00   1.1170980e+25
      2165.00   1.0868421e+25
      2175.00   1.1066023e+25
      2185.00   1.1446581e+25
      2195.00   1.2188480e+25
      2205.00   1.2079611e+25
      2215.00   1.1386740e+25
      2225.00   1.1663412e+25
      2235.00   1.2993027e+25
      2245.00   1.2769783e+25
      2255.00   1.1856722e+25
      2265.00   1.2159348e+25
      2275.00   1.2682071e+25
      2285.00   1.3822074e+25
      2295.00   1.2792339e+25
      2305.00   1.3821018e+25
      2315.00   1.3228195e+25
      2325.00   1.2749976e+25
      2335.00   1.2100895e+25
      2345.00   1.1369734e+25
      2355.00   1.3681774e+25
      2365.00   1.1791329e+25
      2375.00   1.2874626e+25
      2385.00   1.1217925e+25
      2395.00   1.2395064e+25
      2405.00   1.2242048e+25
      2415.00   1.3091115e+25
      2425.00   1.5724341e+25
      2435.00   1.5465830e+25
      2445.00   1.7048586e+25
      2455.00   1.7398711e+25
      2465.00   1.7111634e+25
      2475.00   1.6185811e+25
      2485.00   1.4677290e+25
      2495.00   1.4206213e+25
      2505.00   1.8135301e+25
      2513.00   1.4077645e+25
      2518.00   1.3612369e+25
      2525.00   1.3822692e+25
      2535.00   1.5898015e+25
      2545.00   1.6170157e+25
      2555.00   1.9701456e+25
      2565.00   1.8256061e+25
      2575.00   2.0505290e+25
      2585.00   1.9918468e+25
      2595.00   1.9395755e+25
      2605.00   1.8382377e+25
      2615.00   1.7822842e+25
      2625.00   2.0489538e+25
      2635.00   2.5069131e+25
      2645.00   3.0112436e+25
      2655.00   3.5021020e+25
      2665.00   2.8829004e+25
      2675.00   3.1608468e+25
      2685.00   3.4021574e+25
      2695.00   2.9218497e+25
      2705.00   3.2463424e+25
      2715.00   2.7985484e+25
      2725.00   2.6763009e+25
      2735.00   3.0209834e+25
      2745.00   2.3036890e+25
      2755.00   2.6727222e+25
      2765.00   3.1134101e+25
      2775.00   3.3347150e+25
      2785.00   2.6512218e+25
      2795.00   1.8294349e+25
      2805.00   1.9904567e+25
      2815.00   3.3421879e+25
      2825.00   4.0627251e+25
      2835.00   3.8964862e+25
      2845.00   3.3882129e+25
      2855.00   2.6119354e+25
      2865.00   4.0968896e+25
      2875.00   4.7106208e+25
      2885.00   4.5399311e+25
      2895.00   4.9947520e+25
      2910.00   6.1316991e+25
      2930.00   5.8473493e+25
      2950.00   5.7582094e+25
      2970.00   6.0596398e+25
      2990.00   6.3160232e+25
      3010.00   6.5624655e+25
      3030.00   6.9636584e+25
      3050.00   7.4466968e+25
      3070.00   7.8301934e+25
      3090.00   7.8809145e+25
      3110.00   8.7138449e+25
      3130.00   8.5687790e+25
      3150.00   8.6907576e+25
      3170.00   9.5611553e+25
      3190.00   9.0355163e+25
      3210.00   1.0023746e+26
      3230.00   9.3825839e+25
      3250.00   1.1865385e+26
      3270.00   1.3635485e+26
      3290.00   1.3814562e+26
      3310.00   1.3649320e+26
      3330.00   1.4152774e+26
      3350.00   1.4151497e+26
      3370.00   1.1847753e+26
      3390.00   1.3601479e+26
      3410.00   1.4281981e+26
      3430.00   1.5583313e+26
      3450.00   1.6237302e+26
      3470.00   1.7178012e+26
      3490.00   1.8962875e+26
      3510.00   2.0481818e+26
      3530.00   1.9573860e+26
      3550.00   2.2585845e+26
      3570.00   1.8351263e+26
      3590.00   1.8517545e+26
      3610.00   2.1905856e+26
      3630.00   2.3097239e+26
      3640.00   2.4227059e+26
      3650.00   2.6288778e+26
      3670.00   2.7882035e+26
      3690.00   2.6760919e+26
      3710.00   2.9198082e+26
      3730.00   3.2092368e+26
      3750.00   2.6936025e+26
      3770.00   3.2714328e+26
      3790.00   3.4873778e+26
      3810.00   3.5736968e+26
      3830.00   2.5523090e+26
      3850.00   3.3762187e+26
      3870.00   3.5547681e+26
      3890.00   3.6281754e+26
      3910.00   4.3812429e+26
      3930.00   2.7082998e+26
      3950.00   4.2458463e+26
      3970.00   3.1477785e+26
      3990.00   5.6872872e+26
      4010.00   6.2770588e+26
      4030.00   6.3388702e+26
      4050.00   6.3222686e+26
      4070.00   6.2351702e+26
      4090.00   7.1639301e+26
      4110.00   6.8371381e+26
      4130.00   7.1754600e+26
      4150.00   7.2571358e+26
      4170.00   7.5376158e+26
      4190.00   7.4956660e+26
      4210.00   7.6865519e+26
      4230.00   7.5486300e+26
      4250.00   7.9514003e+26
      4270.00   7.7315735e+26
      4290.00   7.4371898e+26
      4310.00   6.6153860e+26
      4330.00   9.0956167e+26
      4350.00   9.0253676e+26
      4370.00   1.0076578e+27
      4390.00   9.4828403e+26
      4410.00   1.0227821e+27
      4430.00   1.1215512e+27
      4450.00   1.1447283e+27
      4470.00   1.2302337e+27
      4490.00   1.2786109e+27
      4510.00   1.4315001e+27
      4530.00   1.3189033e+27
      4550.00   1.3943602e+27
      4570.00   1.5096195e+27
      4590.00   1.4740546e+27
      4610.00   1.5393151e+27
      4630.00   1.5505805e+27
      4650.00   1.5904578e+27
      4670.00   1.6763489e+27
      4690.00   1.6876147e+27
      4710.00   1.6780814e+27
      4730.00   1.7537714e+27
      4750.00   1.8177545e+27
      4770.00   1.8336301e+27
      4790.00   1.8690782e+27
      4810.00   1.9128614e+27
      4830.00   1.9734132e+27
      4850.00   1.9351352e+27
      4870.00   1.8190830e+27
      4890.00   2.0319719e+27
      4910.00   2.0749046e+27
      4930.00   2.0685204e+27
      4950.00   2.1768041e+27
      4970.00   2.2052046e+27
      4990.00   2.1140670e+27
      5010.00   2.4879656e+27
      5030.00   2.2050621e+27
      5050.00   2.2240113e+27
      5070.00   2.3373796e+27
      5090.00   2.2785076e+27
      5110.00   2.3540652e+27
      5130.00   2.3302609e+27
      5150.00   2.2941720e+27
      5170.00   2.2052727e+27
      5190.00   2.3148814e+27
      5210.00   2.4737771e+27
      5230.00   2.6726550e+27
      5250.00   2.8119222e+27
      5270.00   2.5877406e+27
      5290.00   2.9300693e+27
      5310.00   3.1102766e+27
      5330.00   2.8697974e+27
      5350.00   3.1293315e+27
      5370.00   3.1539729e+27
      5390.00   3.1526312e+27
      5410.00   3.1557851e+27
      5430.00   3.2375573e+27
      5450.00   3.3574030e+27
      5470.00   3.3763626e+27
      5490.00   3.4345085e+27
      5510.00   3.4651599e+27
      5530.00   3.6122537e+27
      5550.00   3.7108248e+27
      5570.00   3.6889962e+27
      5590.00   3.6717898e+27
      5610.00   3.8245176e+27
      5630.00   3.8925250e+27
      5650.00   3.9904863e+27
      5670.00   3.9653477e+27
      5690.00   4.1179456e+27
      5710.00   4.0518607e+27
      5730.00   4.3714593e+27
      5750.00   4.3205212e+27
      5770.00   4.4178924e+27
      5790.00   4.3523199e+27
      5810.00   4.5371908e+27
      5830.00   4.6904721e+27
      5850.00   4.6352102e+27
      5870.00   4.7110317e+27
      5890.00   4.2285990e+27
      5910.00   4.7456306e+27
      5930.00   4.8601941e+27
      5950.00   4.9269077e+27
      5970.00   5.0558540e+27
      5990.00   5.0620638e+27
      6010.00   5.0671688e+27
      6030.00   5.2257925e+27
      6050.00   5.3696695e+27
      6070.00   5.4112305e+27
      6090.00   5.3493679e+27
      6110.00   5.4229927e+27
      6130.00   5.2479662e+27
      6150.00   5.4554068e+27
      6170.00   5.2896363e+27
      6190.00   5.6236667e+27
      6210.00   5.6566528e+27
      6230.00   5.5895092e+27
      6250.00   5.5126473e+27
      6270.00   5.7904422e+27
      6290.00   5.9444123e+27
      6310.00   5.7572920e+27
      6330.00   5.8864205e+27
      6350.00   5.9861475e+27
      6370.00   6.0480244e+27
      6390.00   6.1819494e+27
      6410.00   6.1464976e+27
      6430.00   6.2673584e+27
      6450.00   6.3224742e+27
      6470.00   6.3736670e+27
      6490.00   6.3440261e+27
      6510.00   6.6113660e+27
      6530.00   6.7068399e+27
      6550.00   6.7509253e+27
      6570.00   6.6640078e+27
      6590.00   7.0124612e+27
      6610.00   6.9978825e+27
      6630.00   7.0502004e+27
      6650.00   7.1277256e+27
      6670.00   7.0951480e+27
      6690.00   7.2686760e+27
      6710.00   7.2479238e+27
      6730.00   7.5011486e+27
      6750.00   7.3460690e+27
      6770.00   7.4583639e+27
      6790.00   7.4857519e+27
      6810.00   7.5867647e+27
      6830.00   7.7404170e+27
      6850.00   7.6721084e+27
      6870.00   7.8368688e+27
      6890.00   8.0136145e+27
      6910.00   8.0695898e+27
      6930.00   8.1153112e+27
      6950.00   8.1857205e+27
      6970.00   8.3479006e+27
      6990.00   8.3833178e+27
      7010.00   8.3815101e+27
      7030.00   8.5940379e+27
      7050.00   8.7085244e+27
      7070.00   8.6356283e+27
      7090.00   8.5541923e+27
      7110.00   8.4916667e+27
      7130.00   8.5057044e+27
      7150.00   8.5069038e+27
      7170.00   8.6891283e+27
      7190.00   8.5905767e+27
      7210.00   8.8127940e+27
      7230.00   9.0674289e+27
      7250.00   9.1899215e+27
      7270.00   9.3194195e+27
      7290.00   9.2932796e+27
      7310.00   9.5518297e+27
      7330.00   9.6695884e+27
      7350.00   9.7872959e+27
      7370.00   1.0059670e+28
      7390.00   9.9941165e+27
      7410.00   9.9961605e+27
      7430.00   1.0281087e+28
      7450.00   1.0387378e+28
      7470.00   1.0566686e+28
      7490.00   1.0621569e+28
      7510.00   1.0796847e+28
      7530.00   1.1001063e+28
      7550.00   1.1152886e+28
      7570.00   1.1202436e+28
      7590.00   1.1153781e+28
      7610.00   1.1180091e+28
      7630.00   1.1155675e+28
      7650.00   1.1136481e+28
      7670.00   1.0833414e+28
      7690.00   1.1180167e+28
      7710.00   1.1082598e+28
      7730.00   1.1227029e+28
      7750.00   1.1245191e+28
      7770.00   1.1496733e+28
      7790.00   1.1613977e+28
      7810.00   1.1708771e+28
      7830.00   1.1702851e+28
      7850.00   1.1711070e+28
      7870.00   1.1955070e+28
      7890.00   1.1914974e+28
      7910.00   1.1800429e+28
      7930.00   1.1901422e+28
      7950.00   1.1896473e+28
      7970.00   1.2310593e+28
      7990.00   1.2389423e+28
      8010.00   1.2644264e+28
      8030.00   1.2766695e+28
      8050.00   1.2830082e+28
      8070.00   1.3004854e+28
      8090.00   1.3016446e+28
      8110.00   1.3219037e+28
      8130.00   1.3502806e+28
      8150.00   1.3683216e+28
      8170.00   1.3856166e+28
      8190.00   1.3588346e+28
      8210.00   1.3696803e+28
      8230.00   1.3860595e+28
      8250.00   1.3970150e+28
      8270.00   1.4163844e+28
      8290.00   1.4171476e+28
      8310.00   1.3988664e+28
      8330.00   1.3944602e+28
      8350.00   1.4138628e+28
      8370.00   1.4266541e+28
      8390.00   1.3936679e+28
      8410.00   1.4435739e+28
      8430.00   1.4069734e+28
      8450.00   1.4115858e+28
      8470.00   1.4151327e+28
      8490.00   1.4246789e+28
      8510.00   1.3771139e+28
      8530.00   1.4376460e+28
      8550.00   1.2939796e+28
      8570.00   1.4901087e+28
      8590.00   1.4862632e+28
      8610.00   1.5002182e+28
      8630.00   1.5270342e+28
      8650.00   1.5326419e+28
      8670.00   1.3717332e+28
      8690.00   1.5186706e+28
      8710.00   1.5732887e+28
      8730.00   1.5899456e+28
      8750.00   1.5816381e+28
      8770.00   1.6145537e+28
      8790.00   1.6325037e+28
      8810.00   1.6177013e+28
      8830.00   1.6345719e+28
      8850.00   1.6506656e+28
      8870.00   1.6216716e+28
      8890.00   1.6578146e+28
      8910.00   1.6760805e+28
      8930.00   1.6660945e+28
      8950.00   1.6737040e+28
      8970.00   1.6908773e+28
      8990.00   1.7033529e+28
      9010.00   1.6633110e+28
      9030.00   1.7225221e+28
      9050.00   1.7807121e+28
      9070.00   1.9279225e+28
      9090.00   1.7597457e+28
      9110.00   1.7814005e+28
      9130.00   1.8080314e+28
      9150.00   1.8120135e+28
      9170.00   1.8223157e+28
      9190.00   1.8454947e+28
      9210.00   1.8055665e+28
      9230.00   1.7792043e+28
      9250.00   1.7889540e+28
      9270.00   1.8053027e+28
      9290.00   1.7992809e+28
      9310.00   1.8184525e+28
      9330.00   1.8296778e+28
      9350.00   1.8301030e+28
      9370.00   1.8154464e+28
      9390.00   1.8511554e+28
      9410.00   1.8320832e+28
      9430.00   1.8750272e+28
      9450.00   1.8640018e+28
      9470.00   1.9032196e+28
      9490.00   1.9131629e+28
      9510.00   1.9046604e+28
      9530.00   1.9179292e+28
      9550.00   1.8905989e+28
      9570.00   1.9198394e+28
      9590.00   1.9512940e+28
      9610.00   1.9378013e+28
      9630.00   1.9534364e+28
      9650.00   1.9292254e+28
      9670.00   1.9403086e+28
      9690.00   1.9738393e+28
      9710.00   1.9610236e+28
      9730.00   1.9570265e+28
      9750.00   1.9635222e+28
      9770.00   1.9806898e+28
      9790.00   1.9656432e+28
      9810.00   2.0152806e+28
      9830.00   2.0109305e+28
      9850.00   2.0314462e+28
      9870.00   2.0300669e+28
      9890.00   2.0364711e+28
      9910.00   2.0317109e+28
      9930.00   2.0491711e+28
      9950.00   2.0618949e+28
      9970.00   2.0714197e+28
      9990.00   2.0776934e+28
      10025.0   2.0875571e+28
      10075.0   2.0870622e+28
      10125.0   2.1312629e+28
      10175.0   2.1335079e+28
      10225.0   2.1628171e+28
      10275.0   2.1905037e+28
      10325.0   2.2023813e+28
      10375.0   2.2030629e+28
      10425.0   2.2359001e+28
      10475.0   2.2229793e+28
      10525.0   2.2184502e+28
      10575.0   2.1962738e+28
      10625.0   2.1996782e+28
      10675.0   2.2031357e+28
      10725.0   2.2401838e+28
      10775.0   2.2524110e+28
      10825.0   2.2664270e+28
      10875.0   2.2700476e+28
      10925.0   2.2890508e+28
      10975.0   2.2884318e+28
      11025.0   2.2992036e+28
      11075.0   2.2907258e+28
      11125.0   2.3029016e+28
      11175.0   2.3062164e+28
      11225.0   2.3265563e+28
      11275.0   2.3204023e+28
      11325.0   2.3381345e+28
      11375.0   2.3377661e+28
      11425.0   2.3346503e+28
      11475.0   2.3815361e+28
      11525.0   2.3964439e+28
      11575.0   2.3901093e+28
      11625.0   2.3737324e+28
      11675.0   2.3924407e+28
      11725.0   2.4159113e+28
      11775.0   2.3794603e+28
      11825.0   2.3758346e+28
      11875.0   2.3533443e+28
      11925.0   2.4047457e+28
      11975.0   2.3511687e+28
      12025.0   2.4131997e+28
      12075.0   2.4159167e+28
      12125.0   2.4388502e+28
      12175.0   2.4607661e+28
      12225.0   2.4657395e+28
      12275.0   2.4666792e+28
      12325.0   2.4715751e+28
      12375.0   2.4810839e+28
      12425.0   2.4643226e+28
      12475.0   2.4734820e+28
      12525.0   2.4707189e+28
      12575.0   2.4802281e+28
      12625.0   2.4821703e+28
      12675.0   2.4823715e+28
      12725.0   2.4984056e+28
      12775.0   2.5132902e+28
      12825.0   2.4681631e+28
      12875.0   2.5079329e+28
      12925.0   2.5004174e+28
      12975.0   2.5360547e+28
      13025.0   2.5277056e+28
      13075.0   2.5445649e+28
      13125.0   2.5109032e+28
      13175.0   2.5182868e+28
      13225.0   2.5320496e+28
      13275.0   2.5060446e+28
      13325.0   2.5212413e+28
      13375.0   2.5127214e+28
      13425.0   2.5273047e+28
      13475.0   2.5210572e+28
      13525.0   2.5203249e+28
      13575.0   2.4988939e+28
      13625.0   2.4991044e+28
      13675.0   2.5231066e+28
      13725.0   2.5424814e+28
      13775.0   2.5473023e+28
      13825.0   2.5604636e+28
      13875.0   2.5491583e+28
      13925.0   2.5101100e+28
      13975.0   2.5120787e+28
      14025.0   2.4962949e+28
      14075.0   2.5252584e+28
      14125.0   2.5142045e+28
      14175.0   2.5421364e+28
      14225.0   2.5255348e+28
      14275.0   2.5063079e+28
      14325.0   2.5574189e+28
      14375.0   2.5759069e+28
      14425.0   2.5378336e+28
      14475.0   2.5909721e+28
      14525.0   2.5771561e+28
      14570.0   2.5990012e+28
      14620.0   2.5903414e+28
      14675.0   2.5967012e+28
      14725.0   2.5809372e+28
      14775.0   2.6076580e+28
      14825.0   2.6240050e+28
      14875.0   2.6102312e+28
      14925.0   2.6736001e+28
      14975.0   2.6631139e+28
      15025.0   2.6399566e+28
      15075.0   2.6539765e+28
      15125.0   2.7110755e+28
      15175.0   2.7269067e+28
      15225.0   2.7357963e+28
      15275.0   2.7626310e+28
      15325.0   2.7656665e+28
      15375.0   2.7818117e+28
      15425.0   2.7841879e+28
      15475.0   2.8006578e+28
      15525.0   2.7918234e+28
      15575.0   2.7390321e+28
      15625.0   2.7767103e+28
      15675.0   2.7773277e+28
      15725.0   2.8251821e+28
      15775.0   2.7061127e+28
      15825.0   2.7411136e+28
      15875.0   2.7320834e+28
      15925.0   2.8187721e+28
      15975.0   2.7840454e+28
      16050.0   2.7978675e+28
      16150.0   2.8300214e+28
      16250.0   2.8066282e+28
      16350.0   2.8828374e+28
      16450.0   2.7846516e+28
      16550.0   2.8742100e+28
      16650.0   2.8126990e+28
      16750.0   2.8316545e+28
      16850.0   2.7900414e+28
      16950.0   2.8313809e+28
      17050.0   2.7937467e+28
      17150.0   2.7752229e+28
      17250.0   2.7453129e+28
      17350.0   2.6739189e+28
      17450.0   2.6731561e+28
      17550.0   2.6353839e+28
      17650.0   2.6032313e+28
      17750.0   2.5512378e+28
      17850.0   2.5253613e+28
      17950.0   2.4810703e+28
      18050.0   2.4334887e+28
      18150.0   2.4014991e+28
      18250.0   2.3871492e+28
      18350.0   2.3656049e+28
      18450.0   2.3306175e+28
      18550.0   2.3187400e+28
      18650.0   2.2720175e+28
      18750.0   2.2683955e+28
      18850.0   2.2445590e+28
      18950.0   2.1906215e+28
      19050.0   2.2231365e+28
      19150.0   2.1985963e+28
      19250.0   2.1881187e+28
      19350.0   2.1487641e+28
      19450.0   2.1122105e+28
      19550.0   2.1180380e+28
      19650.0   2.0953013e+28
      19750.0   2.0524969e+28
      19850.0   2.0432219e+28
      19950.0   2.0317316e+28
      20050.0   2.0341593e+28
      20150.0   2.0201170e+28
      20250.0   1.9873941e+28
      20350.0   1.9768599e+28
      20450.0   1.9844907e+28
      20550.0   1.9694020e+28
      20650.0   1.9515973e+28
      20750.0   1.9455896e+28
      20850.0   1.9334294e+28
      20950.0   1.9143451e+28
      21050.0   1.9193573e+28
      21150.0   1.9022558e+28
      21250.0   1.8919831e+28
      21350.0   1.8898354e+28
      21450.0   1.8778313e+28
      21550.0   1.8634740e+28
      21650.0   1.8395849e+28
      21750.0   1.8268743e+28
      21850.0   1.8170496e+28
      21950.0   1.8076617e+28
      22050.0   1.7727897e+28
      22150.0   1.7819458e+28
      22250.0   1.7499894e+28
      22350.0   1.7411709e+28
      22450.0   1.7278948e+28
      22550.0   1.7180248e+28
      22650.0   1.6920290e+28
      22750.0   1.6912272e+28
      22850.0   1.6661530e+28
      22950.0   1.4592620e+28
      23050.0   1.5356299e+28
      23150.0   1.5307448e+28
      23250.0   1.3584796e+28
      23350.0   1.4407123e+28
      23450.0   1.4161115e+28
      23550.0   1.2798360e+28
      23650.0   1.3682532e+28
      23750.0   1.3396170e+28
      23850.0   1.2315174e+28
      23950.0   1.2968554e+28
      24050.0   1.2860338e+28
      24150.0   1.1914676e+28
      24250.0   1.2337768e+28
      24350.0   1.2223016e+28
      24450.0   1.1633567e+28
      24550.0   1.1537038e+28
      24650.0   1.1747144e+28
      24750.0   1.1388580e+28
      24850.0   1.0796132e+28
      24950.0   1.0938620e+28
      25050.0   1.1123805e+28
      25150.0   1.0452198e+28
      25250.0   1.0753405e+28
      25350.0   1.0771084e+28
      25450.0   1.0593704e+28
      25550.0   1.0516282e+28
      25650.0   1.0574782e+28
      25750.0   1.0650842e+28
      25850.0   1.0302831e+28
      25950.0   1.0429851e+28
      26050.0   1.0496633e+28
      26150.0   1.0352419e+28
      26250.0   1.0285180e+28
      26350.0   1.0307589e+28
      26450.0   1.0275277e+28
      26550.0   1.0170289e+28
      26650.0   1.0027582e+28
      26750.0   1.0192669e+28
      26850.0   1.0111979e+28
      26950.0   9.9379717e+27
      27050.0   9.9747319e+27
      27150.0   9.9184628e+27
      27250.0   9.9080839e+27
      27350.0   9.7466096e+27
      27450.0   9.7818896e+27
      27550.0   9.7506063e+27
      27650.0   9.6612220e+27
      27750.0   9.5599508e+27
      27850.0   9.5666587e+27
      27950.0   9.5634095e+27
      28050.0   9.4912993e+27
      28150.0   9.3944641e+27
      28250.0   9.3714911e+27
      28350.0   9.3579256e+27
      28450.0   9.2759999e+27
      28550.0   9.1679999e+27
      28650.0   9.0710002e+27
      28750.0   8.9599998e+27
      28850.0   8.8799999e+27
      28950.0   8.7840001e+27
      29050.0   8.6800000e+27
      29150.0   8.5969997e+27
      29250.0   8.4490002e+27
      29350.0   8.4139997e+27
      29450.0   8.2990001e+27
      29550.0   8.2139998e+27
      29650.0   8.1440002e+27
      29750.0   8.0550001e+27
      29850.0   7.9539999e+27
      29950.0   7.8649998e+27
      30050.0   7.7810002e+27
      30150.0   7.7200002e+27
      30250.0   7.6260003e+27
      30350.0   7.5210002e+27
      30450.0   7.4829999e+27
      30550.0   7.4030001e+27
      30650.0   7.3280001e+27
      30750.0   7.2700000e+27
      30850.0   7.1790000e+27
      30950.0   7.1219998e+27
      31050.0   7.0710000e+27
      31150.0   6.9610002e+27
      31250.0   6.9259998e+27
      31350.0   6.8609999e+27
      31450.0   6.7930002e+27
      31550.0   6.7160003e+27
      31650.0   6.6470000e+27
      31750.0   6.5990001e+27
      31850.0   6.5360002e+27
      31950.0   6.4839998e+27
      32100.0   6.3890000e+27
      32300.0   6.2699999e+27
      32500.0   6.1600001e+27
      32700.0   6.0410000e+27
      32900.0   5.9140002e+27
      33100.0   5.8189997e+27
      33300.0   5.7079999e+27
      33500.0   5.6160000e+27
      33700.0   5.5080000e+27
      33900.0   5.3980002e+27
      34100.0   5.2920002e+27
      34300.0   5.2079999e+27
      34500.0   5.1120001e+27
      34700.0   5.0129998e+27
      34900.0   4.9220001e+27
      35100.0   4.8349999e+27
      35300.0   4.7369999e+27
      35500.0   4.6549999e+27
      35700.0   4.5650001e+27
      35900.0   4.4810001e+27
      36100.0   4.4060001e+27
      36300.0   4.3230001e+27
      36500.0   4.2340000e+27
      36700.0   4.1560001e+27
      36900.0   4.0689999e+27
      37100.0   3.9910000e+27
      37300.0   3.9290001e+27
      37500.0   3.8390000e+27
      37700.0   3.7889999e+27
      37900.0   3.7150001e+27
      38100.0   3.6490000e+27
      38300.0   3.5860001e+27
      38500.0   3.5220000e+27
      38700.0   3.4460000e+27
      38900.0   3.3850000e+27
      39100.0   3.3249999e+27
      39300.0   3.2640000e+27
      39500.0   3.1920001e+27
      39700.0   3.1350000e+27
      39900.0   3.0609999e+27
      40100.0   3.0149999e+27
      40300.0   2.9640001e+27
      40500.0   2.9902895e+27
      40700.0   2.8510021e+27
      40900.0   2.8010000e+27
      41100.0   2.7510001e+27
      41300.0   2.7039999e+27
      41500.0   2.6520001e+27
      41700.0   2.6039999e+27
      41900.0   2.5550001e+27
      42100.0   2.5059999e+27
      42300.0   2.4730000e+27
      42500.0   2.4240000e+27
      42700.0   2.3860000e+27
      42900.0   2.2520001e+27
      43100.0   2.1140000e+27
      43300.0   2.1190001e+27
      43500.0   1.9980001e+27
      43700.0   1.9380000e+27
      43900.0   1.8909999e+27
      44100.0   1.8060000e+27
      44300.0   1.7650000e+27
      44500.0   1.7310000e+27
      44700.0   1.6730000e+27
      44900.0   1.6650000e+27
      45100.0   1.6270000e+27
      45300.0   1.5860000e+27
      45500.0   1.5770000e+27
      45700.0   1.5540001e+27
      45900.0   1.4980000e+27
      46100.0   1.5070000e+27
      46300.0   1.4770000e+27
      46500.0   1.4610000e+27
      46700.0   1.4590001e+27
      46900.0   1.4290001e+27
      47100.0   1.4030000e+27
      47300.0   1.4089999e+27
      47500.0   1.3690000e+27
      47700.0   1.3599999e+27
      47900.0   1.3460000e+27
      48100.0   1.3060000e+27
      48300.0   1.3210000e+27
      48500.0   1.2879999e+27
      48700.0   1.2620001e+27
      48900.0   1.2450000e+27
      49100.0   1.2270000e+27
      49300.0   1.2140000e+27
      49500.0   1.1900000e+27
      49700.0   1.1870000e+27
      49900.0   1.1660000e+27
      50100.0   1.1520000e+27
      50300.0   1.1370000e+27
      50500.0   1.1120000e+27
      50700.0   1.1040000e+27
      50900.0   1.0900000e+27
      51100.0   1.0700000e+27
      51300.0   1.0630000e+27
      51500.0   1.0440000e+27
      51700.0   1.0400000e+27
      51900.0   1.0200000e+27
      52100.0   1.0100000e+27
      52300.0   9.9240000e+26
      52500.0   9.8560002e+26
      52700.0   9.8250001e+26
      52900.0   9.5830002e+26
      53100.0   9.4589997e+26
      53300.0   9.3930002e+26
      53500.0   9.2780002e+26
      53700.0   9.1830002e+26
      53900.0   9.0810001e+26
      54100.0   8.9749999e+26
      54300.0   8.8049999e+26
      54500.0   8.7739998e+26
      54700.0   8.6199997e+26
      54900.0   8.5369997e+26
      55100.0   8.4139997e+26
      55300.0   8.4520000e+26
      55500.0   8.2100002e+26
      55700.0   8.2070000e+26
      55900.0   8.0640001e+26
      56100.0   8.0110004e+26
      56300.0   7.8559998e+26
      56500.0   7.8249996e+26
      56700.0   7.7289998e+26
      56900.0   7.5850001e+26
      57100.0   7.5640003e+26
      57300.0   7.4700002e+26
      57500.0   7.3809998e+26
      57700.0   7.2830003e+26
      57900.0   7.2379999e+26
      58100.0   7.1220001e+26
      58300.0   7.0479999e+26
      58500.0   6.9710002e+26
      58700.0   6.8610001e+26
      58900.0   6.7919997e+26
      59100.0   6.7169996e+26
      59300.0   6.6510001e+26
      59500.0   6.5570000e+26
      59700.0   6.5050001e+26
      59900.0   6.4290002e+26
      60100.0   6.3550000e+26
      60300.0   6.2800000e+26
      60500.0   6.1870000e+26
      60700.0   6.1199999e+26
      60900.0   6.0480001e+26
      61100.0   5.9690000e+26
      61300.0   5.9150001e+26
      61500.0   5.8540001e+26
      61700.0   5.7979998e+26
      61900.0   5.7280000e+26
      62100.0   5.6700001e+26
      62300.0   5.5930000e+26
      62500.0   5.5160000e+26
      62700.0   5.4550000e+26
      62900.0   5.3979999e+26
      63100.0   5.3340000e+26
      63300.0   5.2889999e+26
      63500.0   5.2190001e+26
      63700.0   5.1760000e+26
      63900.0   5.0969999e+26
      64200.0   5.0210001e+26
      64600.0   4.9040001e+26
      65000.0   4.7960000e+26
      65400.0   4.6879998e+26
      65800.0   4.5889998e+26
      66200.0   4.4839999e+26
      66600.0   4.3860001e+26
      67000.0   4.2919999e+26
      67400.0   4.1949999e+26
      67800.0   4.1030001e+26
      68200.0   4.0129999e+26
      68600.0   3.9290001e+26
      69000.0   3.8420000e+26
      69400.0   3.7599998e+26
      69800.0   3.6800000e+26
      70200.0   3.6000002e+26
      70600.0   3.5250001e+26
      71000.0   3.4500001e+26
      71400.0   3.3779999e+26
      71800.0   3.3060000e+26
      72200.0   3.2380002e+26
      72600.0   3.1690001e+26
      73000.0   3.1040001e+26
      73400.0   3.0400000e+26
      73800.0   2.9779999e+26
      74200.0   2.9150001e+26
      74600.0   2.8540000e+26
      75000.0   2.7969999e+26
      75400.0   2.7410000e+26
      75800.0   2.6880000e+26
      76200.0   2.6350001e+26
      76600.0   2.5820000e+26
      77000.0   2.5309999e+26
      77400.0   2.4810000e+26
      77800.0   2.4329999e+26
      78200.0   2.3850000e+26
      78600.0   2.3389999e+26
      79000.0   2.2940000e+26
      79400.0   2.2499999e+26
      79800.0   2.2070000e+26
      80200.0   2.1640001e+26
      80600.0   2.1230000e+26
      81000.0   2.0840001e+26
      81400.0   2.0440000e+26
      81800.0   2.0070000e+26
      82200.0   1.9689999e+26
      82600.0   1.9330000e+26
      83000.0   1.8970001e+26
      83400.0   1.8620000e+26
      83800.0   1.8280000e+26
      84200.0   1.7949999e+26
      84600.0   1.7620000e+26
      85000.0   1.7310000e+26
      85400.0   1.6999999e+26
      85800.0   1.6700000e+26
      86200.0   1.6400000e+26
      86600.0   1.6109999e+26
      87000.0   1.5830000e+26
      87400.0   1.5550000e+26
      87800.0   1.5280000e+26
      88200.0   1.5010000e+26
      88600.0   1.4750000e+26
      89000.0   1.4490000e+26
      89400.0   1.4250000e+26
      89800.0   1.4000000e+26
      90200.0   1.3770000e+26
      90600.0   1.3540000e+26
      91000.0   1.3300000e+26
      91400.0   1.3080000e+26
      91800.0   1.2860000e+26
      92200.0   1.2650000e+26
      92600.0   1.2440000e+26
      93000.0   1.2240000e+26
      93400.0   1.2030000e+26
      93800.0   1.1840000e+26
      94200.0   1.1640000e+26
      94600.0   1.1450000e+26
      95000.0   1.1270000e+26
      95400.0   1.1090000e+26
      95800.0   1.0910000e+26
      96200.0   1.0740000e+26
      96600.0   1.0570000e+26
      97000.0   1.0400000e+26
      97400.0   1.0230000e+26
      97800.0   1.0070000e+26
      98200.0   9.9139997e+25
      98600.0   9.7599998e+25
      99000.0   9.6090003e+25
      99400.0   9.4589997e+25
      99800.0   9.3130002e+25
      100200.   9.1700001e+25
      200000.   6.2039997e+24
      400000.   4.2110000e+23
      600000.   9.2149998e+22
      800000.   3.3239999e+22
  1.00000e+06   1.5830000e+22
  1.20000e+06   9.0260001e+21
  1.40000e+06   5.7780001e+21
  1.60000e+06   4.0079999e+21
