      91.0000      0.00000
      94.0000      0.00000
      96.0000      0.00000
      98.0000      0.00000
      100.000      0.00000
      102.000      0.00000
      104.000      0.00000
      106.000      0.00000
      108.000      0.00000
      110.000      0.00000
      114.000      0.00000
      118.000      0.00000
      121.000      0.00000
      125.000      0.00000
      127.000      0.00000
      128.000      0.00000
      131.000      0.00000
      132.000      0.00000
      134.000      0.00000
      137.000      0.00000
      140.000      0.00000
      143.000      0.00000
      147.000      0.00000
      151.000      0.00000
      155.000      0.00000
      159.000      0.00000
      162.000      0.00000
      166.000      0.00000
      170.000      0.00000
      173.000      0.00000
      177.000      0.00000
      180.000      0.00000
      182.000      0.00000
      186.000      0.00000
      191.000      0.00000
      194.000      0.00000
      198.000      0.00000
      202.000      0.00000
      205.000      0.00000
      210.000      0.00000
      216.000      0.00000
      220.000      0.00000
      223.000      0.00000
      227.000      0.00000
      230.000      0.00000
      234.000      0.00000
      240.000      0.00000
      246.000      0.00000
      252.000      0.00000
      257.000      0.00000
      260.000      0.00000
      264.000      0.00000
      269.000      0.00000
      274.000      0.00000
      279.000      0.00000
      284.000      0.00000
      290.000      0.00000
      296.000      0.00000
      301.000      0.00000
      308.000      0.00000
      318.000      0.00000
      328.000      0.00000
      338.000      0.00000
      348.000      0.00000
      357.000      0.00000
      366.000      0.00000
      375.000      0.00000
      385.000      0.00000
      395.000      0.00000
      405.000      0.00000
      414.000      0.00000
      422.000      0.00000
      430.000      0.00000
      441.000      0.00000
      451.000      0.00000
      460.000      0.00000
      470.000      0.00000
      480.000      0.00000
      490.000      0.00000
      500.000      0.00000
      506.000      0.00000
      512.000      0.00000
      520.000      0.00000
      530.000      0.00000
      540.000      0.00000
      550.000      0.00000
      560.000      0.00000
      570.000      0.00000
      580.000      0.00000
      590.000      0.00000
      600.000      0.00000
      610.000      0.00000
      620.000      0.00000
      630.000      0.00000
      640.000      0.00000
      650.000      0.00000
      658.000      0.00000
      665.000      0.00000
      675.000      0.00000
      685.000      0.00000
      695.000      0.00000
      705.000      0.00000
      716.000      0.00000
      726.000      0.00000
      735.000      0.00000
      745.000      0.00000
      755.000      0.00000
      765.000      0.00000
      775.000      0.00000
      785.000      0.00000
      795.000      0.00000
      805.000      0.00000
      815.000      0.00000
      825.000      0.00000
      835.000      0.00000
      845.000      0.00000
      855.000      0.00000
      865.000      0.00000
      875.000      0.00000
      885.000      0.00000
      895.000      0.00000
      905.000      0.00000
      915.000  4.48300e+27
      925.000  7.06700e+27
      935.000  1.05000e+28
      945.000  1.63200e+28
      955.000  2.20000e+28
      965.000  2.29400e+28
      975.000  7.17400e+27
      985.000  1.71400e+28
      995.000  1.84100e+28
      1005.00  2.71200e+28
      1015.00  2.68500e+28
      1025.00  1.36100e+28
      1035.00  1.88600e+28
      1045.00  3.47200e+28
      1055.00  3.31900e+28
      1065.00  2.38000e+28
      1075.00  2.90300e+28
      1085.00  2.23400e+28
      1095.00  3.01900e+28
      1105.00  2.71300e+28
      1115.00  2.43600e+28
      1125.00  2.06500e+28
      1135.00  2.81100e+28
      1145.00  2.46700e+28
      1155.00  2.62500e+28
      1165.00  2.59400e+28
      1175.00  1.58300e+28
      1185.00  2.51800e+28
      1195.00  1.82500e+28
      1205.00  1.23500e+28
      1215.00  1.04600e+28
      1225.00  1.82900e+28
      1235.00  2.62400e+28
      1245.00  2.69700e+28
      1255.00  2.49200e+28
      1265.00  2.24900e+28
      1275.00  2.72500e+28
      1285.00  2.80100e+28
      1295.00  1.96200e+28
      1305.00  2.04700e+28
      1315.00  2.64700e+28
      1325.00  2.39600e+28
      1335.00  2.11900e+28
      1345.00  2.51200e+28
      1355.00  2.40600e+28
      1365.00  2.05700e+28
      1375.00  2.09900e+28
      1385.00  2.08500e+28
      1395.00  1.63400e+28
      1405.00  1.69400e+28
      1415.00  1.82300e+28
      1425.00  1.85300e+28
      1435.00  1.87900e+28
      1442.00  1.95600e+28
      1447.00  1.94900e+28
      1455.00  1.86800e+28
      1465.00  1.67500e+28
      1475.00  1.71500e+28
      1485.00  1.71800e+28
      1495.00  1.71000e+28
      1505.00  1.53400e+28
      1512.00  1.34300e+28
      1517.00  1.42900e+28
      1525.00  1.43300e+28
      1535.00  1.19500e+28
      1545.00  1.21700e+28
      1555.00  1.18900e+28
      1565.00  1.25000e+28
      1575.00  1.32800e+28
      1585.00  1.38200e+28
      1595.00  1.36700e+28
      1605.00  1.38900e+28
      1615.00  1.38900e+28
      1625.00  1.31600e+28
      1635.00  1.42300e+28
      1645.00  1.42000e+28
      1655.00  1.34000e+28
      1665.00  1.44300e+28
      1672.00  1.32900e+28
      1677.00  1.45300e+28
      1685.00  1.49600e+28
      1695.00  1.39400e+28
      1705.00  1.34400e+28
      1715.00  1.24700e+28
      1725.00  1.23700e+28
      1735.00  1.33100e+28
      1745.00  1.28700e+28
      1755.00  1.36300e+28
      1765.00  1.25900e+28
      1775.00  1.23800e+28
      1785.00  1.28900e+28
      1795.00  1.38800e+28
      1805.00  1.45200e+28
      1815.00  1.27000e+28
      1825.00  1.33000e+28
      1835.00  1.27600e+28
      1845.00  1.11000e+28
      1855.00  1.13100e+28
      1865.00  1.20000e+28
      1875.00  1.31400e+28
      1885.00  1.18000e+28
      1895.00  1.14900e+28
      1905.00  1.24000e+28
      1915.00  1.16700e+28
      1925.00  1.11200e+28
      1935.00  1.09200e+28
      1945.00  1.24900e+28
      1955.00  1.16800e+28
      1967.00  1.33300e+28
      1976.00  1.33200e+28
      1984.00  1.27900e+28
      1995.00  1.26600e+28
      2005.00  1.29100e+28
      2015.00  1.27200e+28
      2025.00  1.25000e+28
      2035.00  1.27600e+28
      2045.00  1.37100e+28
      2055.00  1.30400e+28
      2065.00  1.28000e+28
      2074.00  1.45100e+28
      2078.00  1.53400e+28
      2085.00  1.64200e+28
      2095.00  1.52500e+28
      2105.00  1.50800e+28
      2115.00  1.62100e+28
      2125.00  1.52500e+28
      2135.00  1.44600e+28
      2145.00  1.60200e+28
      2155.00  1.62600e+28
      2165.00  1.50400e+28
      2175.00  1.51200e+28
      2185.00  1.63600e+28
      2195.00  1.71900e+28
      2205.00  1.65500e+28
      2215.00  1.45500e+28
      2225.00  1.53500e+28
      2235.00  1.79900e+28
      2245.00  1.72100e+28
      2255.00  1.45900e+28
      2265.00  1.43500e+28
      2275.00  1.49200e+28
      2285.00  1.72500e+28
      2295.00  1.51400e+28
      2305.00  1.69600e+28
      2315.00  1.55700e+28
      2325.00  1.25700e+28
      2335.00  1.25500e+28
      2345.00  1.04000e+28
      2355.00  1.48500e+28
      2365.00  1.07200e+28
      2375.00  1.26500e+28
      2385.00  9.17500e+27
      2395.00  1.06600e+28
      2405.00  1.03800e+28
      2415.00  1.15000e+28
      2425.00  1.60800e+28
      2435.00  1.55400e+28
      2445.00  1.76000e+28
      2455.00  1.79000e+28
      2465.00  1.69200e+28
      2475.00  1.50000e+28
      2485.00  1.14400e+28
      2495.00  1.23000e+28
      2505.00  1.67000e+28
      2513.00  1.01800e+28
      2518.00  8.52800e+27
      2525.00  9.07200e+27
      2535.00  1.21800e+28
      2545.00  1.25500e+28
      2555.00  1.72500e+28
      2565.00  1.46700e+28
      2575.00  1.72100e+28
      2585.00  1.59200e+28
      2595.00  1.48000e+28
      2605.00  1.31200e+28
      2615.00  1.20500e+28
      2625.00  1.51200e+28
      2635.00  2.09200e+28
      2645.00  2.67200e+28
      2655.00  3.24300e+28
      2665.00  2.46700e+28
      2675.00  2.72900e+28
      2685.00  2.97500e+28
      2695.00  2.34300e+28
      2705.00  2.66600e+28
      2715.00  2.09200e+28
      2725.00  1.89300e+28
      2735.00  2.21600e+28
      2745.00  1.43300e+28
      2755.00  1.80800e+28
      2765.00  2.23900e+28
      2775.00  2.38600e+28
      2785.00  1.61800e+28
      2795.00  7.88100e+27
      2805.00  9.27500e+27
      2815.00  2.18600e+28
      2825.00  2.83600e+28
      2835.00  2.65700e+28
      2845.00  2.10700e+28
      2855.00  1.31500e+28
      2865.00  2.64100e+28
      2875.00  3.15200e+28
      2885.00  2.92800e+28
      2895.00  3.27700e+28
      2910.00  4.08800e+28
      2930.00  3.72500e+28
      2950.00  3.53000e+28
      2970.00  3.61400e+28
      2990.00  3.67400e+28
      3010.00  3.72000e+28
      3030.00  3.85600e+28
      3050.00  4.05800e+28
      3070.00  4.13500e+28
      3090.00  4.01500e+28
      3110.00  4.36900e+28
      3130.00  4.14800e+28
      3150.00  4.05100e+28
      3170.00  4.41000e+28
      3190.00  4.02000e+28
      3210.00  4.39400e+28
      3230.00  3.95200e+28
      3250.00  5.01600e+28
      3270.00  5.69500e+28
      3290.00  5.59900e+28
      3310.00  5.35700e+28
      3330.00  5.40700e+28
      3350.00  5.24500e+28
      3370.00  4.13600e+28
      3390.00  4.73300e+28
      3410.00  4.86000e+28
      3430.00  5.24800e+28
      3450.00  5.31700e+28
      3470.00  5.50700e+28
      3490.00  5.95600e+28
      3510.00  6.29500e+28
      3530.00  5.83700e+28
      3550.00  6.64700e+28
      3570.00  5.19400e+28
      3590.00  5.07800e+28
      3610.00  5.91800e+28
      3630.00  6.07100e+28
      3640.00  6.31600e+28
      3650.00  6.80000e+28
      3670.00  7.03700e+28
      3690.00  6.62900e+28
      3710.00  7.06200e+28
      3730.00  5.43600e+28
      3750.00  6.06800e+28
      3770.00  7.24300e+28
      3790.00  7.49400e+28
      3810.00  7.46000e+28
      3830.00  5.09800e+28
      3850.00  6.64100e+28
      3870.00  6.47100e+28
      3890.00  6.86600e+28
      3910.00  7.98900e+28
      3930.00  4.60300e+28
      3950.00  7.44100e+28
      3970.00  5.30500e+28
      3990.00  9.57300e+28
      4010.00  1.02800e+29
      4030.00  1.01600e+29
      4050.00  9.89400e+28
      4070.00  9.55200e+28
      4090.00  1.08700e+29
      4110.00  1.02400e+29
      4130.00  1.03800e+29
      4150.00  1.02300e+29
      4170.00  1.04200e+29
      4190.00  1.00900e+29
      4210.00  1.01300e+29
      4230.00  9.76500e+28
      4250.00  9.98600e+28
      4270.00  9.51400e+28
      4290.00  8.90100e+28
      4310.00  7.65600e+28
      4330.00  1.06200e+29
      4350.00  1.03400e+29
      4370.00  1.11400e+29
      4390.00  1.03100e+29
      4410.00  1.09600e+29
      4430.00  1.18600e+29
      4450.00  1.18300e+29
      4470.00  1.24100e+29
      4490.00  1.26900e+29
      4510.00  1.38500e+29
      4530.00  1.26000e+29
      4550.00  1.30600e+29
      4570.00  1.38100e+29
      4590.00  1.32600e+29
      4610.00  1.36000e+29
      4630.00  1.34900e+29
      4650.00  1.35600e+29
      4670.00  1.40000e+29
      4690.00  1.38500e+29
      4710.00  1.35700e+29
      4730.00  1.38800e+29
      4750.00  1.40800e+29
      4770.00  1.39800e+29
      4790.00  1.39800e+29
      4810.00  1.40800e+29
      4830.00  1.42100e+29
      4850.00  1.37600e+29
      4870.00  1.26900e+29
      4890.00  1.39100e+29
      4910.00  1.39500e+29
      4930.00  1.36800e+29
      4950.00  1.41200e+29
      4970.00  1.41300e+29
      4990.00  1.33400e+29
      5010.00  1.28300e+29
      5030.00  1.34700e+29
      5050.00  1.33600e+29
      5070.00  1.37800e+29
      5090.00  1.32500e+29
      5110.00  1.34200e+29
      5130.00  1.31200e+29
      5150.00  1.27200e+29
      5170.00  1.21000e+29
      5190.00  1.24800e+29
      5210.00  1.30400e+29
      5230.00  1.37800e+29
      5250.00  1.42300e+29
      5270.00  1.29800e+29
      5290.00  1.43400e+29
      5310.00  1.49100e+29
      5330.00  1.36800e+29
      5350.00  1.45900e+29
      5370.00  1.44800e+29
      5390.00  1.42800e+29
      5410.00  1.40800e+29
      5430.00  1.42000e+29
      5450.00  1.44900e+29
      5470.00  1.44000e+29
      5490.00  1.44400e+29
      5510.00  1.43500e+29
      5530.00  1.46800e+29
      5550.00  1.48500e+29
      5570.00  1.45400e+29
      5590.00  1.43000e+29
      5610.00  1.46400e+29
      5630.00  1.47200e+29
      5650.00  1.48400e+29
      5670.00  1.45600e+29
      5690.00  1.48500e+29
      5710.00  1.44300e+29
      5730.00  1.52400e+29
      5750.00  1.49200e+29
      5770.00  1.50300e+29
      5790.00  1.46600e+29
      5810.00  1.50000e+29
      5830.00  1.52400e+29
      5850.00  1.48900e+29
      5870.00  1.49000e+29
      5890.00  1.34500e+29
      5910.00  1.46700e+29
      5930.00  1.48000e+29
      5950.00  1.48100e+29
      5970.00  1.49600e+29
      5990.00  1.48100e+29
      6010.00  1.46300e+29
      6030.00  1.48300e+29
      6050.00  1.50300e+29
      6070.00  1.49200e+29
      6090.00  1.46300e+29
      6110.00  1.46200e+29
      6130.00  1.40300e+29
      6150.00  1.43900e+29
      6170.00  1.38500e+29
      6190.00  1.44500e+29
      6210.00  1.43700e+29
      6230.00  1.40600e+29
      6250.00  1.37200e+29
      6270.00  1.41900e+29
      6290.00  1.43200e+29
      6310.00  1.40500e+29
      6330.00  1.41900e+29
      6350.00  1.42800e+29
      6370.00  1.42300e+29
      6390.00  1.42900e+29
      6410.00  1.40400e+29
      6430.00  1.41200e+29
      6450.00  1.40800e+29
      6470.00  1.40100e+29
      6490.00  1.37800e+29
      6510.00  1.41400e+29
      6530.00  1.41900e+29
      6550.00  1.38100e+29
      6570.00  1.28700e+29
      6590.00  1.39300e+29
      6610.00  1.40700e+29
      6630.00  1.40400e+29
      6650.00  1.40100e+29
      6670.00  1.38100e+29
      6690.00  1.39900e+29
      6710.00  1.36300e+29
      6730.00  1.38600e+29
      6750.00  1.36800e+29
      6770.00  1.37300e+29
      6790.00  1.36500e+29
      6810.00  1.36500e+29
      6830.00  1.37500e+29
      6850.00  1.35000e+29
      6870.00  1.36100e+29
      6890.00  1.37300e+29
      6910.00  1.36700e+29
      6930.00  1.36100e+29
      6950.00  1.35500e+29
      6970.00  1.36400e+29
      6990.00  1.35500e+29
      7010.00  1.34000e+29
      7030.00  1.35700e+29
      7050.00  1.36100e+29
      7070.00  1.34000e+29
      7090.00  1.32100e+29
      7110.00  1.30300e+29
      7130.00  1.28400e+29
      7150.00  1.27900e+29
      7170.00  1.29300e+29
      7190.00  1.26600e+29
      7210.00  1.28200e+29
      7230.00  1.30300e+29
      7250.00  1.30500e+29
      7270.00  1.30900e+29
      7290.00  1.29200e+29
      7310.00  1.30900e+29
      7330.00  1.30900e+29
      7350.00  1.31100e+29
      7370.00  1.32800e+29
      7390.00  1.30900e+29
      7410.00  1.29300e+29
      7430.00  1.31500e+29
      7450.00  1.31600e+29
      7470.00  1.32200e+29
      7490.00  1.31600e+29
      7510.00  1.32200e+29
      7530.00  1.33000e+29
      7550.00  1.33400e+29
      7570.00  1.32700e+29
      7590.00  1.31400e+29
      7610.00  1.31000e+29
      7630.00  1.30100e+29
      7650.00  1.29300e+29
      7670.00  1.25300e+29
      7690.00  1.28000e+29
      7710.00  1.25800e+29
      7730.00  1.26400e+29
      7750.00  1.25500e+29
      7770.00  1.27000e+29
      7790.00  1.26900e+29
      7810.00  1.27000e+29
      7830.00  1.25800e+29
      7850.00  1.25000e+29
      7870.00  1.26300e+29
      7890.00  1.24900e+29
      7910.00  1.22900e+29
      7930.00  1.22700e+29
      7950.00  1.21700e+29
      7970.00  1.24400e+29
      7990.00  1.24200e+29
      8010.00  1.25500e+29
      8030.00  1.25600e+29
      8050.00  1.25000e+29
      8070.00  1.25300e+29
      8090.00  1.24400e+29
      8110.00  1.25000e+29
      8130.00  1.26000e+29
      8150.00  1.26200e+29
      8170.00  1.26300e+29
      8190.00  1.23300e+29
      8210.00  1.23700e+29
      8230.00  1.24100e+29
      8250.00  1.24200e+29
      8270.00  1.24900e+29
      8290.00  1.24200e+29
      8310.00  1.22300e+29
      8330.00  1.20900e+29
      8350.00  1.21700e+29
      8370.00  1.21700e+29
      8390.00  1.18300e+29
      8410.00  1.21300e+29
      8430.00  1.18100e+29
      8450.00  1.18500e+29
      8470.00  1.17700e+29
      8490.00  1.17600e+29
      8510.00  1.13100e+29
      8530.00  1.17100e+29
      8550.00  1.05100e+29
      8570.00  1.18700e+29
      8590.00  1.17600e+29
      8610.00  1.17500e+29
      8630.00  1.18300e+29
      8650.00  1.18000e+29
      8670.00  1.05800e+29
      8690.00  1.15200e+29
      8710.00  1.17800e+29
      8730.00  1.18000e+29
      8750.00  1.16600e+29
      8770.00  1.17800e+29
      8790.00  1.17800e+29
      8810.00  1.16100e+29
      8830.00  1.16300e+29
      8850.00  1.16800e+29
      8870.00  1.14600e+29
      8890.00  1.16400e+29
      8910.00  1.16600e+29
      8930.00  1.15300e+29
      8950.00  1.14800e+29
      8970.00  1.15100e+29
      8990.00  1.15200e+29
      9010.00  1.11800e+29
      9030.00  1.14500e+29
      9050.00  1.15700e+29
      9070.00  1.15100e+29
      9090.00  1.12900e+29
      9110.00  1.14100e+29
      9130.00  1.14700e+29
      9150.00  1.14300e+29
      9170.00  1.14200e+29
      9190.00  1.14700e+29
      9210.00  1.12300e+29
      9230.00  1.10700e+29
      9250.00  1.10700e+29
      9270.00  1.10800e+29
      9290.00  1.10100e+29
      9310.00  1.10500e+29
      9330.00  1.10300e+29
      9350.00  1.09600e+29
      9370.00  1.08300e+29
      9390.00  1.09400e+29
      9410.00  1.07700e+29
      9430.00  1.09200e+29
      9450.00  1.08000e+29
      9470.00  1.09100e+29
      9490.00  1.08900e+29
      9510.00  1.08200e+29
      9530.00  1.08100e+29
      9550.00  1.05900e+29
      9570.00  1.06800e+29
      9590.00  1.07600e+29
      9610.00  1.06300e+29
      9630.00  1.06400e+29
      9650.00  1.04600e+29
      9670.00  1.04600e+29
      9690.00  1.05500e+29
      9710.00  1.04600e+29
      9730.00  1.03900e+29
      9750.00  1.03700e+29
      9770.00  1.03800e+29
      9790.00  1.02500e+29
      9810.00  1.04200e+29
      9830.00  1.03600e+29
      9850.00  1.03800e+29
      9870.00  1.03200e+29
      9890.00  1.02900e+29
      9910.00  1.02200e+29
      9930.00  1.02300e+29
      9950.00  1.02300e+29
      9970.00  1.02200e+29
      9990.00  1.01800e+29
      10025.0  1.01000e+29
      10075.0  9.97100e+28
      10125.0  9.99800e+28
      10175.0  9.87500e+28
      10225.0  9.85400e+28
      10275.0  9.83500e+28
      10325.0  9.69100e+28
      10375.0  9.61800e+28
      10425.0  9.62400e+28
      10475.0  9.48100e+28
      10525.0  9.39000e+28
      10575.0  9.23000e+28
      10625.0  9.14400e+28
      10675.0  9.02500e+28
      10725.0  9.04100e+28
      10775.0  8.96300e+28
      10825.0  8.85000e+28
      10875.0  8.82600e+28
      10925.0  8.78900e+28
      10975.0  8.70700e+28
      11025.0  8.67600e+28
      11075.0  8.59000e+28
      11125.0  8.52100e+28
      11175.0  8.43000e+28
      11225.0  8.41000e+28
      11275.0  8.28800e+28
      11325.0  8.25200e+28
      11375.0  8.15800e+28
      11425.0  8.05900e+28
      11475.0  8.11700e+28
      11525.0  8.07600e+28
      11575.0  7.97200e+28
      11625.0  7.83800e+28
      11675.0  7.81900e+28
      11725.0  7.82800e+28
      11775.0  7.65700e+28
      11825.0  7.58700e+28
      11875.0  7.46100e+28
      11925.0  7.54000e+28
      11975.0  7.30800e+28
      12025.0  7.40300e+28
      12075.0  7.33300e+28
      12125.0  7.32400e+28
      12175.0  7.31300e+28
      12225.0  7.25700e+28
      12275.0  7.19100e+28
      12325.0  7.14500e+28
      12375.0  7.10200e+28
      12425.0  7.01600e+28
      12475.0  6.98300e+28
      12525.0  6.91200e+28
      12575.0  6.88100e+28
      12625.0  6.82700e+28
      12675.0  6.76900e+28
      12725.0  6.75000e+28
      12775.0  6.72400e+28
      12825.0  6.51700e+28
      12875.0  6.60000e+28
      12925.0  6.53000e+28
      12975.0  6.55600e+28
      13025.0  6.48600e+28
      13075.0  6.47300e+28
      13125.0  6.35400e+28
      13175.0  6.32300e+28
      13225.0  6.31200e+28
      13275.0  6.20900e+28
      13325.0  6.20100e+28
      13375.0  6.14400e+28
      13425.0  6.13500e+28
      13475.0  6.08300e+28
      13525.0  6.04100e+28
      13575.0  5.95600e+28
      13625.0  5.91100e+28
      13675.0  5.91700e+28
      13725.0  5.91100e+28
      13775.0  5.87500e+28
      13825.0  5.85900e+28
      13875.0  5.79500e+28
      13925.0  5.74100e+28
      13975.0  5.71200e+28
      14025.0  5.63700e+28
      14075.0  5.65700e+28
      14125.0  5.59600e+28
      14175.0  5.61200e+28
      14225.0  5.53600e+28
      14275.0  5.46200e+28
      14325.0  5.52100e+28
      14375.0  5.51900e+28
      14425.0  5.40500e+28
      14475.0  5.47200e+28
      14525.0  5.40300e+28
      14570.0  5.41000e+28
      14620.0  5.38900e+28
      14675.0  5.36400e+28
      14725.0  5.29500e+28
      14775.0  5.30900e+28
      14825.0  5.30000e+28
      14875.0  5.23500e+28
      14925.0  5.31100e+28
      14975.0  5.25600e+28
      15025.0  5.17900e+28
      15075.0  5.16300e+28
      15125.0  5.23400e+28
      15175.0  5.22500e+28
      15225.0  5.20500e+28
      15275.0  5.21400e+28
      15325.0  5.18500e+28
      15375.0  5.19100e+28
      15425.0  5.17200e+28
      15475.0  5.16800e+28
      15525.0  5.11900e+28
      15575.0  5.01200e+28
      15625.0  5.05900e+28
      15675.0  5.02200e+28
      15725.0  5.05000e+28
      15775.0  4.85000e+28
      15825.0  4.90300e+28
      15875.0  4.84000e+28
      15925.0  4.95100e+28
      15975.0  4.87200e+28
      16050.0  4.86500e+28
      16150.0  4.83200e+28
      16250.0  4.77500e+28
      16350.0  4.80500e+28
      16450.0  4.60400e+28
      16550.0  4.67700e+28
      16650.0  4.53100e+28
      16750.0  4.49600e+28
      16850.0  4.37200e+28
      16950.0  4.39300e+28
      17050.0  4.27800e+28
      17150.0  4.21500e+28
      17250.0  4.13000e+28
      17350.0  3.99200e+28
      17450.0  3.96300e+28
      17550.0  3.88100e+28
      17650.0  3.81100e+28
      17750.0  3.71600e+28
      17850.0  3.65500e+28
      17950.0  3.57500e+28
      18050.0  3.48700e+28
      18150.0  3.40900e+28
      18250.0  3.36500e+28
      18350.0  3.30900e+28
      18450.0  3.23600e+28
      18550.0  3.19600e+28
      18650.0  3.11500e+28
      18750.0  3.02600e+28
      18850.0  3.02700e+28
      18950.0  2.93200e+28
      19050.0  2.94500e+28
      19150.0  2.88900e+28
      19250.0  2.85100e+28
      19350.0  2.78000e+28
      19450.0  2.70700e+28
      19550.0  2.70100e+28
      19650.0  2.65700e+28
      19750.0  2.59000e+28
      19850.0  2.55900e+28
      19950.0  2.52400e+28
      20050.0  2.50800e+28
      20150.0  2.47200e+28
      20250.0  2.41500e+28
      20350.0  2.38200e+28
      20450.0  2.37000e+28
      20550.0  2.33200e+28
      20650.0  2.29300e+28
      20750.0  2.26700e+28
      20850.0  2.23500e+28
      20950.0  2.19600e+28
      21050.0  2.18200e+28
      21150.0  2.14800e+28
      21250.0  2.11900e+28
      21350.0  2.10000e+28
      21450.0  2.07200e+28
      21550.0  2.04200e+28
      21650.0  1.99600e+28
      21750.0  1.97600e+28
      21850.0  1.95300e+28
      21950.0  1.93000e+28
      22050.0  1.88300e+28
      22150.0  1.87900e+28
      22250.0  1.83600e+28
      22350.0  1.81600e+28
      22450.0  1.79200e+28
      22550.0  1.77000e+28
      22650.0  1.73600e+28
      22750.0  1.72200e+28
      22850.0  1.68900e+28
      22950.0  1.49000e+28
      23050.0  1.55400e+28
      23150.0  1.53900e+28
      23250.0  1.37200e+28
      23350.0  1.44000e+28
      23450.0  1.41800e+28
      23550.0  1.27700e+28
      23650.0  1.35200e+28
      23750.0  1.32600e+28
      23850.0  1.21400e+28
      23950.0  1.26800e+28
      24050.0  1.25800e+28
      24150.0  1.16300e+28
      24250.0  1.19800e+28
      24350.0  1.18800e+28
      24450.0  1.12800e+28
      24550.0  1.11600e+28
      24650.0  1.13500e+28
      24750.0  1.09700e+28
      24850.0  1.04800e+28
      24950.0  1.06300e+28
      25050.0  1.07400e+28
      25150.0  1.00600e+28
      25250.0  1.02700e+28
      25350.0  1.02400e+28
      25450.0  1.00000e+28
      25550.0  9.86400e+27
      25650.0  9.84900e+27
      25750.0  9.84200e+27
      25850.0  9.45500e+27
      25950.0  9.51200e+27
      26050.0  9.50800e+27
      26150.0  9.32400e+27
      26250.0  9.14700e+27
      26350.0  9.17500e+27
      26450.0  9.09200e+27
      26550.0  8.94300e+27
      26650.0  8.77100e+27
      26750.0  8.84900e+27
      26850.0  8.73000e+27
      26950.0  8.54200e+27
      27050.0  8.51900e+27
      27150.0  8.41900e+27
      27250.0  8.35900e+27
      27350.0  8.18400e+27
      27450.0  8.15500e+27
      27550.0  8.08200e+27
      27650.0  7.96300e+27
      27750.0  7.84300e+27
      27850.0  7.79300e+27
      27950.0  7.74100e+27
      28050.0  7.63900e+27
      28150.0  7.52100e+27
      28250.0  7.45400e+27
      28350.0  7.39500e+27
      28450.0  7.29700e+27
      28550.0  7.20900e+27
      28650.0  7.12800e+27
      28750.0  7.03400e+27
      28850.0  6.97100e+27
      28950.0  6.89300e+27
      29050.0  6.80800e+27
      29150.0  6.73900e+27
      29250.0  6.62600e+27
      29350.0  6.59000e+27
      29450.0  6.49700e+27
      29550.0  6.42800e+27
      29650.0  6.36700e+27
      29750.0  6.29400e+27
      29850.0  6.21500e+27
      29950.0  6.14300e+27
      30050.0  6.07300e+27
      30150.0  6.01600e+27
      30250.0  5.93900e+27
      30350.0  5.84800e+27
      30450.0  5.81300e+27
      30550.0  5.74600e+27
      30650.0  5.68100e+27
      30750.0  5.62900e+27
      30850.0  5.55500e+27
      30950.0  5.50100e+27
      31050.0  5.45300e+27
      31150.0  5.36500e+27
      31250.0  5.33100e+27
      31350.0  5.27500e+27
      31450.0  5.21700e+27
      31550.0  5.15200e+27
      31650.0  5.09800e+27
      31750.0  5.05300e+27
      31850.0  4.99900e+27
      31950.0  4.95100e+27
      32100.0  4.87100e+27
      32300.0  4.76900e+27
      32500.0  4.67300e+27
      32700.0  4.57400e+27
      32900.0  4.46900e+27
      33100.0  4.38800e+27
      33300.0  4.29500e+27
      33500.0  4.21800e+27
      33700.0  4.13000e+27
      33900.0  4.04100e+27
      34100.0  3.95700e+27
      34300.0  3.88900e+27
      34500.0  3.81200e+27
      34700.0  3.73500e+27
      34900.0  3.66200e+27
      35100.0  3.59200e+27
      35300.0  3.51700e+27
      35500.0  3.45200e+27
      35700.0  3.38200e+27
      35900.0  3.31700e+27
      36100.0  3.25700e+27
      36300.0  3.19400e+27
      36500.0  3.12600e+27
      36700.0  3.06600e+27
      36900.0  3.00000e+27
      37100.0  2.94200e+27
      37300.0  2.89300e+27
      37500.0  2.82600e+27
      37700.0  2.78700e+27
      37900.0  2.73200e+27
      38100.0  2.68200e+27
      38300.0  2.63500e+27
      38500.0  2.58700e+27
      38700.0  2.53100e+27
      38900.0  2.48600e+27
      39100.0  2.44100e+27
      39300.0  2.39600e+27
      39500.0  2.34500e+27
      39700.0  2.30300e+27
      39900.0  2.24900e+27
      40100.0  2.21400e+27
      40300.0  2.17700e+27
      40500.0  2.12800e+27
      40700.0  2.09400e+27
      40900.0  2.05700e+27
      41100.0  2.02000e+27
      41300.0  1.98400e+27
      41500.0  1.94700e+27
      41700.0  1.91100e+27
      41900.0  1.87500e+27
      42100.0  1.83800e+27
      42300.0  1.81400e+27
      42500.0  1.77800e+27
      42700.0  1.74900e+27
      42900.0  1.64700e+27
      43100.0  1.54400e+27
      43300.0  1.55000e+27
      43500.0  1.45800e+27
      43700.0  1.41300e+27
      43900.0  1.37800e+27
      44100.0  1.31100e+27
      44300.0  1.28300e+27
      44500.0  1.25800e+27
      44700.0  1.20900e+27
      44900.0  1.20800e+27
      45100.0  1.17800e+27
      45300.0  1.14500e+27
      45500.0  1.14100e+27
      45700.0  1.12500e+27
      45900.0  1.08100e+27
      46100.0  1.09000e+27
      46300.0  1.06800e+27
      46500.0  1.05700e+27
      46700.0  1.05500e+27
      46900.0  1.03400e+27
      47100.0  1.01400e+27
      47300.0  1.02000e+27
      47500.0  9.91200e+26
      47700.0  9.83900e+26
      47900.0  9.74200e+26
      48100.0  9.44500e+26
      48300.0  9.55900e+26
      48500.0  9.32700e+26
      48700.0  9.12900e+26
      48900.0  9.01300e+26
      49100.0  8.88500e+26
      49300.0  8.78000e+26
      49500.0  8.60400e+26
      49700.0  8.58500e+26
      49900.0  8.44200e+26
      50100.0  8.34200e+26
      50300.0  8.23100e+26
      50500.0  8.04100e+26
      50700.0  7.98700e+26
      50900.0  7.88800e+26
      51100.0  7.73800e+26
      51300.0  7.69200e+26
      51500.0  7.54900e+26
      51700.0  7.53400e+26
      51900.0  7.38300e+26
      52100.0  7.31000e+26
      52300.0  7.18100e+26
      52500.0  7.13500e+26
      52700.0  7.11800e+26
      52900.0  6.93200e+26
      53100.0  6.84400e+26
      53300.0  6.79800e+26
      53500.0  6.71500e+26
      53700.0  6.64700e+26
      53900.0  6.57400e+26
      54100.0  6.49700e+26
      54300.0  6.37100e+26
      54500.0  6.35300e+26
      54700.0  6.24000e+26
      54900.0  6.17900e+26
      55100.0  6.09100e+26
      55300.0  6.12600e+26
      55500.0  5.94200e+26
      55700.0  5.94700e+26
      55900.0  5.84000e+26
      56100.0  5.80300e+26
      56300.0  5.68800e+26
      56500.0  5.66900e+26
      56700.0  5.59800e+26
      56900.0  5.49200e+26
      57100.0  5.48000e+26
      57300.0  5.41100e+26
      57500.0  5.34700e+26
      57700.0  5.27500e+26
      57900.0  5.24400e+26
      58100.0  5.15900e+26
      58300.0  5.10500e+26
      58500.0  5.05000e+26
      58700.0  4.96900e+26
      58900.0  4.92000e+26
      59100.0  4.86500e+26
      59300.0  4.81700e+26
      59500.0  4.74900e+26
      59700.0  4.71200e+26
      59900.0  4.65700e+26
      60100.0  4.60300e+26
      60300.0  4.54800e+26
      60500.0  4.47900e+26
      60700.0  4.43100e+26
      60900.0  4.37900e+26
      61100.0  4.32100e+26
      61300.0  4.28200e+26
      61500.0  4.23700e+26
      61700.0  4.19700e+26
      61900.0  4.14700e+26
      62100.0  4.10400e+26
      62300.0  4.04800e+26
      62500.0  3.99200e+26
      62700.0  3.94800e+26
      62900.0  3.90600e+26
      63100.0  3.85900e+26
      63300.0  3.82700e+26
      63500.0  3.77500e+26
      63700.0  3.74500e+26
      63900.0  3.68600e+26
      64200.0  3.63200e+26
      64600.0  3.54600e+26
      65000.0  3.46800e+26
      65400.0  3.38900e+26
      65800.0  3.31700e+26
      66200.0  3.24000e+26
      66600.0  3.16900e+26
      67000.0  3.10100e+26
      67400.0  3.03000e+26
      67800.0  2.96300e+26
      68200.0  2.89800e+26
      68600.0  2.83600e+26
      69000.0  2.77300e+26
      69400.0  2.71300e+26
      69800.0  2.65500e+26
      70200.0  2.59700e+26
      70600.0  2.54200e+26
      71000.0  2.48800e+26
      71400.0  2.43500e+26
      71800.0  2.38300e+26
      72200.0  2.33400e+26
      72600.0  2.28400e+26
      73000.0  2.23700e+26
      73400.0  2.19000e+26
      73800.0  2.14500e+26
      74200.0  2.09900e+26
      74600.0  2.05500e+26
      75000.0  2.01400e+26
      75400.0  1.97300e+26
      75800.0  1.93500e+26
      76200.0  1.89600e+26
      76600.0  1.85800e+26
      77000.0  1.82100e+26
      77400.0  1.78500e+26
      77800.0  1.75000e+26
      78200.0  1.71500e+26
      78600.0  1.68200e+26
      79000.0  1.64900e+26
      79400.0  1.61700e+26
      79800.0  1.58600e+26
      80200.0  1.55500e+26
      80600.0  1.52500e+26
      81000.0  1.49700e+26
      81400.0  1.46800e+26
      81800.0  1.44100e+26
      82200.0  1.41400e+26
      82600.0  1.38700e+26
      83000.0  1.36200e+26
      83400.0  1.33600e+26
      83800.0  1.31200e+26
      84200.0  1.28800e+26
      84600.0  1.26400e+26
      85000.0  1.24200e+26
      85400.0  1.21900e+26
      85800.0  1.19700e+26
      86200.0  1.17600e+26
      86600.0  1.15500e+26
      87000.0  1.13400e+26
      87400.0  1.11400e+26
      87800.0  1.09500e+26
      88200.0  1.07600e+26
      88600.0  1.05700e+26
      89000.0  1.03800e+26
      89400.0  1.02100e+26
      89800.0  1.00300e+26
      90200.0  9.85900e+25
      90600.0  9.69200e+25
      91000.0  9.52200e+25
      91400.0  9.36400e+25
      91800.0  9.20700e+25
      92200.0  9.05500e+25
      92600.0  8.90400e+25
      93000.0  8.75600e+25
      93400.0  8.61000e+25
      93800.0  8.46800e+25
      94200.0  8.32800e+25
      94600.0  8.19200e+25
      95000.0  8.05900e+25
      95400.0  7.92900e+25
      95800.0  7.80100e+25
      96200.0  7.67500e+25
      96600.0  7.55300e+25
      97000.0  7.43200e+25
      97400.0  7.30900e+25
      97800.0  7.19600e+25
      98200.0  7.08400e+25
      98600.0  6.97300e+25
      99000.0  6.86400e+25
      99400.0  6.75600e+25
      99800.0  6.65200e+25
      100200.  6.54900e+25
      200000.  4.35000e+24
      400000.  2.83800e+23
      600000.  5.87100e+22
      800000.  1.97600e+22
  1.00000e+06  8.73800e+21
  1.20000e+06  4.62100e+21
  1.40000e+06  2.76100e+21
  1.60000e+06  1.80100e+21
