      91.0000      0.00000
      94.0000      0.00000
      96.0000      0.00000
      98.0000      0.00000
      100.000      0.00000
      102.000      0.00000
      104.000      0.00000
      106.000      0.00000
      108.000      0.00000
      110.000      0.00000
      114.000      0.00000
      118.000      0.00000
      121.000      0.00000
      125.000      0.00000
      127.000      0.00000
      128.000      0.00000
      131.000      0.00000
      132.000      0.00000
      134.000      0.00000
      137.000      0.00000
      140.000      0.00000
      143.000      0.00000
      147.000      0.00000
      151.000      0.00000
      155.000      0.00000
      159.000      0.00000
      162.000      0.00000
      166.000      0.00000
      170.000      0.00000
      173.000      0.00000
      177.000      0.00000
      180.000      0.00000
      182.000      0.00000
      186.000      0.00000
      191.000      0.00000
      194.000      0.00000
      198.000      0.00000
      202.000      0.00000
      205.000      0.00000
      210.000      0.00000
      216.000      0.00000
      220.000      0.00000
      223.000      0.00000
      227.000      0.00000
      230.000      0.00000
      234.000      0.00000
      240.000      0.00000
      246.000      0.00000
      252.000      0.00000
      257.000      0.00000
      260.000      0.00000
      264.000      0.00000
      269.000      0.00000
      274.000      0.00000
      279.000      0.00000
      284.000      0.00000
      290.000      0.00000
      296.000      0.00000
      301.000      0.00000
      308.000      0.00000
      318.000      0.00000
      328.000      0.00000
      338.000      0.00000
      348.000      0.00000
      357.000      0.00000
      366.000      0.00000
      375.000      0.00000
      385.000      0.00000
      395.000      0.00000
      405.000      0.00000
      414.000      0.00000
      422.000      0.00000
      430.000      0.00000
      441.000      0.00000
      451.000      0.00000
      460.000      0.00000
      470.000      0.00000
      480.000      0.00000
      490.000      0.00000
      500.000      0.00000
      506.000      0.00000
      512.000      0.00000
      520.000      0.00000
      530.000      0.00000
      540.000      0.00000
      550.000      0.00000
      560.000      0.00000
      570.000      0.00000
      580.000      0.00000
      590.000      0.00000
      600.000      0.00000
      610.000      0.00000
      620.000      0.00000
      630.000      0.00000
      640.000      0.00000
      650.000      0.00000
      658.000      0.00000
      665.000      0.00000
      675.000      0.00000
      685.000      0.00000
      695.000      0.00000
      705.000      0.00000
      716.000      0.00000
      726.000      0.00000
      735.000      0.00000
      745.000      0.00000
      755.000      0.00000
      765.000      0.00000
      775.000      0.00000
      785.000      0.00000
      795.000      0.00000
      805.000      0.00000
      815.000      0.00000
      825.000      0.00000
      835.000      0.00000
      845.000      0.00000
      855.000      0.00000
      865.000      0.00000
      875.000      0.00000
      885.000      0.00000
      895.000      0.00000
      905.000      0.00000
      915.000  5.40600e+28
      925.000  1.24100e+29
      935.000  1.89400e+29
      945.000  2.59800e+29
      955.000  3.01600e+29
      965.000  3.40100e+29
      975.000  1.48100e+29
      985.000  3.09600e+29
      995.000  2.92300e+29
      1005.00  3.43400e+29
      1015.00  3.36100e+29
      1025.00  2.17000e+29
      1035.00  2.99600e+29
      1045.00  4.03300e+29
      1055.00  3.97800e+29
      1065.00  3.53000e+29
      1075.00  3.83600e+29
      1085.00  3.43600e+29
      1095.00  3.92300e+29
      1105.00  3.81600e+29
      1115.00  3.78800e+29
      1125.00  3.48900e+29
      1135.00  3.91600e+29
      1145.00  3.69800e+29
      1155.00  3.73000e+29
      1165.00  3.74300e+29
      1175.00  2.86300e+29
      1185.00  3.53800e+29
      1195.00  3.00700e+29
      1205.00  2.61200e+29
      1215.00  1.85800e+29
      1225.00  2.79200e+29
      1235.00  3.43700e+29
      1245.00  3.64900e+29
      1255.00  3.62800e+29
      1265.00  3.41400e+29
      1275.00  3.83900e+29
      1285.00  3.92100e+29
      1295.00  3.53000e+29
      1305.00  3.47900e+29
      1315.00  3.85600e+29
      1325.00  3.74100e+29
      1335.00  3.76038e+29
      1345.00  3.76500e+29
      1355.00  3.65300e+29
      1365.00  3.42300e+29
      1375.00  3.44600e+29
      1385.00  3.43400e+29
      1395.00  2.94400e+29
      1405.00  2.89600e+29
      1415.00  3.22200e+29
      1425.00  3.17900e+29
      1435.00  3.22600e+29
      1442.00  3.31200e+29
      1447.00  3.33400e+29
      1455.00  3.27500e+29
      1465.00  3.15600e+29
      1475.00  3.14800e+29
      1485.00  3.18100e+29
      1495.00  3.19100e+29
      1505.00  3.13000e+29
      1512.00  2.96200e+29
      1517.00  3.06700e+29
      1525.00  3.02500e+29
      1535.00  2.76800e+29
      1545.00  2.76200e+29
      1555.00  2.70900e+29
      1565.00  2.85100e+29
      1575.00  3.01200e+29
      1585.00  3.09700e+29
      1595.00  3.14300e+29
      1605.00  3.03800e+29
      1615.00  3.01300e+29
      1625.00  2.93900e+29
      1635.00  3.03600e+29
      1645.00  3.04000e+29
      1655.00  2.92800e+29
      1665.00  3.08128e+29
      1672.00  2.84300e+29
      1677.00  3.10500e+29
      1685.00  3.13700e+29
      1695.00  3.01400e+29
      1705.00  2.93700e+29
      1715.00  2.84900e+29
      1725.00  2.81600e+29
      1735.00  2.93000e+29
      1745.00  2.87500e+29
      1755.00  2.95900e+29
      1765.00  2.80200e+29
      1775.00  2.84100e+29
      1785.00  2.85900e+29
      1795.00  2.92900e+29
      1805.00  2.90600e+29
      1815.00  2.77900e+29
      1825.00  2.78300e+29
      1835.00  2.72100e+29
      1845.00  2.56200e+29
      1855.00  2.57100e+29
      1865.00  2.60300e+29
      1875.00  2.68000e+29
      1885.00  2.53700e+29
      1895.00  2.45000e+29
      1905.00  2.73327e+29
      1915.00  2.44406e+29
      1925.00  2.37300e+29
      1935.00  2.40300e+29
      1945.00  2.46400e+29
      1955.00  2.32300e+29
      1967.00  2.42300e+29
      1976.00  2.44600e+29
      1984.00  2.34200e+29
      1995.00  2.27100e+29
      2005.00  2.28300e+29
      2015.00  2.23000e+29
      2025.00  2.25200e+29
      2035.00  2.16700e+29
      2045.00  2.18300e+29
      2055.00  2.00500e+29
      2065.00  2.04400e+29
      2074.00  2.16200e+29
      2078.00  2.09500e+29
      2085.00  2.11400e+29
      2095.00  2.02100e+29
      2105.00  2.01800e+29
      2115.00  2.01500e+29
      2125.00  2.02700e+29
      2135.00  1.93946e+29
      2145.00  1.96403e+29
      2155.00  1.99400e+29
      2165.00  1.93900e+29
      2175.00  1.93000e+29
      2185.00  1.91200e+29
      2195.00  1.96600e+29
      2205.00  1.92300e+29
      2215.00  1.85900e+29
      2225.00  1.82800e+29
      2235.00  1.89500e+29
      2245.00  1.84200e+29
      2255.00  1.80200e+29
      2265.00  1.82200e+29
      2275.00  1.85600e+29
      2285.00  1.88100e+29
      2295.00  1.80800e+29
      2305.00  1.82100e+29
      2315.00  1.79001e+29
      2325.00  2.05581e+29
      2335.00  1.73329e+29
      2345.00  1.68700e+29
      2355.00  1.77000e+29
      2365.00  1.68800e+29
      2375.00  1.72100e+29
      2385.00  1.62800e+29
      2395.00  1.69300e+29
      2405.00  1.65600e+29
      2415.00  1.66900e+29
      2425.00  1.72500e+29
      2435.00  1.67900e+29
      2445.00  1.73200e+29
      2455.00  1.71100e+29
      2465.00  1.70300e+29
      2475.00  1.66300e+29
      2485.00  1.68600e+29
      2495.00  1.57700e+29
      2505.00  1.72500e+29
      2513.00  1.60800e+29
      2518.00  1.63300e+29
      2525.00  1.59100e+29
      2535.00  1.59300e+29
      2545.00  1.57800e+29
      2555.00  1.63600e+29
      2565.00  1.61300e+29
      2575.00  1.66000e+29
      2585.00  1.65000e+29
      2595.00  1.63200e+29
      2605.00  1.59100e+29
      2615.00  1.57100e+29
      2625.00  1.61000e+29
      2635.00  1.62800e+29
      2645.00  1.70800e+29
      2655.00  1.71900e+29
      2665.00  1.62900e+29
      2675.00  1.66100e+29
      2685.00  1.66300e+29
      2695.00  1.60100e+29
      2705.00  1.62200e+29
      2715.00  1.56600e+29
      2725.00  1.55600e+29
      2735.00  1.59600e+29
      2745.00  1.47200e+29
      2755.00  1.48800e+29
      2765.00  1.51800e+29
      2775.00  1.55600e+29
      2785.00  1.50200e+29
      2795.00  1.36550e+29
      2805.00  1.35857e+29
      2815.00  1.53500e+29
      2825.00  1.55900e+29
      2835.00  1.52000e+29
      2845.00  1.48700e+29
      2855.00  1.44900e+29
      2865.00  1.51900e+29
      2875.00  1.51400e+29
      2885.00  1.51200e+29
      2895.00  1.50000e+29
      2910.00  1.56500e+29
      2930.00  1.52000e+29
      2950.00  1.49500e+29
      2970.00  1.49700e+29
      2990.00  1.49000e+29
      3010.00  1.48900e+29
      3030.00  1.48100e+29
      3050.00  1.47300e+29
      3070.00  1.46500e+29
      3090.00  1.45900e+29
      3110.00  1.44900e+29
      3130.00  1.42700e+29
      3150.00  1.42300e+29
      3170.00  1.41900e+29
      3190.00  1.36900e+29
      3210.00  1.38800e+29
      3230.00  1.34900e+29
      3250.00  1.38600e+29
      3270.00  1.40500e+29
      3290.00  1.39300e+29
      3310.00  1.38300e+29
      3330.00  1.36900e+29
      3350.00  1.34800e+29
      3370.00  1.30500e+29
      3390.00  1.31100e+29
      3410.00  1.31200e+29
      3430.00  1.30600e+29
      3450.00  1.30300e+29
      3470.00  1.29700e+29
      3490.00  1.30400e+29
      3510.00  1.31400e+29
      3530.00  1.28700e+29
      3550.00  1.31000e+29
      3570.00  1.24100e+29
      3590.00  1.22900e+29
      3610.00  1.25400e+29
      3630.00  1.25500e+29
      3640.00  1.25700e+29
      3650.00  1.22900e+29
      3670.00  1.20700e+29
      3690.00  1.16358e+29
      3710.00  1.26177e+29
      3730.00  4.52466e+29
      3750.00  1.43028e+29
      3770.00  1.50798e+29
      3790.00  1.62957e+29
      3810.00  1.76423e+29
      3830.00  1.48357e+29
      3850.00  1.81905e+29
      3870.00  2.36537e+29
      3890.00  1.55911e+29
      3910.00  1.98900e+29
      3930.00  1.74800e+29
      3950.00  1.91800e+29
      3970.00  1.49353e+29
      3990.00  1.98000e+29
      4010.00  2.12300e+29
      4030.00  2.10700e+29
      4050.00  2.09200e+29
      4070.00  2.07650e+29
      4090.00  1.82812e+29
      4110.00  1.57822e+29
      4130.00  1.97300e+29
      4150.00  2.02200e+29
      4170.00  2.02000e+29
      4190.00  1.99500e+29
      4210.00  1.99000e+29
      4230.00  1.95700e+29
      4250.00  1.95200e+29
      4270.00  1.90400e+29
      4290.00  1.86900e+29
      4310.00  1.74700e+29
      4330.00  1.66151e+29
      4350.00  1.50570e+29
      4370.00  1.86453e+29
      4390.00  1.84200e+29
      4410.00  1.86400e+29
      4430.00  1.88600e+29
      4450.00  1.88300e+29
      4470.00  1.94985e+29
      4490.00  1.88401e+29
      4510.00  1.93900e+29
      4530.00  1.86000e+29
      4550.00  1.85500e+29
      4570.00  1.89700e+29
      4590.00  1.84600e+29
      4610.00  1.86300e+29
      4630.00  1.83000e+29
      4650.00  1.83100e+29
      4670.00  1.83700e+29
      4690.00  1.80800e+29
      4710.00  1.76300e+29
      4730.00  1.79500e+29
      4750.00  1.80100e+29
      4770.00  1.78600e+29
      4790.00  1.76900e+29
      4810.00  1.74500e+29
      4830.00  1.71600e+29
      4850.00  1.61026e+29
      4870.00  1.54984e+29
      4890.00  1.64900e+29
      4910.00  1.68000e+29
      4930.00  1.65900e+29
      4950.00  1.68900e+29
      4970.00  1.68200e+29
      4990.00  1.64459e+29
      5010.00  6.24255e+29
      5030.00  1.61615e+29
      5050.00  1.59900e+29
      5070.00  1.62200e+29
      5090.00  1.58400e+29
      5110.00  1.58700e+29
      5130.00  1.55800e+29
      5150.00  1.52600e+29
      5170.00  1.48800e+29
      5190.00  1.50132e+29
      5210.00  1.51549e+29
      5230.00  1.52100e+29
      5250.00  1.53700e+29
      5270.00  1.46200e+29
      5290.00  1.52400e+29
      5310.00  1.53800e+29
      5330.00  1.47000e+29
      5350.00  1.51100e+29
      5370.00  1.49700e+29
      5390.00  1.47900e+29
      5410.00  1.45700e+29
      5430.00  1.46000e+29
      5450.00  1.47400e+29
      5470.00  1.45200e+29
      5490.00  1.44700e+29
      5510.00  1.43700e+29
      5530.00  1.44300e+29
      5550.00  1.44400e+29
      5570.00  1.42000e+29
      5590.00  1.40300e+29
      5610.00  1.41500e+29
      5630.00  1.40700e+29
      5650.00  1.40500e+29
      5670.00  1.38200e+29
      5690.00  1.39200e+29
      5710.00  1.36600e+29
      5730.00  1.40300e+29
      5750.00  1.38550e+29
      5770.00  1.37842e+29
      5790.00  1.35300e+29
      5810.00  1.36500e+29
      5830.00  1.37200e+29
      5850.00  1.35001e+29
      5870.00  1.43464e+29
      5890.00  1.29525e+29
      5910.00  1.32500e+29
      5930.00  1.32200e+29
      5950.00  1.31700e+29
      5970.00  1.31900e+29
      5990.00  1.30400e+29
      6010.00  1.29000e+29
      6030.00  1.29500e+29
      6050.00  1.30000e+29
      6070.00  1.29200e+29
      6090.00  1.26900e+29
      6110.00  1.26400e+29
      6130.00  1.23000e+29
      6150.00  1.23400e+29
      6170.00  1.21100e+29
      6190.00  1.23500e+29
      6210.00  1.22700e+29
      6230.00  1.20500e+29
      6250.00  1.17800e+29
      6270.00  1.20300e+29
      6290.00  1.24171e+29
      6310.00  1.24762e+29
      6330.00  1.18847e+29
      6350.00  1.18500e+29
      6370.00  1.17900e+29
      6390.00  1.18100e+29
      6410.00  1.16300e+29
      6430.00  1.16400e+29
      6450.00  1.15600e+29
      6470.00  1.15100e+29
      6490.00  1.13200e+29
      6510.00  1.14300e+29
      6530.00  1.13202e+29
      6550.00  1.62475e+29
      6570.00  2.52723e+29
      6590.00  1.75917e+29
      6610.00  1.11726e+29
      6630.00  1.11500e+29
      6650.00  1.11001e+29
      6670.00  1.11667e+29
      6690.00  1.11336e+29
      6710.00  1.49250e+29
      6730.00  1.57225e+29
      6750.00  1.08598e+29
      6770.00  1.08000e+29
      6790.00  1.07300e+29
      6810.00  1.06900e+29
      6830.00  1.07000e+29
      6850.00  1.05300e+29
      6870.00  1.05700e+29
      6890.00  1.06000e+29
      6910.00  1.05300e+29
      6930.00  1.04700e+29
      6950.00  1.04000e+29
      6970.00  1.04200e+29
      6990.00  1.03700e+29
      7010.00  1.02300e+29
      7030.00  1.02800e+29
      7050.00  1.02500e+29
      7070.00  1.00800e+29
      7090.00  9.97700e+28
      7110.00  9.86001e+28
      7130.00  1.15628e+29
      7150.00  9.97566e+28
      7170.00  9.73701e+28
      7190.00  9.56500e+28
      7210.00  9.64400e+28
      7230.00  9.68800e+28
      7250.00  9.68100e+28
      7270.00  9.66100e+28
      7290.00  9.53500e+28
      7310.00  9.63426e+28
      7330.00  1.00311e+29
      7350.00  9.64526e+28
      7370.00  9.72400e+28
      7390.00  9.57700e+28
      7410.00  9.50100e+28
      7430.00  9.61700e+28
      7450.00  9.59800e+28
      7470.00  9.63900e+28
      7490.00  9.59700e+28
      7510.00  9.61100e+28
      7530.00  9.65300e+28
      7550.00  9.66900e+28
      7570.00  9.61000e+28
      7590.00  9.47600e+28
      7610.00  9.35400e+28
      7630.00  9.23200e+28
      7650.00  9.10800e+28
      7670.00  8.87100e+28
      7690.00  8.97500e+28
      7710.00  8.84300e+28
      7730.00  8.84900e+28
      7750.00  8.77600e+28
      7770.00  8.79000e+28
      7790.00  8.81300e+28
      7810.00  8.79900e+28
      7830.00  8.73400e+28
      7850.00  8.66600e+28
      7870.00  8.68900e+28
      7890.00  8.60700e+28
      7910.00  8.47200e+28
      7930.00  8.45400e+28
      7950.00  8.40000e+28
      7970.00  8.52900e+28
      7990.00  8.48300e+28
      8010.00  8.57400e+28
      8030.00  8.58000e+28
      8050.00  8.53800e+28
      8070.00  8.59200e+28
      8090.00  8.54100e+28
      8110.00  8.56300e+28
      8130.00  8.64700e+28
      8150.00  8.68000e+28
      8170.00  8.68500e+28
      8190.00  8.54600e+28
      8210.00  8.35800e+28
      8230.00  8.32000e+28
      8250.00  8.30500e+28
      8270.00  8.31300e+28
      8290.00  8.24600e+28
      8310.00  8.11600e+28
      8330.00  8.03300e+28
      8350.00  8.03700e+28
      8370.00  8.01500e+28
      8390.00  7.86400e+28
      8410.00  7.96000e+28
      8430.00  7.81200e+28
      8450.00  7.72900e+28
      8470.00  7.63200e+28
      8490.00  7.72700e+28
      8510.00  7.36000e+28
      8530.00  7.70400e+28
      8550.00  6.88400e+28
      8570.00  7.87000e+28
      8590.00  7.62900e+28
      8610.00  7.60600e+28
      8630.00  7.92300e+28
      8650.00  7.78700e+28
      8670.00  6.87400e+28
      8690.00  7.76000e+28
      8710.00  7.95900e+28
      8730.00  7.88957e+28
      8750.00  7.48738e+28
      8770.00  7.81723e+28
      8790.00  7.99800e+28
      8810.00  7.93400e+28
      8830.00  7.89412e+28
      8850.00  7.66630e+28
      8870.00  7.22815e+28
      8890.00  7.59501e+28
      8910.00  7.69700e+28
      8930.00  7.65000e+28
      8950.00  7.64400e+28
      8970.00  7.62200e+28
      8990.00  7.53523e+28
      9010.00  7.13243e+28
      9030.00  7.37014e+28
      9050.00  1.00560e+29
      9070.00  2.90508e+29
      9090.00  9.06756e+28
      9110.00  7.67779e+28
      9130.00  7.70800e+28
      9150.00  7.67400e+28
      9170.00  7.63800e+28
      9190.00  7.61303e+28
      9210.00  7.38185e+28
      9230.00  7.04607e+28
      9250.00  7.19390e+28
      9270.00  7.32101e+28
      9290.00  7.32200e+28
      9310.00  7.32800e+28
      9330.00  7.33000e+28
      9350.00  7.29700e+28
      9370.00  7.21900e+28
      9390.00  7.26600e+28
      9410.00  7.15600e+28
      9430.00  7.25300e+28
      9450.00  7.19200e+28
      9470.00  7.23800e+28
      9490.00  7.20500e+28
      9510.00  7.08923e+28
      9530.00  7.03701e+28
      9550.00  6.82875e+28
      9570.00  6.95976e+28
      9590.00  7.07901e+28
      9610.00  7.04000e+28
      9630.00  7.03900e+28
      9650.00  6.98700e+28
      9670.00  6.96700e+28
      9690.00  6.99700e+28
      9710.00  6.93100e+28
      9730.00  6.87900e+28
      9750.00  6.84700e+28
      9770.00  6.84700e+28
      9790.00  6.79200e+28
      9810.00  6.83800e+28
      9830.00  6.80100e+28
      9850.00  6.78900e+28
      9870.00  6.74800e+28
      9890.00  6.72200e+28
      9910.00  6.70500e+28
      9930.00  6.70500e+28
      9950.00  6.69400e+28
      9970.00  6.67500e+28
      9990.00  6.63900e+28
      10025.0  6.50416e+28
      10075.0  6.36673e+28
      10125.0  6.50500e+28
      10175.0  6.44300e+28
      10225.0  6.42200e+28
      10275.0  6.39800e+28
      10325.0  7.33647e+28
      10375.0  6.25209e+28
      10425.0  6.23200e+28
      10475.0  6.14200e+28
      10525.0  6.09800e+28
      10575.0  6.01200e+28
      10625.0  5.94800e+28
      10675.0  5.90640e+28
      10725.0  5.85892e+28
      10775.0  5.79400e+28
      10825.0  7.09737e+28
      10875.0  5.65728e+28
      10925.0  5.75847e+28
      10975.0  5.50208e+28
      11025.0  5.53300e+28
      11075.0  5.48400e+28
      11125.0  5.44000e+28
      11175.0  5.38700e+28
      11225.0  5.36600e+28
      11275.0  5.28800e+28
      11325.0  5.25700e+28
      11375.0  5.21800e+28
      11425.0  5.15800e+28
      11475.0  5.17000e+28
      11525.0  5.13600e+28
      11575.0  5.07500e+28
      11625.0  4.99900e+28
      11675.0  4.97300e+28
      11725.0  4.97700e+28
      11775.0  4.88300e+28
      11825.0  4.84600e+28
      11875.0  4.77600e+28
      11925.0  4.81100e+28
      11975.0  4.69000e+28
      12025.0  4.72100e+28
      12075.0  4.67100e+28
      12125.0  4.65400e+28
      12175.0  4.64100e+28
      12225.0  4.60100e+28
      12275.0  4.55800e+28
      12325.0  4.52800e+28
      12375.0  4.49600e+28
      12425.0  4.45500e+28
      12475.0  4.42900e+28
      12525.0  4.38700e+28
      12575.0  4.35600e+28
      12625.0  4.32400e+28
      12675.0  4.28900e+28
      12725.0  4.26900e+28
      12775.0  4.30301e+28
      12825.0  4.93729e+28
      12875.0  4.15705e+28
      12925.0  4.13300e+28
      12975.0  4.13700e+28
      13025.0  4.09500e+28
      13075.0  4.07900e+28
      13125.0  4.01700e+28
      13175.0  3.98300e+28
      13225.0  3.96800e+28
      13275.0  3.90600e+28
      13325.0  3.89600e+28
      13375.0  3.85400e+28
      13425.0  3.84200e+28
      13475.0  3.80400e+28
      13525.0  3.77200e+28
      13575.0  3.71500e+28
      13625.0  3.69300e+28
      13675.0  3.69300e+28
      13725.0  3.68600e+28
      13775.0  3.67300e+28
      13825.0  3.66200e+28
      13875.0  3.62700e+28
      13925.0  3.50800e+28
      13975.0  3.48400e+28
      14025.0  3.44600e+28
      14075.0  3.45500e+28
      14125.0  3.42100e+28
      14175.0  3.42900e+28
      14225.0  3.38700e+28
      14275.0  3.35500e+28
      14325.0  3.38300e+28
      14375.0  3.38500e+28
      14425.0  3.31500e+28
      14475.0  3.35900e+28
      14525.0  3.31800e+28
      14570.0  3.32900e+28
      14620.0  3.26500e+28
      14675.0  3.24900e+28
      14725.0  3.21600e+28
      14775.0  3.22300e+28
      14825.0  3.22400e+28
      14875.0  3.19700e+28
      14925.0  3.23600e+28
      14975.0  3.20900e+28
      15025.0  3.18400e+28
      15075.0  3.16900e+28
      15125.0  3.20300e+28
      15175.0  3.20300e+28
      15225.0  3.19400e+28
      15275.0  3.19600e+28
      15325.0  3.18200e+28
      15375.0  3.17500e+28
      15425.0  3.14400e+28
      15475.0  3.15600e+28
      15525.0  3.13500e+28
      15575.0  3.05300e+28
      15625.0  3.09100e+28
      15675.0  3.06600e+28
      15725.0  3.08300e+28
      15775.0  2.99100e+28
      15825.0  2.98700e+28
      15875.0  2.93400e+28
      15925.0  3.03400e+28
      15975.0  2.99400e+28
      16050.0  2.97100e+28
      16150.0  2.96600e+28
      16250.0  2.92500e+28
      16350.0  2.96000e+28
      16450.0  2.97002e+28
      16550.0  2.90700e+28
      16650.0  2.83300e+28
      16750.0  2.80600e+28
      16850.0  2.72600e+28
      16950.0  2.75500e+28
      17050.0  2.69600e+28
      17150.0  2.65400e+28
      17250.0  2.59700e+28
      17350.0  2.48500e+28
      17450.0  2.48000e+28
      17550.0  2.43300e+28
      17650.0  2.37900e+28
      17750.0  2.31700e+28
      17850.0  2.26900e+28
      17950.0  2.21300e+28
      18050.0  2.15400e+28
      18150.0  2.08400e+28
      18250.0  2.07500e+28
      18350.0  2.05300e+28
      18450.0  2.01200e+28
      18550.0  1.98400e+28
      18650.0  1.93600e+28
      18750.0  3.15729e+28
      18850.0  1.88100e+28
      18950.0  1.82900e+28
      19050.0  1.83200e+28
      19150.0  1.80000e+28
      19250.0  1.77500e+28
      19350.0  1.73400e+28
      19450.0  1.75207e+28
      19550.0  1.68100e+28
      19650.0  1.65200e+28
      19750.0  1.61700e+28
      19850.0  1.59600e+28
      19950.0  1.57500e+28
      20050.0  1.56300e+28
      20150.0  1.54300e+28
      20250.0  1.51300e+28
      20350.0  1.49500e+28
      20450.0  1.49000e+28
      20550.0  1.48617e+28
      20650.0  1.45117e+28
      20750.0  1.43700e+28
      20850.0  1.42100e+28
      20950.0  1.40000e+28
      21050.0  1.39200e+28
      21150.0  1.37204e+28
      21250.0  1.38945e+28
      21350.0  1.34400e+28
      21450.0  1.32800e+28
      21550.0  1.31000e+28
      21650.0  1.37745e+28
      21750.0  1.26901e+28
      21850.0  1.25600e+28
      21950.0  1.24300e+28
      22050.0  1.21800e+28
      22150.0  1.21000e+28
      22250.0  1.18600e+28
      22350.0  1.17200e+28
      22450.0  1.15700e+28
      22550.0  1.14100e+28
      22650.0  1.12200e+28
      22750.0  1.11100e+28
      22850.0  1.08900e+28
      22950.0  9.59800e+27
      23050.0  1.00100e+28
      23150.0  9.92800e+27
      23250.0  8.85100e+27
      23350.0  9.29200e+27
      23450.0  9.01000e+27
      23550.0  8.24200e+27
      23650.0  8.67800e+27
      23750.0  8.41200e+27
      23850.0  7.81200e+27
      23950.0  8.10700e+27
      24050.0  7.96700e+27
      24150.0  7.42900e+27
      24250.0  7.58200e+27
      24350.0  7.42300e+27
      24450.0  7.06900e+27
      24550.0  6.95200e+27
      24650.0  6.96200e+27
      24750.0  6.71400e+27
      24850.0  6.30100e+27
      24950.0  6.23900e+27
      25050.0  6.29700e+27
      25150.0  5.94500e+27
      25250.0  6.00800e+27
      25350.0  5.99300e+27
      25450.0  5.87600e+27
      25550.0  5.80400e+27
      25650.0  5.77400e+27
      25750.0  5.80900e+27
      25850.0  5.63200e+27
      25950.0  5.65500e+27
      26050.0  5.63500e+27
      26150.0  5.50581e+27
      26250.0  6.92190e+27
      26350.0  5.44745e+27
      26450.0  5.40800e+27
      26550.0  5.32500e+27
      26650.0  5.23000e+27
      26750.0  5.23100e+27
      26850.0  5.20500e+27
      26950.0  5.11000e+27
      27050.0  5.09800e+27
      27150.0  5.04400e+27
      27250.0  5.00800e+27
      27350.0  4.91300e+27
      27450.0  4.89100e+27
      27550.0  4.81500e+27
      27650.0  4.77200e+27
      27750.0  4.72000e+27
      27850.0  4.69400e+27
      27950.0  4.66500e+27
      28050.0  4.61000e+27
      28150.0  4.54900e+27
      28250.0  4.51300e+27
      28350.0  4.48000e+27
      28450.0  4.42700e+27
      28550.0  4.37900e+27
      28650.0  4.32600e+27
      28750.0  4.24800e+27
      28850.0  4.24800e+27
      28950.0  4.21100e+27
      29050.0  4.16800e+27
      29150.0  4.13000e+27
      29250.0  4.07200e+27
      29350.0  4.05200e+27
      29450.0  4.00000e+27
      29550.0  3.96400e+27
      29650.0  3.93100e+27
      29750.0  3.89100e+27
      29850.0  3.85000e+27
      29950.0  3.81100e+27
      30050.0  3.77500e+27
      30150.0  3.74800e+27
      30250.0  3.70800e+27
      30350.0  3.63800e+27
      30450.0  3.63500e+27
      30550.0  3.61500e+27
      30650.0  3.58600e+27
      30750.0  3.56300e+27
      30850.0  3.52700e+27
      30950.0  3.50100e+27
      31050.0  3.47900e+27
      31150.0  3.43300e+27
      31250.0  3.41600e+27
      31350.0  3.38800e+27
      31450.0  3.35800e+27
      31550.0  3.32300e+27
      31650.0  3.29500e+27
      31750.0  3.27000e+27
      31850.0  3.24300e+27
      31950.0  3.21900e+27
      32100.0  3.17600e+27
      32300.0  3.12200e+27
      32500.0  3.07100e+27
      32700.0  3.01500e+27
      32900.0  2.93400e+27
      33100.0  2.90000e+27
      33300.0  2.85000e+27
      33500.0  2.80500e+27
      33700.0  2.75200e+27
      33900.0  2.69900e+27
      34100.0  2.64700e+27
      34300.0  2.60400e+27
      34500.0  2.55600e+27
      34700.0  2.50700e+27
      34900.0  2.46100e+27
      35100.0  2.41600e+27
      35300.0  2.36700e+27
      35500.0  2.32500e+27
      35700.0  2.28000e+27
      35900.0  2.23800e+27
      36100.0  2.19800e+27
      36300.0  2.15700e+27
      36500.0  2.11200e+27
      36700.0  2.07300e+27
      36900.0  2.02800e+27
      37100.0  1.99000e+27
      37300.0  1.95300e+27
      37500.0  1.90500e+27
      37700.0  1.88500e+27
      37900.0  1.84800e+27
      38100.0  1.81400e+27
      38300.0  1.78200e+27
      38500.0  1.75100e+27
      38700.0  1.71500e+27
      38900.0  1.68300e+27
      39100.0  1.65000e+27
      39300.0  1.62300e+27
      39500.0  1.59000e+27
      39700.0  1.56200e+27
      39900.0  1.52800e+27
      40100.0  1.50100e+27
      40300.0  1.47500e+27
      40500.0  3.25139e+27
      40700.0  1.42304e+27
      40900.0  1.39900e+27
      41100.0  1.37600e+27
      41300.0  1.35200e+27
      41500.0  1.32700e+27
      41700.0  1.30000e+27
      41900.0  1.28100e+27
      42100.0  1.25700e+27
      42300.0  1.24000e+27
      42500.0  1.21700e+27
      42700.0  1.19800e+27
      42900.0  1.14500e+27
      43100.0  1.09600e+27
      43300.0  1.09500e+27
      43500.0  1.04700e+27
      43700.0  1.02000e+27
      43900.0  1.00300e+27
      44100.0  9.62500e+26
      44300.0  9.51900e+26
      44500.0  9.34300e+26
      44700.0  8.99500e+26
      44900.0  8.99400e+26
      45100.0  8.78400e+26
      45300.0  8.53500e+26
      45500.0  8.50100e+26
      45700.0  8.38900e+26
      45900.0  8.11600e+26
      46100.0  8.12700e+26
      46300.0  7.96500e+26
      46500.0  7.82800e+26
      46700.0  7.76500e+26
      46900.0  7.66300e+26
      47100.0  7.52400e+26
      47300.0  7.51300e+26
      47500.0  7.36200e+26
      47700.0  7.26200e+26
      47900.0  7.17300e+26
      48100.0  7.01800e+26
      48300.0  7.01900e+26
      48500.0  6.89000e+26
      48700.0  6.76200e+26
      48900.0  6.68100e+26
      49100.0  6.58400e+26
      49300.0  6.49200e+26
      49500.0  6.38600e+26
      49700.0  6.33500e+26
      49900.0  6.23900e+26
      50100.0  6.16600e+26
      50300.0  6.08300e+26
      50500.0  5.96200e+26
      50700.0  5.90400e+26
      50900.0  5.83000e+26
      51100.0  5.72700e+26
      51300.0  5.65200e+26
      51500.0  5.58300e+26
      51700.0  5.55500e+26
      51900.0  5.45600e+26
      52100.0  5.39000e+26
      52300.0  5.30700e+26
      52500.0  5.26000e+26
      52700.0  5.22900e+26
      52900.0  5.11200e+26
      53100.0  5.04500e+26
      53300.0  5.00000e+26
      53500.0  4.93600e+26
      53700.0  4.88000e+26
      53900.0  4.82300e+26
      54100.0  4.76400e+26
      54300.0  4.68300e+26
      54500.0  4.65400e+26
      54700.0  4.57900e+26
      54900.0  4.53100e+26
      55100.0  4.46800e+26
      55300.0  4.46400e+26
      55500.0  4.35800e+26
      55700.0  4.34200e+26
      55900.0  4.27100e+26
      56100.0  4.23600e+26
      56300.0  4.16200e+26
      56500.0  4.13600e+26
      56700.0  4.08400e+26
      56900.0  4.01400e+26
      57100.0  3.99200e+26
      57300.0  3.94300e+26
      57500.0  3.89600e+26
      57700.0  3.84500e+26
      57900.0  3.81400e+26
      58100.0  3.75800e+26
      58300.0  3.71700e+26
      58500.0  3.67000e+26
      58700.0  3.61500e+26
      58900.0  3.57500e+26
      59100.0  3.52300e+26
      59300.0  3.49900e+26
      59500.0  3.45200e+26
      59700.0  3.42200e+26
      59900.0  3.38200e+26
      60100.0  3.34400e+26
      60300.0  3.30500e+26
      60500.0  3.25800e+26
      60700.0  3.22300e+26
      60900.0  3.18500e+26
      61100.0  3.14500e+26
      61300.0  3.11400e+26
      61500.0  3.08100e+26
      61700.0  3.05100e+26
      61900.0  3.01500e+26
      62100.0  2.98400e+26
      62300.0  2.94500e+26
      62500.0  2.90700e+26
      62700.0  2.87500e+26
      62900.0  2.84400e+26
      63100.0  2.81100e+26
      63300.0  2.78600e+26
      63500.0  2.75100e+26
      63700.0  2.72600e+26
      63900.0  2.68800e+26
      64200.0  2.64700e+26
      64600.0  2.58700e+26
      65000.0  2.53100e+26
      65400.0  2.47500e+26
      65800.0  2.42300e+26
      66200.0  2.36900e+26
      66600.0  2.31900e+26
      67000.0  2.27000e+26
      67400.0  2.22000e+26
      67800.0  2.17300e+26
      68200.0  2.12600e+26
      68600.0  2.08200e+26
      69000.0  2.03800e+26
      69400.0  1.99500e+26
      69800.0  1.95400e+26
      70200.0  1.91300e+26
      70600.0  1.87400e+26
      71000.0  1.83500e+26
      71400.0  1.79800e+26
      71800.0  1.76000e+26
      72200.0  1.72500e+26
      72600.0  1.68900e+26
      73000.0  1.65500e+26
      73400.0  1.62200e+26
      73800.0  1.58900e+26
      74200.0  1.55400e+26
      74600.0  1.51900e+26
      75000.0  1.49000e+26
      75400.0  1.46200e+26
      75800.0  1.43300e+26
      76200.0  1.40400e+26
      76600.0  1.37500e+26
      77000.0  1.34800e+26
      77400.0  1.32100e+26
      77800.0  1.29400e+26
      78200.0  1.26900e+26
      78600.0  1.24400e+26
      79000.0  1.21900e+26
      79400.0  1.19500e+26
      79800.0  1.17100e+26
      80200.0  1.14700e+26
      80600.0  1.12300e+26
      81000.0  1.10100e+26
      81400.0  1.07800e+26
      81800.0  1.05700e+26
      82200.0  1.03600e+26
      82600.0  1.01500e+26
      83000.0  9.95100e+25
      83400.0  9.75400e+25
      83800.0  9.56400e+25
      84200.0  9.37900e+25
      84600.0  9.19600e+25
      85000.0  9.01800e+25
      85400.0  8.84400e+25
      85800.0  8.67400e+25
      86200.0  8.51000e+25
      86600.0  8.34800e+25
      87000.0  8.19100e+25
      87400.0  8.03700e+25
      87800.0  7.88700e+25
      88200.0  7.73900e+25
      88600.0  7.59700e+25
      89000.0  7.45700e+25
      89400.0  7.32100e+25
      89800.0  7.18600e+25
      90200.0  7.05700e+25
      90600.0  6.93000e+25
      91000.0  6.80300e+25
      91400.0  6.67100e+25
      91800.0  6.55200e+25
      92200.0  6.43700e+25
      92600.0  6.32400e+25
      93000.0  6.21300e+25
      93400.0  6.10400e+25
      93800.0  5.99800e+25
      94200.0  5.89400e+25
      94600.0  5.80000e+25
      95000.0  5.71500e+25
      95400.0  5.63200e+25
      95800.0  5.55100e+25
      96200.0  5.47000e+25
      96600.0  5.39200e+25
      97000.0  5.31500e+25
      97400.0  5.23700e+25
      97800.0  5.16400e+25
      98200.0  5.09200e+25
      98600.0  5.02000e+25
      99000.0  4.95000e+25
      99400.0  4.88100e+25
      99800.0  4.81300e+25
      100200.  4.74700e+25
      200000.  4.44500e+24
      400000.  6.07200e+23
      600000.  2.35000e+23
      800000.  1.28400e+23
  1.00000e+06  8.20700e+22
  1.20000e+06  5.81100e+22
  1.40000e+06  4.34100e+22
  1.60000e+06  3.37000e+22
