      91.0000      0.00000
      94.0000      0.00000
      96.0000      0.00000
      98.0000      0.00000
      100.000      0.00000
      102.000      0.00000
      104.000      0.00000
      106.000      0.00000
      108.000      0.00000
      110.000      0.00000
      114.000      0.00000
      118.000      0.00000
      121.000      0.00000
      125.000      0.00000
      127.000      0.00000
      128.000      0.00000
      131.000      0.00000
      132.000      0.00000
      134.000      0.00000
      137.000      0.00000
      140.000      0.00000
      143.000      0.00000
      147.000      0.00000
      151.000      0.00000
      155.000      0.00000
      159.000      0.00000
      162.000      0.00000
      166.000      0.00000
      170.000      0.00000
      173.000      0.00000
      177.000      0.00000
      180.000      0.00000
      182.000      0.00000
      186.000      0.00000
      191.000      0.00000
      194.000      0.00000
      198.000      0.00000
      202.000      0.00000
      205.000      0.00000
      210.000      0.00000
      216.000      0.00000
      220.000      0.00000
      223.000      0.00000
      227.000      0.00000
      230.000      0.00000
      234.000      0.00000
      240.000      0.00000
      246.000      0.00000
      252.000      0.00000
      257.000      0.00000
      260.000      0.00000
      264.000      0.00000
      269.000      0.00000
      274.000      0.00000
      279.000      0.00000
      284.000      0.00000
      290.000      0.00000
      296.000      0.00000
      301.000      0.00000
      308.000      0.00000
      318.000      0.00000
      328.000      0.00000
      338.000      0.00000
      348.000      0.00000
      357.000      0.00000
      366.000      0.00000
      375.000      0.00000
      385.000      0.00000
      395.000      0.00000
      405.000      0.00000
      414.000      0.00000
      422.000      0.00000
      430.000      0.00000
      441.000      0.00000
      451.000      0.00000
      460.000      0.00000
      470.000      0.00000
      480.000      0.00000
      490.000      0.00000
      500.000      0.00000
      506.000      0.00000
      512.000      0.00000
      520.000      0.00000
      530.000      0.00000
      540.000      0.00000
      550.000      0.00000
      560.000      0.00000
      570.000      0.00000
      580.000      0.00000
      590.000      0.00000
      600.000      0.00000
      610.000      0.00000
      620.000      0.00000
      630.000      0.00000
      640.000      0.00000
      650.000      0.00000
      658.000      0.00000
      665.000      0.00000
      675.000      0.00000
      685.000      0.00000
      695.000      0.00000
      705.000      0.00000
      716.000      0.00000
      726.000      0.00000
      735.000      0.00000
      745.000      0.00000
      755.000      0.00000
      765.000      0.00000
      775.000      0.00000
      785.000      0.00000
      795.000      0.00000
      805.000      0.00000
      815.000      0.00000
      825.000      0.00000
      835.000      0.00000
      845.000      0.00000
      855.000      0.00000
      865.000      0.00000
      875.000      0.00000
      885.000      0.00000
      895.000      0.00000
      905.000      0.00000
      915.000  2.09900e+29
      925.000  4.26600e+29
      935.000  5.97100e+29
      945.000  7.60700e+29
      955.000  8.19700e+29
      965.000  9.03700e+29
      975.000  5.37200e+29
      985.000  8.14200e+29
      995.000  7.46300e+29
      1005.00  7.94700e+29
      1015.00  7.89800e+29
      1025.00  5.96100e+29
      1035.00  7.45700e+29
      1045.00  8.18100e+29
      1055.00  7.94000e+29
      1065.00  7.31100e+29
      1075.00  7.42300e+29
      1085.00  6.86200e+29
      1095.00  7.25900e+29
      1105.00  6.96800e+29
      1115.00  6.83500e+29
      1125.00  6.33700e+29
      1135.00  6.62000e+29
      1145.00  6.36000e+29
      1155.00  6.21400e+29
      1165.00  6.06200e+29
      1175.00  4.95300e+29
      1185.00  5.66300e+29
      1195.00  5.41600e+29
      1205.00  5.10200e+29
      1215.00  3.95000e+29
      1225.00  4.99400e+29
      1235.00  5.22200e+29
      1245.00  5.20100e+29
      1255.00  5.16300e+29
      1265.00  5.11000e+29
      1275.00  5.14100e+29
      1285.00  5.09600e+29
      1295.00  4.84700e+29
      1305.00  4.79300e+29
      1315.00  4.87700e+29
      1325.00  4.72800e+29
      1335.00  5.31092e+29
      1345.00  4.60700e+29
      1355.00  4.50000e+29
      1365.00  4.34800e+29
      1375.00  4.26600e+29
      1385.00  4.20800e+29
      1395.00  3.61500e+29
      1405.00  3.39800e+29
      1415.00  3.98000e+29
      1425.00  3.79500e+29
      1435.00  3.84500e+29
      1442.00  3.81300e+29
      1447.00  3.77700e+29
      1455.00  3.68500e+29
      1465.00  3.61200e+29
      1475.00  3.56200e+29
      1485.00  3.54000e+29
      1495.00  3.45800e+29
      1505.00  3.38600e+29
      1512.00  3.29700e+29
      1517.00  3.28900e+29
      1525.00  3.23900e+29
      1535.00  3.00900e+29
      1545.00  2.73300e+29
      1555.00  2.72700e+29
      1565.00  2.87500e+29
      1575.00  2.92200e+29
      1585.00  2.90700e+29
      1595.00  2.87500e+29
      1605.00  2.75200e+29
      1615.00  2.68800e+29
      1625.00  2.66600e+29
      1635.00  2.65700e+29
      1645.00  2.57900e+29
      1655.00  2.61500e+29
      1665.00  2.61085e+29
      1672.00  2.47900e+29
      1677.00  2.61000e+29
      1685.00  2.55700e+29
      1695.00  2.49800e+29
      1705.00  2.44000e+29
      1715.00  2.36600e+29
      1725.00  2.32000e+29
      1735.00  2.35000e+29
      1745.00  2.30700e+29
      1755.00  2.27800e+29
      1765.00  2.23300e+29
      1775.00  2.19800e+29
      1785.00  2.18500e+29
      1795.00  2.15500e+29
      1805.00  2.13600e+29
      1815.00  2.07600e+29
      1825.00  2.05400e+29
      1835.00  2.02800e+29
      1845.00  1.95300e+29
      1855.00  1.93000e+29
      1865.00  1.91800e+29
      1875.00  1.90500e+29
      1885.00  1.83400e+29
      1895.00  1.79200e+29
      1905.00  2.29645e+29
      1915.00  1.76313e+29
      1925.00  1.70700e+29
      1935.00  1.73100e+29
      1945.00  1.72700e+29
      1955.00  1.65100e+29
      1967.00  1.66900e+29
      1976.00  1.67200e+29
      1984.00  1.62800e+29
      1995.00  1.59000e+29
      2005.00  1.59000e+29
      2015.00  1.57200e+29
      2025.00  1.56500e+29
      2035.00  1.52000e+29
      2045.00  1.50300e+29
      2055.00  1.29200e+29
      2065.00  1.36300e+29
      2074.00  1.47400e+29
      2078.00  1.44400e+29
      2085.00  1.44100e+29
      2095.00  1.40700e+29
      2105.00  1.40200e+29
      2115.00  1.39700e+29
      2125.00  1.38200e+29
      2135.00  1.35906e+29
      2145.00  1.34436e+29
      2155.00  1.33500e+29
      2165.00  1.30200e+29
      2175.00  1.29700e+29
      2185.00  1.27100e+29
      2195.00  1.27200e+29
      2205.00  1.25300e+29
      2215.00  1.22300e+29
      2225.00  1.21300e+29
      2235.00  1.20300e+29
      2245.00  1.18600e+29
      2255.00  1.15800e+29
      2265.00  1.15700e+29
      2275.00  1.14600e+29
      2285.00  1.13100e+29
      2295.00  1.09800e+29
      2305.00  1.09000e+29
      2315.00  1.08302e+29
      2325.00  2.02184e+29
      2335.00  1.05361e+29
      2345.00  1.04000e+29
      2355.00  1.03200e+29
      2365.00  1.01500e+29
      2375.00  1.00400e+29
      2385.00  9.74000e+28
      2395.00  9.78600e+28
      2405.00  9.66500e+28
      2415.00  9.56600e+28
      2425.00  9.50800e+28
      2435.00  9.35000e+28
      2445.00  9.29200e+28
      2455.00  9.17200e+28
      2465.00  9.07100e+28
      2475.00  8.95300e+28
      2485.00  8.86900e+28
      2495.00  8.19400e+28
      2505.00  8.66800e+28
      2513.00  8.29000e+28
      2518.00  8.49400e+28
      2525.00  8.45100e+28
      2535.00  8.37300e+28
      2545.00  8.25700e+28
      2555.00  8.21400e+28
      2565.00  8.12800e+28
      2575.00  8.07800e+28
      2585.00  7.99500e+28
      2595.00  7.89500e+28
      2605.00  7.77300e+28
      2615.00  7.68200e+28
      2625.00  7.62900e+28
      2635.00  7.56000e+28
      2645.00  7.53400e+28
      2655.00  7.45900e+28
      2665.00  7.34200e+28
      2675.00  7.28000e+28
      2685.00  7.23600e+28
      2695.00  7.11900e+28
      2705.00  7.08000e+28
      2715.00  6.99300e+28
      2725.00  6.91900e+28
      2735.00  6.81300e+28
      2745.00  6.76800e+28
      2755.00  6.71300e+28
      2765.00  6.65100e+28
      2775.00  6.63900e+28
      2785.00  6.56805e+28
      2795.00  7.64668e+28
      2805.00  6.49824e+28
      2815.00  6.41100e+28
      2825.00  6.33600e+28
      2835.00  6.25400e+28
      2845.00  6.21600e+28
      2855.00  6.15900e+28
      2865.00  6.12600e+28
      2875.00  6.06600e+28
      2885.00  6.02200e+28
      2895.00  5.96500e+28
      2910.00  5.91000e+28
      2930.00  5.80600e+28
      2950.00  5.69300e+28
      2970.00  5.61800e+28
      2990.00  5.52500e+28
      3010.00  5.44300e+28
      3030.00  5.36100e+28
      3050.00  5.28300e+28
      3070.00  5.20500e+28
      3090.00  5.12600e+28
      3110.00  5.05500e+28
      3130.00  4.96900e+28
      3150.00  4.90600e+28
      3170.00  4.83600e+28
      3190.00  4.75000e+28
      3210.00  4.68500e+28
      3230.00  4.64300e+28
      3250.00  4.58900e+28
      3270.00  4.52700e+28
      3290.00  4.47500e+28
      3310.00  4.42500e+28
      3330.00  4.36800e+28
      3350.00  4.30800e+28
      3370.00  4.26200e+28
      3390.00  4.21500e+28
      3410.00  4.17100e+28
      3430.00  4.02800e+28
      3450.00  3.98200e+28
      3470.00  3.94900e+28
      3490.00  3.90700e+28
      3510.00  3.87200e+28
      3530.00  3.83200e+28
      3550.00  3.79400e+28
      3570.00  3.75600e+28
      3590.00  3.71000e+28
      3610.00  3.67500e+28
      3630.00  3.63900e+28
      3640.00  3.61400e+28
      3650.00  2.66600e+28
      3670.00  2.61100e+28
      3690.00  2.78540e+28
      3710.00  2.99942e+28
      3730.00  5.48185e+29
      3750.00  3.48213e+28
      3770.00  3.66993e+28
      3790.00  3.04722e+28
      3810.00  2.92254e+28
      3830.00  3.36508e+28
      3850.00  2.91785e+28
      3870.00  9.56635e+28
      3890.00  4.81757e+28
      3910.00  2.85800e+28
      3930.00  2.76700e+28
      3950.00  2.76401e+28
      3970.00  5.87034e+28
      3990.00  2.69101e+28
      4010.00  2.68200e+28
      4030.00  2.61500e+28
      4050.00  2.61501e+28
      4070.00  3.49523e+28
      4090.00  2.57826e+28
      4110.00  2.68929e+28
      4130.00  2.43400e+28
      4150.00  2.42100e+28
      4170.00  2.39300e+28
      4190.00  2.36200e+28
      4210.00  2.32600e+28
      4230.00  2.29600e+28
      4250.00  2.26200e+28
      4270.00  2.22100e+28
      4290.00  2.19400e+28
      4310.00  2.14300e+28
      4330.00  2.67983e+28
      4350.00  2.53373e+28
      4370.00  2.13757e+28
      4390.00  2.03400e+28
      4410.00  2.02000e+28
      4430.00  1.99700e+28
      4450.00  1.97302e+28
      4470.00  2.90913e+28
      4490.00  1.91812e+28
      4510.00  1.90100e+28
      4530.00  1.87100e+28
      4550.00  1.83700e+28
      4570.00  1.82900e+28
      4590.00  1.79800e+28
      4610.00  1.78300e+28
      4630.00  1.75300e+28
      4650.00  1.72400e+28
      4670.00  1.71300e+28
      4690.00  1.67800e+28
      4710.00  1.65600e+28
      4730.00  1.65200e+28
      4750.00  1.63200e+28
      4770.00  1.61400e+28
      4790.00  1.59300e+28
      4810.00  1.57100e+28
      4830.00  1.54600e+28
      4850.00  2.87706e+28
      4870.00  4.62826e+28
      4890.00  1.48600e+28
      4910.00  1.47600e+28
      4930.00  1.44500e+28
      4950.00  1.44400e+28
      4970.00  1.43000e+28
      4990.00  1.65914e+28
      5010.00  6.79278e+29
      5030.00  1.37810e+28
      5050.00  1.35400e+28
      5070.00  1.34700e+28
      5090.00  1.32900e+28
      5110.00  1.31400e+28
      5130.00  1.29700e+28
      5150.00  1.28000e+28
      5170.00  1.26300e+28
      5190.00  1.35438e+28
      5210.00  1.28736e+28
      5230.00  1.22400e+28
      5250.00  1.21400e+28
      5270.00  1.19400e+28
      5290.00  1.18800e+28
      5310.00  1.17400e+28
      5330.00  1.15900e+28
      5350.00  1.15100e+28
      5370.00  1.13800e+28
      5390.00  1.12500e+28
      5410.00  1.10800e+28
      5430.00  1.10100e+28
      5450.00  1.09200e+28
      5470.00  1.07900e+28
      5490.00  1.06800e+28
      5510.00  1.05700e+28
      5530.00  1.04700e+28
      5550.00  1.03700e+28
      5570.00  1.02500e+28
      5590.00  1.01400e+28
      5610.00  1.00600e+28
      5630.00  9.95900e+27
      5650.00  9.85200e+27
      5670.00  9.74100e+27
      5690.00  9.63200e+27
      5710.00  9.45000e+27
      5730.00  9.38414e+27
      5750.00  1.04487e+28
      5770.00  9.27013e+27
      5790.00  9.13900e+27
      5810.00  9.09500e+27
      5830.00  9.02800e+27
      5850.00  8.94821e+27
      5870.00  2.15445e+28
      5890.00  1.00088e+28
      5910.00  8.69700e+27
      5930.00  8.61600e+27
      5950.00  8.53300e+27
      5970.00  8.46300e+27
      5990.00  8.37700e+27
      6010.00  8.29800e+27
      6030.00  8.22600e+27
      6050.00  8.16100e+27
      6070.00  8.08400e+27
      6090.00  8.00500e+27
      6110.00  7.92800e+27
      6130.00  7.84400e+27
      6150.00  7.77000e+27
      6170.00  7.70300e+27
      6190.00  7.65700e+27
      6210.00  7.59100e+27
      6230.00  7.50800e+27
      6250.00  7.41900e+27
      6270.00  7.39221e+27
      6290.00  1.23976e+28
      6310.00  1.57960e+28
      6330.00  7.26333e+27
      6350.00  7.12800e+27
      6370.00  7.07000e+27
      6390.00  7.02100e+27
      6410.00  6.94800e+27
      6430.00  6.90000e+27
      6450.00  6.83800e+27
      6470.00  6.78700e+27
      6490.00  6.71500e+27
      6510.00  6.66900e+27
      6530.00  6.59974e+27
      6550.00  8.08097e+28
      6570.00  2.16135e+29
      6590.00  9.44954e+28
      6610.00  6.43668e+27
      6630.00  6.36300e+27
      6650.00  6.30982e+27
      6670.00  8.84028e+27
      6690.00  7.29669e+27
      6710.00  6.00617e+28
      6730.00  6.94431e+28
      6750.00  6.72257e+27
      6770.00  6.02100e+27
      6790.00  5.96900e+27
      6810.00  5.92600e+27
      6830.00  5.88100e+27
      6850.00  5.83100e+27
      6870.00  5.79100e+27
      6890.00  5.74500e+27
      6910.00  5.70400e+27
      6930.00  5.66100e+27
      6950.00  5.61600e+27
      6970.00  5.57600e+27
      6990.00  5.53400e+27
      7010.00  5.48500e+27
      7030.00  5.44900e+27
      7050.00  5.41100e+27
      7070.00  5.34400e+27
      7090.00  5.33100e+27
      7110.00  5.35028e+27
      7130.00  2.87918e+28
      7150.00  8.51561e+27
      7170.00  5.17218e+27
      7190.00  5.12900e+27
      7210.00  5.09900e+27
      7230.00  5.05700e+27
      7250.00  5.03100e+27
      7270.00  4.99600e+27
      7290.00  4.94100e+27
      7310.00  5.05262e+27
      7330.00  1.03588e+28
      7350.00  4.98862e+27
      7370.00  4.82700e+27
      7390.00  4.78800e+27
      7410.00  4.74700e+27
      7430.00  4.72000e+27
      7450.00  4.68900e+27
      7470.00  4.65700e+27
      7490.00  4.62400e+27
      7510.00  4.59500e+27
      7530.00  4.56700e+27
      7550.00  4.54000e+27
      7570.00  4.50700e+27
      7590.00  4.47200e+27
      7610.00  4.44800e+27
      7630.00  4.41900e+27
      7650.00  4.38900e+27
      7670.00  4.35400e+27
      7690.00  4.33300e+27
      7710.00  4.29700e+27
      7730.00  4.27400e+27
      7750.00  4.24500e+27
      7770.00  4.20500e+27
      7790.00  4.19600e+27
      7810.00  4.17000e+27
      7830.00  4.14100e+27
      7850.00  4.09400e+27
      7870.00  4.06500e+27
      7890.00  4.03400e+27
      7910.00  4.01000e+27
      7930.00  3.98300e+27
      7950.00  3.95700e+27
      7970.00  3.94100e+27
      7990.00  3.91300e+27
      8010.00  3.89400e+27
      8030.00  3.87200e+27
      8050.00  3.84700e+27
      8070.00  3.82600e+27
      8090.00  3.79900e+27
      8110.00  3.77800e+27
      8130.00  3.75800e+27
      8150.00  3.73300e+27
      8170.00  3.71300e+27
      8190.00  3.68200e+27
      8210.00  3.04300e+27
      8230.00  3.02100e+27
      8250.00  3.00400e+27
      8270.00  2.97200e+27
      8290.00  2.94500e+27
      8310.00  2.91200e+27
      8330.00  2.88300e+27
      8350.00  2.87900e+27
      8370.00  2.84400e+27
      8390.00  2.84500e+27
      8410.00  2.83800e+27
      8430.00  2.85600e+27
      8450.00  2.83600e+27
      8470.00  2.76900e+27
      8490.00  2.85600e+27
      8510.00  2.71500e+27
      8530.00  2.83900e+27
      8550.00  2.60700e+27
      8570.00  2.83800e+27
      8590.00  2.72300e+27
      8610.00  2.68100e+27
      8630.00  2.79900e+27
      8650.00  2.74000e+27
      8670.00  2.49400e+27
      8690.00  2.72900e+27
      8710.00  2.74102e+27
      8730.00  2.76447e+27
      8750.00  3.55520e+27
      8770.00  2.72925e+27
      8790.00  2.67404e+27
      8810.00  2.65700e+27
      8830.00  2.63448e+27
      8850.00  3.03848e+27
      8870.00  3.38318e+27
      8890.00  2.58653e+27
      8910.00  2.57700e+27
      8930.00  2.56200e+27
      8950.00  2.55100e+27
      8970.00  2.53201e+27
      8990.00  2.53414e+27
      9010.00  3.86805e+27
      9030.00  2.86165e+27
      9050.00  3.22181e+28
      9070.00  2.67735e+29
      9090.00  2.07488e+28
      9110.00  2.43481e+27
      9130.00  2.41500e+27
      9150.00  2.40100e+27
      9170.00  2.38200e+27
      9190.00  2.36333e+27
      9210.00  2.60422e+27
      9230.00  4.55138e+27
      9250.00  2.45645e+27
      9270.00  2.29513e+27
      9290.00  2.29800e+27
      9310.00  2.28500e+27
      9330.00  2.27400e+27
      9350.00  2.25600e+27
      9370.00  2.24500e+27
      9390.00  2.23300e+27
      9410.00  2.21000e+27
      9430.00  2.20600e+27
      9450.00  2.19200e+27
      9470.00  2.17800e+27
      9490.00  2.16700e+27
      9510.00  2.14479e+27
      9530.00  2.93021e+27
      9550.00  5.05250e+27
      9570.00  2.22874e+27
      9590.00  2.09908e+27
      9610.00  2.08800e+27
      9630.00  2.07400e+27
      9650.00  2.06800e+27
      9670.00  2.05300e+27
      9690.00  2.04600e+27
      9710.00  2.03200e+27
      9730.00  2.02300e+27
      9750.00  2.01000e+27
      9770.00  2.00000e+27
      9790.00  1.98800e+27
      9810.00  1.97900e+27
      9830.00  1.96800e+27
      9850.00  1.95600e+27
      9870.00  1.94500e+27
      9890.00  1.93200e+27
      9910.00  1.92300e+27
      9930.00  1.91200e+27
      9950.00  1.90200e+27
      9970.00  1.89200e+27
      9990.00  1.88000e+27
      10025.0  2.08097e+27
      10075.0  1.96676e+27
      10125.0  1.80500e+27
      10175.0  1.78700e+27
      10225.0  1.76400e+27
      10275.0  1.74301e+27
      10325.0  1.42348e+28
      10375.0  1.69707e+27
      10425.0  1.67500e+27
      10475.0  1.65100e+27
      10525.0  1.63100e+27
      10575.0  1.61100e+27
      10625.0  1.59000e+27
      10675.0  2.13589e+27
      10725.0  1.55915e+27
      10775.0  1.52805e+27
      10825.0  1.81613e+28
      10875.0  1.49132e+27
      10925.0  5.00908e+27
      10975.0  1.46299e+27
      11025.0  1.43600e+27
      11075.0  1.42100e+27
      11125.0  1.40200e+27
      11175.0  1.38500e+27
      11225.0  1.37000e+27
      11275.0  1.35000e+27
      11325.0  1.33400e+27
      11375.0  1.32100e+27
      11425.0  1.30400e+27
      11475.0  1.29200e+27
      11525.0  1.27800e+27
      11575.0  1.26200e+27
      11625.0  1.24400e+27
      11675.0  1.23100e+27
      11725.0  1.22100e+27
      11775.0  1.20300e+27
      11825.0  1.19200e+27
      11875.0  1.17700e+27
      11925.0  1.16900e+27
      11975.0  1.15000e+27
      12025.0  1.14200e+27
      12075.0  1.12900e+27
      12125.0  1.11800e+27
      12175.0  1.10700e+27
      12225.0  1.09500e+27
      12275.0  1.08300e+27
      12325.0  1.07200e+27
      12375.0  1.06100e+27
      12425.0  1.05000e+27
      12475.0  1.04000e+27
      12525.0  1.02800e+27
      12575.0  1.01800e+27
      12625.0  1.00800e+27
      12675.0  9.97700e+26
      12725.0  9.87900e+26
      12775.0  1.86278e+27
      12825.0  1.15955e+28
      12875.0  9.56797e+26
      12925.0  9.48800e+26
      12975.0  9.39700e+26
      13025.0  9.31200e+26
      13075.0  9.22600e+26
      13125.0  9.13000e+26
      13175.0  9.03800e+26
      13225.0  8.96400e+26
      13275.0  8.86800e+26
      13325.0  8.79300e+26
      13375.0  8.70900e+26
      13425.0  8.63300e+26
      13475.0  8.55300e+26
      13525.0  8.47200e+26
      13575.0  8.38600e+26
      13625.0  8.31200e+26
      13675.0  8.23900e+26
      13725.0  8.15500e+26
      13775.0  8.09100e+26
      13825.0  8.02000e+26
      13875.0  7.95000e+26
      13925.0  7.88100e+26
      13975.0  7.81400e+26
      14025.0  7.73800e+26
      14075.0  7.67900e+26
      14125.0  7.60500e+26
      14175.0  7.54700e+26
      14225.0  7.47100e+26
      14275.0  7.40400e+26
      14325.0  7.35200e+26
      14375.0  7.29500e+26
      14425.0  7.19800e+26
      14475.0  7.17100e+26
      14525.0  7.09100e+26
      14570.0  7.05200e+26
      14620.0  6.13500e+26
      14675.0  6.08000e+26
      14725.0  6.01100e+26
      14775.0  5.95100e+26
      14825.0  5.89600e+26
      14875.0  5.82500e+26
      14925.0  5.78500e+26
      14975.0  5.73500e+26
      15025.0  5.65500e+26
      15075.0  5.61400e+26
      15125.0  5.58400e+26
      15175.0  5.54600e+26
      15225.0  5.53500e+26
      15275.0  5.43300e+26
      15325.0  5.40000e+26
      15375.0  5.40500e+26
      15425.0  5.29200e+26
      15475.0  5.32300e+26
      15525.0  5.28300e+26
      15575.0  5.13700e+26
      15625.0  5.22100e+26
      15675.0  5.12700e+26
      15725.0  5.02300e+26
      15775.0  5.07000e+26
      15825.0  5.03700e+26
      15875.0  4.84500e+26
      15925.0  4.94300e+26
      15975.0  4.92500e+26
      16050.0  4.84700e+26
      16150.0  4.70600e+26
      16250.0  4.70700e+26
      16350.0  4.60900e+26
      16450.0  2.03574e+27
      16550.0  4.47500e+26
      16650.0  4.39500e+26
      16750.0  4.30100e+26
      16850.0  4.17000e+26
      16950.0  4.18200e+26
      17050.0  4.10200e+26
      17150.0  4.04200e+26
      17250.0  3.96900e+26
      17350.0  3.82300e+26
      17450.0  3.83500e+26
      17550.0  3.78300e+26
      17650.0  3.72200e+26
      17750.0  3.66400e+26
      17850.0  3.60800e+26
      17950.0  3.55400e+26
      18050.0  3.49400e+26
      18150.0  3.37900e+26
      18250.0  3.37900e+26
      18350.0  3.34000e+26
      18450.0  3.28700e+26
      18550.0  3.24000e+26
      18650.0  3.18707e+26
      18750.0  1.46164e+28
      18850.0  3.10213e+26
      18950.0  3.05400e+26
      19050.0  3.02100e+26
      19150.0  2.98000e+26
      19250.0  2.94100e+26
      19350.0  2.89606e+26
      19450.0  1.13095e+27
      19550.0  2.82100e+26
      19650.0  2.78700e+26
      19750.0  2.74900e+26
      19850.0  2.71500e+26
      19950.0  2.68100e+26
      20050.0  2.64900e+26
      20150.0  2.61600e+26
      20250.0  2.58100e+26
      20350.0  2.54700e+26
      20450.0  2.51900e+26
      20550.0  4.15067e+26
      20650.0  2.47478e+26
      20750.0  2.42700e+26
      20850.0  2.39800e+26
      20950.0  2.36800e+26
      21050.0  2.34200e+26
      21150.0  2.31672e+26
      21250.0  5.94276e+26
      21350.0  2.26000e+26
      21450.0  2.23500e+26
      21550.0  2.20808e+26
      21650.0  1.37607e+27
      21750.0  2.15699e+26
      21850.0  2.13400e+26
      21950.0  2.11200e+26
      22050.0  2.08600e+26
      22150.0  2.06400e+26
      22250.0  2.04200e+26
      22350.0  2.02000e+26
      22450.0  1.99800e+26
      22550.0  1.97500e+26
      22650.0  1.95500e+26
      22750.0  1.93500e+26
      22850.0  1.73100e+26
      22950.0  1.69300e+26
      23050.0  1.68400e+26
      23150.0  1.66500e+26
      23250.0  1.62900e+26
      23350.0  1.62100e+26
      23450.0  1.60500e+26
      23550.0  1.57100e+26
      23650.0  1.56400e+26
      23750.0  1.55000e+26
      23850.0  1.51900e+26
      23950.0  1.51200e+26
      24050.0  1.49800e+26
      24150.0  1.47100e+26
      24250.0  1.46700e+26
      24350.0  1.44900e+26
      24450.0  1.42800e+26
      24550.0  1.41900e+26
      24650.0  1.40700e+26
      24750.0  1.38900e+26
      24850.0  1.37600e+26
      24950.0  1.35700e+26
      25050.0  1.35800e+26
      25150.0  1.33600e+26
      25250.0  1.31600e+26
      25350.0  1.31400e+26
      25450.0  1.30000e+26
      25550.0  1.28600e+26
      25650.0  1.26400e+26
      25750.0  1.26400e+26
      25850.0  1.24900e+26
      25950.0  1.23900e+26
      26050.0  1.22600e+26
      26150.0  1.21174e+26
      26250.0  1.76359e+27
      26350.0  1.20760e+26
      26450.0  1.18200e+26
      26550.0  1.17000e+26
      26650.0  1.15700e+26
      26750.0  1.13900e+26
      26850.0  1.13900e+26
      26950.0  1.12800e+26
      27050.0  1.11900e+26
      27150.0  1.10900e+26
      27250.0  1.09900e+26
      27350.0  1.08800e+26
      27450.0  1.07900e+26
      27550.0  1.05900e+26
      27650.0  1.05700e+26
      27750.0  1.05100e+26
      27850.0  1.04200e+26
      27950.0  1.03400e+26
      28050.0  1.02500e+26
      28150.0  1.01600e+26
      28250.0  1.00800e+26
      28350.0  9.99900e+25
      28450.0  9.91400e+25
      28550.0  9.83200e+25
      28650.0  9.73600e+25
      28750.0  9.57300e+25
      28850.0  9.58900e+25
      28950.0  9.51700e+25
      29050.0  9.44100e+25
      29150.0  9.36500e+25
      29250.0  9.28900e+25
      29350.0  9.21900e+25
      29450.0  9.14300e+25
      29550.0  9.07300e+25
      29650.0  9.00300e+25
      29750.0  8.93200e+25
      29850.0  8.86300e+25
      29950.0  8.79400e+25
      30050.0  8.72600e+25
      30150.0  8.65900e+25
      30250.0  8.59000e+25
      30350.0  8.45600e+25
      30450.0  8.43200e+25
      30550.0  8.39700e+25
      30650.0  8.33500e+25
      30750.0  8.27400e+25
      30850.0  8.21100e+25
      30950.0  8.15000e+25
      31050.0  8.09100e+25
      31150.0  8.02600e+25
      31250.0  7.97200e+25
      31350.0  7.91400e+25
      31450.0  7.85700e+25
      31550.0  7.79800e+25
      31650.0  7.74400e+25
      31750.0  7.68900e+25
      31850.0  7.63500e+25
      31950.0  7.58100e+25
      32100.0  7.50000e+25
      32300.0  7.39500e+25
      32500.0  7.29200e+25
      32700.0  7.19100e+25
      32900.0  6.53900e+25
      33100.0  6.47700e+25
      33300.0  6.39100e+25
      33500.0  6.30300e+25
      33700.0  6.21500e+25
      33900.0  6.12900e+25
      34100.0  6.04500e+25
      34300.0  5.96500e+25
      34500.0  5.88500e+25
      34700.0  5.80700e+25
      34900.0  5.73000e+25
      35100.0  5.65600e+25
      35300.0  5.58100e+25
      35500.0  5.50800e+25
      35700.0  5.43600e+25
      35900.0  5.37400e+25
      36100.0  5.29900e+25
      36300.0  5.24100e+25
      36500.0  5.16600e+25
      36700.0  5.11200e+25
      36900.0  5.03700e+25
      37100.0  4.98500e+25
      37300.0  4.91700e+25
      37500.0  4.84000e+25
      37700.0  4.80900e+25
      37900.0  4.75300e+25
      38100.0  4.69000e+25
      38300.0  4.63900e+25
      38500.0  4.59000e+25
      38700.0  4.53600e+25
      38900.0  4.48400e+25
      39100.0  4.42200e+25
      39300.0  4.38400e+25
      39500.0  4.33500e+25
      39700.0  4.28700e+25
      39900.0  4.23800e+25
      40100.0  4.18800e+25
      40300.0  4.13823e+25
      40500.0  1.93788e+27
      40700.0  4.06121e+25
      40900.0  4.01400e+25
      41100.0  3.97200e+25
      41300.0  3.93000e+25
      41500.0  3.88800e+25
      41700.0  3.83700e+25
      41900.0  3.80800e+25
      42100.0  3.76800e+25
      42300.0  3.73100e+25
      42500.0  3.69200e+25
      42700.0  3.65500e+25
      42900.0  3.60900e+25
      43100.0  3.56700e+25
      43300.0  3.53800e+25
      43500.0  3.49300e+25
      43700.0  3.45000e+25
      43900.0  3.42400e+25
      44100.0  3.38300e+25
      44300.0  3.35400e+25
      44500.0  3.32100e+25
      44700.0  3.10500e+25
      44900.0  3.08200e+25
      45100.0  3.05100e+25
      45300.0  3.01700e+25
      45500.0  2.99300e+25
      45700.0  2.96600e+25
      45900.0  2.93300e+25
      46100.0  2.91100e+25
      46300.0  2.88300e+25
      46500.0  2.84800e+25
      46700.0  2.82500e+25
      46900.0  2.80700e+25
      47100.0  2.78200e+25
      47300.0  2.76100e+25
      47500.0  2.73500e+25
      47700.0  2.71200e+25
      47900.0  2.68900e+25
      48100.0  2.66400e+25
      48300.0  2.64400e+25
      48500.0  2.62100e+25
      48700.0  2.59800e+25
      48900.0  2.57700e+25
      49100.0  2.55400e+25
      49300.0  2.53300e+25
      49500.0  2.51200e+25
      49700.0  2.49200e+25
      49900.0  2.47100e+25
      50100.0  2.45200e+25
      50300.0  2.43200e+25
      50500.0  2.41100e+25
      50700.0  2.39200e+25
      50900.0  2.37300e+25
      51100.0  2.35300e+25
      51300.0  2.32900e+25
      51500.0  2.31600e+25
      51700.0  2.30000e+25
      51900.0  2.28000e+25
      52100.0  2.26200e+25
      52300.0  2.24500e+25
      52500.0  2.22800e+25
      52700.0  2.21200e+25
      52900.0  2.19300e+25
      53100.0  2.17700e+25
      53300.0  2.16100e+25
      53500.0  2.14400e+25
      53700.0  2.12800e+25
      53900.0  2.11300e+25
      54100.0  2.09700e+25
      54300.0  2.08100e+25
      54500.0  2.06600e+25
      54700.0  2.05000e+25
      54900.0  2.03600e+25
      55100.0  2.02100e+25
      55300.0  2.00700e+25
      55500.0  1.99100e+25
      55700.0  1.97800e+25
      55900.0  1.96300e+25
      56100.0  1.94900e+25
      56300.0  1.93500e+25
      56500.0  1.92200e+25
      56700.0  1.90800e+25
      56900.0  1.89400e+25
      57100.0  1.88200e+25
      57300.0  1.86900e+25
      57500.0  1.85600e+25
      57700.0  1.84200e+25
      57900.0  1.83000e+25
      58100.0  1.81700e+25
      58300.0  1.80500e+25
      58500.0  1.72400e+25
      58700.0  1.71200e+25
      58900.0  1.70000e+25
      59100.0  1.68500e+25
      59300.0  1.67800e+25
      59500.0  1.66700e+25
      59700.0  1.65600e+25
      59900.0  1.64500e+25
      60100.0  1.63400e+25
      60300.0  1.62300e+25
      60500.0  1.61300e+25
      60700.0  1.60200e+25
      60900.0  1.59200e+25
      61100.0  1.58100e+25
      61300.0  1.57100e+25
      61500.0  1.56100e+25
      61700.0  1.55100e+25
      61900.0  1.54200e+25
      62100.0  1.53200e+25
      62300.0  1.52200e+25
      62500.0  1.51200e+25
      62700.0  1.50300e+25
      62900.0  1.49300e+25
      63100.0  1.48400e+25
      63300.0  1.47500e+25
      63500.0  1.46600e+25
      63700.0  1.45700e+25
      63900.0  1.44800e+25
      64200.0  1.43500e+25
      64600.0  1.41700e+25
      65000.0  1.40000e+25
      65400.0  1.38300e+25
      65800.0  1.36700e+25
      66200.0  1.35100e+25
      66600.0  1.33500e+25
      67000.0  1.31900e+25
      67400.0  1.30400e+25
      67800.0  1.28900e+25
      68200.0  1.27400e+25
      68600.0  1.26000e+25
      69000.0  1.24600e+25
      69400.0  1.23200e+25
      69800.0  1.21800e+25
      70200.0  1.20400e+25
      70600.0  1.19100e+25
      71000.0  1.17800e+25
      71400.0  1.16500e+25
      71800.0  1.15300e+25
      72200.0  1.14000e+25
      72600.0  1.12800e+25
      73000.0  1.11600e+25
      73400.0  1.10400e+25
      73800.0  1.09300e+25
      74200.0  1.05000e+25
      74600.0  1.03800e+25
      75000.0  1.02800e+25
      75400.0  1.01800e+25
      75800.0  1.00800e+25
      76200.0  9.98100e+24
      76600.0  9.88100e+24
      77000.0  9.78300e+24
      77400.0  9.68700e+24
      77800.0  9.59200e+24
      78200.0  9.49800e+24
      78600.0  9.40600e+24
      79000.0  9.31500e+24
      79400.0  9.22500e+24
      79800.0  9.13700e+24
      80200.0  9.05000e+24
      80600.0  8.96400e+24
      81000.0  8.88000e+24
      81400.0  8.79600e+24
      81800.0  8.71400e+24
      82200.0  8.63400e+24
      82600.0  8.55400e+24
      83000.0  8.47500e+24
      83400.0  8.39800e+24
      83800.0  8.32100e+24
      84200.0  8.24600e+24
      84600.0  8.17200e+24
      85000.0  8.09900e+24
      85400.0  8.02600e+24
      85800.0  7.95500e+24
      86200.0  7.88500e+24
      86600.0  7.81600e+24
      87000.0  7.74700e+24
      87400.0  7.68000e+24
      87800.0  7.61300e+24
      88200.0  7.54800e+24
      88600.0  7.48300e+24
      89000.0  7.41900e+24
      89400.0  7.35600e+24
      89800.0  7.29300e+24
      90200.0  7.23200e+24
      90600.0  7.17100e+24
      91000.0  7.11100e+24
      91400.0  6.91200e+24
      91800.0  6.85500e+24
      92200.0  6.79900e+24
      92600.0  6.74400e+24
      93000.0  6.69000e+24
      93400.0  6.63600e+24
      93800.0  6.58300e+24
      94200.0  6.53000e+24
      94600.0  6.47900e+24
      95000.0  6.42800e+24
      95400.0  6.37800e+24
      95800.0  6.32800e+24
      96200.0  6.27900e+24
      96600.0  6.23100e+24
      97000.0  6.18300e+24
      97400.0  6.13500e+24
      97800.0  6.08900e+24
      98200.0  6.04300e+24
      98600.0  5.99700e+24
      99000.0  5.95200e+24
      99400.0  5.90700e+24
      99800.0  5.86300e+24
      100200.  5.82000e+24
      200000.  1.52600e+24
      400000.  4.22800e+23
      600000.  2.00500e+23
      800000.  1.18500e+23
  1.00000e+06  7.86200e+22
  1.20000e+06  5.68200e+22
  1.40000e+06  4.29600e+22
  1.60000e+06  3.36000e+22
