      91.0000       0.0000000
      94.0000       0.0000000
      96.0000       0.0000000
      98.0000       0.0000000
      100.000       0.0000000
      102.000       0.0000000
      104.000       0.0000000
      106.000       0.0000000
      108.000       0.0000000
      110.000       0.0000000
      114.000       0.0000000
      118.000       0.0000000
      121.000       0.0000000
      125.000       0.0000000
      127.000       0.0000000
      128.000       0.0000000
      131.000       0.0000000
      132.000       0.0000000
      134.000       0.0000000
      137.000       0.0000000
      140.000       0.0000000
      143.000       0.0000000
      147.000       0.0000000
      151.000       0.0000000
      155.000       0.0000000
      159.000       0.0000000
      162.000       0.0000000
      166.000       0.0000000
      170.000       0.0000000
      173.000       0.0000000
      177.000       0.0000000
      180.000       0.0000000
      182.000       0.0000000
      186.000       0.0000000
      191.000       0.0000000
      194.000       0.0000000
      198.000       0.0000000
      202.000       0.0000000
      205.000       0.0000000
      210.000       0.0000000
      216.000       0.0000000
      220.000       0.0000000
      223.000       0.0000000
      227.000       0.0000000
      230.000       0.0000000
      234.000       0.0000000
      240.000       0.0000000
      246.000       0.0000000
      252.000       0.0000000
      257.000       0.0000000
      260.000       0.0000000
      264.000       0.0000000
      269.000       0.0000000
      274.000       0.0000000
      279.000       0.0000000
      284.000       0.0000000
      290.000       0.0000000
      296.000       0.0000000
      301.000       0.0000000
      308.000       0.0000000
      318.000       0.0000000
      328.000       0.0000000
      338.000       0.0000000
      348.000       0.0000000
      357.000       0.0000000
      366.000       0.0000000
      375.000       0.0000000
      385.000       0.0000000
      395.000       0.0000000
      405.000       0.0000000
      414.000       0.0000000
      422.000       0.0000000
      430.000       0.0000000
      441.000       0.0000000
      451.000       0.0000000
      460.000       0.0000000
      470.000       0.0000000
      480.000       0.0000000
      490.000       0.0000000
      500.000       0.0000000
      506.000       0.0000000
      512.000       0.0000000
      520.000       0.0000000
      530.000       0.0000000
      540.000       0.0000000
      550.000       0.0000000
      560.000       0.0000000
      570.000       0.0000000
      580.000       0.0000000
      590.000       0.0000000
      600.000       0.0000000
      610.000       0.0000000
      620.000       0.0000000
      630.000       0.0000000
      640.000       0.0000000
      650.000       0.0000000
      658.000       0.0000000
      665.000       0.0000000
      675.000       0.0000000
      685.000       0.0000000
      695.000       0.0000000
      705.000       0.0000000
      716.000       0.0000000
      726.000       0.0000000
      735.000       0.0000000
      745.000       0.0000000
      755.000       0.0000000
      765.000       0.0000000
      775.000       0.0000000
      785.000       0.0000000
      795.000       0.0000000
      805.000       0.0000000
      815.000       0.0000000
      825.000       0.0000000
      835.000       0.0000000
      845.000       0.0000000
      855.000       0.0000000
      865.000       0.0000000
      875.000       0.0000000
      885.000       0.0000000
      895.000       0.0000000
      905.000       0.0000000
      915.000   2.9806291e+24
      925.000   7.9446888e+24
      935.000   1.3732536e+25
      945.000   1.9579365e+25
      955.000   2.5717340e+25
      965.000   2.9693829e+25
      975.000   1.0556625e+25
      985.000   3.5641585e+25
      995.000   4.8652820e+25
      1005.00   6.6252000e+25
      1015.00   5.3753550e+25
      1025.00   3.2927219e+25
      1035.00   5.0352862e+25
      1045.00   1.1562250e+26
      1055.00   1.5038905e+26
      1065.00   1.4444120e+26
      1075.00   1.8123699e+26
      1085.00   1.7681961e+26
      1095.00   2.2042821e+26
      1105.00   2.5161706e+26
      1115.00   2.6851755e+26
      1125.00   2.8387022e+26
      1135.00   3.4627665e+26
      1145.00   3.5148243e+26
      1155.00   3.8998914e+26
      1165.00   4.3772308e+26
      1175.00   3.8709227e+26
      1185.00   4.2900967e+26
      1195.00   2.3825439e+26
      1205.00   1.7386698e+26
      1215.00   2.0559188e+27
      1225.00   2.1631938e+26
      1235.00   4.8851193e+26
      1245.00   7.2493101e+26
      1255.00   8.2266306e+26
      1265.00   7.0795319e+26
      1275.00   1.0668491e+27
      1285.00   1.2274027e+27
      1295.00   1.1507727e+27
      1305.00   1.1163230e+27
      1315.00   1.4025358e+27
      1325.00   1.4538536e+27
      1335.00   1.4362526e+27
      1345.00   1.6713096e+27
      1355.00   1.6605321e+27
      1365.00   1.5884019e+27
      1375.00   1.7417826e+27
      1385.00   1.8366524e+27
      1395.00   1.8076487e+27
      1405.00   1.8745656e+27
      1415.00   1.9305082e+27
      1425.00   2.0261649e+27
      1435.00   2.0345922e+27
      1442.00   2.1926339e+27
      1447.00   2.2847677e+27
      1455.00   2.2947737e+27
      1465.00   2.2476412e+27
      1475.00   2.2748729e+27
      1485.00   2.3794130e+27
      1495.00   2.4852022e+27
      1505.00   2.5159610e+27
      1512.00   2.4272737e+27
      1517.00   2.5769291e+27
      1525.00   2.4566175e+27
      1535.00   2.3293660e+27
      1545.00   2.6013395e+27
      1555.00   2.5167482e+27
      1565.00   2.5093006e+27
      1575.00   2.6743366e+27
      1585.00   2.8746844e+27
      1595.00   3.0154385e+27
      1605.00   2.9462535e+27
      1615.00   3.0196491e+27
      1625.00   2.9161143e+27
      1635.00   3.0823164e+27
      1645.00   3.1789310e+27
      1655.00   2.9782380e+27
      1665.00   3.3161815e+27
      1672.00   3.0166680e+27
      1677.00   3.3256874e+27
      1685.00   3.5286157e+27
      1695.00   3.4242888e+27
      1705.00   3.3887182e+27
      1715.00   3.3515193e+27
      1725.00   3.3731779e+27
      1735.00   3.6024434e+27
      1745.00   3.5940473e+27
      1755.00   3.8498986e+27
      1765.00   3.5984327e+27
      1775.00   3.8672782e+27
      1785.00   3.9328917e+27
      1795.00   4.1648146e+27
      1805.00   4.1886503e+27
      1815.00   4.1241927e+27
      1825.00   4.1555626e+27
      1835.00   4.1213560e+27
      1845.00   3.9903333e+27
      1855.00   4.0887508e+27
      1865.00   4.1948348e+27
      1875.00   4.4614555e+27
      1885.00   4.3760720e+27
      1895.00   4.3589025e+27
      1905.00   4.5974991e+27
      1915.00   4.5001327e+27
      1925.00   4.5447494e+27
      1935.00   4.6342213e+27
      1945.00   4.8567872e+27
      1955.00   4.7617540e+27
      1967.00   5.0646755e+27
      1976.00   5.1521454e+27
      1984.00   5.0795546e+27
      1995.00   5.0119948e+27
      2005.00   5.1551625e+27
      2015.00   5.0504476e+27
      2025.00   5.2723214e+27
      2035.00   5.2479993e+27
      2045.00   5.4270848e+27
      2055.00   5.2427199e+27
      2065.00   5.3494669e+27
      2074.00   5.6285757e+27
      2078.00   5.5912521e+27
      2085.00   5.7371442e+27
      2095.00   5.6055044e+27
      2105.00   5.6970308e+27
      2115.00   5.7853493e+27
      2125.00   5.8895844e+27
      2135.00   5.6160003e+27
      2145.00   5.9153910e+27
      2155.00   6.0556850e+27
      2165.00   5.9232643e+27
      2175.00   5.9644881e+27
      2185.00   5.9846401e+27
      2195.00   6.3272787e+27
      2205.00   6.2079699e+27
      2215.00   6.0282616e+27
      2225.00   5.9589311e+27
      2235.00   6.4253973e+27
      2245.00   6.1949377e+27
      2255.00   6.1156093e+27
      2265.00   6.2431474e+27
      2275.00   6.5311593e+27
      2285.00   6.7151081e+27
      2295.00   6.5053429e+27
      2305.00   6.5519313e+27
      2315.00   6.4569665e+27
      2325.00   5.9833349e+27
      2335.00   6.3722633e+27
      2345.00   6.1646824e+27
      2355.00   6.6307073e+27
      2365.00   6.2911065e+27
      2375.00   6.5530019e+27
      2385.00   6.1818895e+27
      2395.00   6.6473302e+27
      2405.00   6.4913383e+27
      2415.00   6.6888803e+27
      2425.00   7.0304917e+27
      2435.00   6.8451912e+27
      2445.00   7.2635956e+27
      2455.00   7.1960428e+27
      2465.00   7.2447521e+27
      2475.00   7.1149175e+27
      2485.00   7.4685090e+27
      2495.00   7.2134180e+27
      2505.00   7.8738936e+27
      2513.00   7.4597182e+27
      2518.00   7.6067818e+27
      2525.00   7.3226966e+27
      2535.00   7.4452479e+27
      2545.00   7.4672521e+27
      2555.00   7.9158213e+27
      2565.00   7.8997113e+27
      2575.00   8.3375458e+27
      2585.00   8.3997363e+27
      2595.00   8.4293684e+27
      2605.00   8.2596005e+27
      2615.00   8.2834195e+27
      2625.00   8.5888107e+27
      2635.00   8.8133757e+27
      2645.00   9.4894516e+27
      2655.00   9.5964654e+27
      2665.00   9.2106441e+27
      2675.00   9.5749642e+27
      2685.00   9.6620920e+27
      2695.00   9.4862821e+27
      2705.00   9.6963581e+27
      2715.00   9.4781308e+27
      2725.00   9.5950317e+27
      2735.00   1.0041999e+28
      2745.00   9.2325655e+27
      2755.00   9.4132637e+27
      2765.00   9.8169151e+27
      2775.00   1.0253482e+28
      2785.00   1.0120446e+28
      2795.00   8.6961958e+27
      2805.00   9.2803406e+27
      2815.00   1.0725103e+28
      2825.00   1.0992542e+28
      2835.00   1.0824872e+28
      2845.00   1.0679484e+28
      2855.00   1.0637271e+28
      2865.00   1.1241989e+28
      2875.00   1.1249150e+28
      2885.00   1.1447886e+28
      2895.00   1.1470391e+28
      2910.00   1.2188258e+28
      2930.00   1.2132940e+28
      2950.00   1.2286569e+28
      2970.00   1.2600558e+28
      2990.00   1.2856658e+28
      3010.00   1.3246161e+28
      3030.00   1.3464561e+28
      3050.00   1.3683055e+28
      3070.00   1.3897105e+28
      3090.00   1.4219564e+28
      3110.00   1.4356478e+28
      3130.00   1.4526904e+28
      3150.00   1.4831256e+28
      3170.00   1.5084215e+28
      3190.00   1.4947743e+28
      3210.00   1.5487624e+28
      3230.00   1.5503220e+28
      3250.00   1.6054926e+28
      3270.00   1.6525617e+28
      3290.00   1.6775223e+28
      3310.00   1.7090007e+28
      3330.00   1.7249565e+28
      3350.00   1.7398193e+28
      3370.00   1.7433261e+28
      3390.00   1.7803377e+28
      3410.00   1.8185323e+28
      3430.00   1.8518119e+28
      3450.00   1.8825956e+28
      3470.00   1.9056852e+28
      3490.00   1.9417298e+28
      3510.00   1.9893628e+28
      3530.00   2.0050196e+28
      3550.00   2.0654065e+28
      3570.00   2.0393661e+28
      3590.00   2.0598483e+28
      3610.00   2.1133227e+28
      3630.00   2.1508199e+28
      3640.00   2.1679742e+28
      3650.00   2.2165174e+28
      3670.00   2.2063814e+28
      3690.00   2.1387600e+28
      3710.00   2.3781800e+28
      3730.00   3.4978386e+28
      3750.00   2.9676621e+28
      3770.00   3.1515820e+28
      3790.00   3.6689211e+28
      3810.00   4.1704040e+28
      3830.00   3.4966118e+28
      3850.00   4.5714367e+28
      3870.00   5.1906985e+28
      3890.00   3.4786813e+28
      3910.00   5.2151878e+28
      3930.00   4.9732491e+28
      3950.00   5.2569642e+28
      3970.00   3.4500504e+28
      3990.00   5.4362566e+28
      4010.00   5.9135952e+28
      4030.00   5.9623475e+28
      4050.00   6.0348207e+28
      4070.00   5.9658457e+28
      4090.00   5.2301626e+28
      4110.00   4.3879039e+28
      4130.00   6.0079834e+28
      4150.00   6.2823565e+28
      4170.00   6.3590479e+28
      4190.00   6.4001839e+28
      4210.00   6.4535694e+28
      4230.00   6.4554064e+28
      4250.00   6.5217230e+28
      4270.00   6.4937585e+28
      4290.00   6.5025138e+28
      4310.00   6.2682054e+28
      4330.00   5.5272380e+28
      4350.00   4.9943173e+28
      4370.00   6.6662995e+28
      4390.00   6.7666032e+28
      4410.00   6.9008749e+28
      4430.00   7.0060020e+28
      4450.00   7.0878495e+28
      4470.00   7.1687557e+28
      4490.00   7.1979100e+28
      4510.00   7.4137797e+28
      4530.00   7.3123981e+28
      4550.00   7.3583535e+28
      4570.00   7.5611336e+28
      4590.00   7.5009404e+28
      4610.00   7.6374035e+28
      4630.00   7.6162608e+28
      4650.00   7.7142785e+28
      4670.00   7.7972165e+28
      4690.00   7.8101364e+28
      4710.00   7.7382457e+28
      4730.00   7.9223684e+28
      4750.00   8.0244847e+28
      4770.00   8.0310578e+28
      4790.00   8.0596093e+28
      4810.00   8.0468143e+28
      4830.00   7.9782511e+28
      4850.00   7.0390811e+28
      4870.00   6.2533683e+28
      4890.00   7.9838157e+28
      4910.00   8.2548080e+28
      4930.00   8.2822282e+28
      4950.00   8.4453886e+28
      4970.00   8.5132658e+28
      4990.00   8.4347851e+28
      5010.00   1.2460457e+29
      5030.00   8.5362907e+28
      5050.00   8.5314067e+28
      5070.00   8.7127993e+28
      5090.00   8.6843124e+28
      5110.00   8.7789025e+28
      5130.00   8.7519436e+28
      5150.00   8.7060143e+28
      5170.00   8.6596686e+28
      5190.00   8.7504812e+28
      5210.00   8.8599382e+28
      5230.00   8.9771221e+28
      5250.00   9.1259403e+28
      5270.00   8.9363359e+28
      5290.00   9.2476775e+28
      5310.00   9.3498578e+28
      5330.00   9.1914728e+28
      5350.00   9.4141865e+28
      5370.00   9.4349974e+28
      5390.00   9.4615169e+28
      5410.00   9.4525753e+28
      5430.00   9.5365286e+28
      5450.00   9.6358786e+28
      5470.00   9.6338154e+28
      5490.00   9.7087399e+28
      5510.00   9.7311982e+28
      5530.00   9.8576785e+28
      5550.00   9.9316665e+28
      5570.00   9.9095106e+28
      5590.00   9.9310169e+28
      5610.00   1.0010666e+29
      5630.00   1.0072848e+29
      5650.00   1.0143162e+29
      5670.00   1.0115662e+29
      5690.00   1.0264593e+29
      5710.00   1.0215503e+29
      5730.00   1.0465965e+29
      5750.00   1.0439544e+29
      5770.00   1.0485865e+29
      5790.00   1.0456483e+29
      5810.00   1.0574002e+29
      5830.00   1.0687346e+29
      5850.00   1.0653652e+29
      5870.00   1.0784833e+29
      5890.00   1.0460568e+29
      5910.00   1.0728891e+29
      5930.00   1.0793991e+29
      5950.00   1.0832534e+29
      5970.00   1.0933161e+29
      5990.00   1.0932885e+29
      6010.00   1.0957556e+29
      6030.00   1.1078816e+29
      6050.00   1.1200808e+29
      6070.00   1.1251194e+29
      6090.00   1.1216355e+29
      6110.00   1.1269801e+29
      6130.00   1.1132821e+29
      6150.00   1.1182694e+29
      6170.00   1.1108472e+29
      6190.00   1.1297831e+29
      6210.00   1.1321466e+29
      6230.00   1.1258920e+29
      6250.00   1.1168738e+29
      6270.00   1.1421350e+29
      6290.00   1.1589771e+29
      6310.00   1.1374619e+29
      6330.00   1.1379303e+29
      6350.00   1.1415109e+29
      6370.00   1.1482416e+29
      6390.00   1.1600804e+29
      6410.00   1.1562658e+29
      6430.00   1.1660377e+29
      6450.00   1.1684594e+29
      6470.00   1.1761244e+29
      6490.00   1.1700983e+29
      6510.00   1.1858009e+29
      6530.00   1.1807336e+29
      6550.00   1.2226473e+29
      6570.00   1.2994780e+29
      6590.00   1.3079295e+29
      6610.00   1.2045529e+29
      6630.00   1.2122611e+29
      6650.00   1.2170243e+29
      6670.00   1.2169305e+29
      6690.00   1.2242811e+29
      6710.00   1.3036965e+29
      6730.00   1.3314636e+29
      6750.00   1.2256511e+29
      6770.00   1.2316851e+29
      6790.00   1.2340263e+29
      6810.00   1.2410299e+29
      6830.00   1.2496005e+29
      6850.00   1.2475522e+29
      6870.00   1.2592773e+29
      6890.00   1.2727050e+29
      6910.00   1.2794967e+29
      6930.00   1.2836975e+29
      6950.00   1.2895066e+29
      6970.00   1.3038640e+29
      6990.00   1.3113507e+29
      7010.00   1.3135332e+29
      7030.00   1.3244343e+29
      7050.00   1.3237456e+29
      7070.00   1.3093557e+29
      7090.00   1.2945420e+29
      7110.00   1.2812655e+29
      7130.00   1.3265278e+29
      7150.00   1.2905981e+29
      7170.00   1.2940543e+29
      7190.00   1.2890150e+29
      7210.00   1.3038370e+29
      7230.00   1.3187562e+29
      7250.00   1.3308517e+29
      7270.00   1.3420137e+29
      7290.00   1.3462780e+29
      7310.00   1.3717059e+29
      7330.00   1.3926439e+29
      7350.00   1.4004567e+29
      7370.00   1.4248880e+29
      7390.00   1.4209837e+29
      7410.00   1.4282951e+29
      7430.00   1.4512877e+29
      7450.00   1.4586508e+29
      7470.00   1.4755581e+29
      7490.00   1.4818484e+29
      7510.00   1.4945727e+29
      7530.00   1.5127922e+29
      7550.00   1.5245517e+29
      7570.00   1.5274848e+29
      7590.00   1.5146945e+29
      7610.00   1.4981850e+29
      7630.00   1.4733477e+29
      7650.00   1.4514113e+29
      7670.00   1.4255531e+29
      7690.00   1.4397075e+29
      7710.00   1.4329337e+29
      7730.00   1.4400305e+29
      7750.00   1.4411777e+29
      7770.00   1.4434018e+29
      7790.00   1.4635507e+29
      7810.00   1.4729686e+29
      7830.00   1.4750769e+29
      7850.00   1.4697176e+29
      7870.00   1.4876474e+29
      7890.00   1.4895137e+29
      7910.00   1.4812441e+29
      7930.00   1.4942023e+29
      7950.00   1.5008568e+29
      7970.00   1.5266901e+29
      7990.00   1.5308323e+29
      8010.00   1.5673697e+29
      8030.00   1.5768263e+29
      8050.00   1.5849686e+29
      8070.00   1.6089992e+29
      8090.00   1.6158823e+29
      8110.00   1.6321340e+29
      8130.00   1.6606479e+29
      8150.00   1.6798857e+29
      8170.00   1.6937696e+29
      8190.00   1.6814998e+29
      8210.00   1.6675523e+29
      8230.00   1.6728619e+29
      8250.00   1.6753036e+29
      8270.00   1.6861480e+29
      8290.00   1.6813363e+29
      8310.00   1.6620008e+29
      8330.00   1.6524001e+29
      8350.00   1.6599867e+29
      8370.00   1.6617068e+29
      8390.00   1.6412722e+29
      8410.00   1.6633831e+29
      8430.00   1.6275818e+29
      8450.00   1.5882265e+29
      8470.00   1.5784271e+29
      8490.00   1.6199729e+29
      8510.00   1.5489903e+29
      8530.00   1.6413233e+29
      8550.00   1.4852076e+29
      8570.00   1.7093845e+29
      8590.00   1.6571048e+29
      8610.00   1.6638523e+29
      8630.00   1.7734041e+29
      8650.00   1.7457009e+29
      8670.00   1.5451648e+29
      8690.00   1.7759289e+29
      8710.00   1.8429700e+29
      8730.00   1.8294823e+29
      8750.00   1.7027404e+29
      8770.00   1.8276483e+29
      8790.00   1.9007636e+29
      8810.00   1.9015997e+29
      8830.00   1.8973119e+29
      8850.00   1.8305905e+29
      8870.00   1.7088454e+29
      8890.00   1.8528405e+29
      8910.00   1.8974002e+29
      8930.00   1.8993097e+29
      8950.00   1.9115329e+29
      8970.00   1.9150733e+29
      8990.00   1.8976751e+29
      9010.00   1.7612920e+29
      9030.00   1.8544961e+29
      9050.00   2.0789169e+29
      9070.00   3.0120477e+29
      9090.00   2.0459270e+29
      9110.00   2.0068036e+29
      9130.00   2.0265102e+29
      9150.00   2.0244161e+29
      9170.00   2.0240353e+29
      9190.00   2.0253973e+29
      9210.00   1.9405483e+29
      9230.00   1.7873142e+29
      9250.00   1.9001957e+29
      9270.00   1.9526151e+29
      9290.00   1.9588290e+29
      9310.00   1.9726364e+29
      9330.00   1.9864904e+29
      9350.00   1.9830630e+29
      9370.00   1.9737027e+29
      9390.00   1.9991603e+29
      9410.00   1.9837377e+29
      9430.00   2.0132449e+29
      9450.00   2.0113718e+29
      9470.00   2.0331920e+29
      9490.00   2.0352023e+29
      9510.00   2.0131166e+29
      9530.00   1.9816672e+29
      9550.00   1.8657694e+29
      9570.00   1.9913411e+29
      9590.00   2.0462246e+29
      9610.00   2.0461726e+29
      9630.00   2.0575785e+29
      9650.00   2.0499482e+29
      9670.00   2.0527736e+29
      9690.00   2.0747778e+29
      9710.00   2.0658098e+29
      9730.00   2.0604718e+29
      9750.00   2.0624216e+29
      9770.00   2.0732531e+29
      9790.00   2.0650537e+29
      9810.00   2.0913111e+29
      9830.00   2.0859771e+29
      9850.00   2.0980862e+29
      9870.00   2.0962746e+29
      9890.00   2.0976490e+29
      9910.00   2.0960957e+29
      9930.00   2.1043891e+29
      9950.00   2.1104578e+29
      9970.00   2.1142718e+29
      9990.00   2.1124438e+29
      10025.0   2.0691043e+29
      10075.0   2.0442357e+29
      10125.0   2.1288524e+29
      10175.0   2.1291132e+29
      10225.0   2.1406865e+29
      10275.0   2.1513296e+29
      10325.0   2.2086065e+29
      10375.0   2.1442271e+29
      10425.0   2.1578062e+29
      10475.0   2.1437152e+29
      10525.0   2.1341721e+29
      10575.0   2.1184574e+29
      10625.0   2.1160701e+29
      10675.0   2.1081755e+29
      10725.0   2.1251192e+29
      10775.0   2.1269918e+29
      10825.0   2.2136214e+29
      10875.0   2.1167214e+29
      10925.0   2.0663525e+29
      10975.0   2.0888613e+29
      11025.0   2.1171590e+29
      11075.0   2.1102143e+29
      11125.0   2.1114891e+29
      11175.0   2.1073579e+29
      11225.0   2.1139464e+29
      11275.0   2.1019050e+29
      11325.0   2.1047154e+29
      11375.0   2.1040369e+29
      11425.0   2.0971299e+29
      11475.0   2.1165950e+29
      11525.0   2.1186709e+29
      11575.0   2.1089781e+29
      11625.0   2.0924212e+29
      11675.0   2.0953041e+29
      11725.0   2.1081856e+29
      11775.0   2.0803496e+29
      11825.0   2.0788956e+29
      11875.0   2.0593634e+29
      11925.0   2.0856731e+29
      11975.0   2.0511670e+29
      12025.0   2.0799052e+29
      12075.0   2.0750965e+29
      12125.0   2.0815143e+29
      12175.0   2.0881143e+29
      12225.0   2.0855260e+29
      12275.0   2.0802971e+29
      12325.0   2.0778134e+29
      12375.0   2.0788259e+29
      12425.0   2.0675566e+29
      12475.0   2.0673585e+29
      12525.0   2.0609909e+29
      12575.0   2.0606532e+29
      12625.0   2.0583225e+29
      12675.0   2.0536051e+29
      12725.0   2.0558033e+29
      12775.0   2.0546573e+29
      12825.0   2.0428149e+29
      12875.0   2.0404388e+29
      12925.0   2.0377276e+29
      12975.0   2.0544892e+29
      13025.0   2.0450932e+29
      13075.0   2.0493159e+29
      13125.0   2.0257447e+29
      13175.0   2.0211366e+29
      13225.0   2.0212791e+29
      13275.0   2.0003924e+29
      13325.0   2.0035509e+29
      13375.0   1.9905470e+29
      13425.0   1.9925564e+29
      13475.0   1.9829467e+29
      13525.0   1.9762422e+29
      13575.0   1.9592814e+29
      13625.0   1.9572730e+29
      13675.0   1.9713005e+29
      13725.0   1.9812625e+29
      13775.0   1.9870874e+29
      13825.0   1.9932416e+29
      13875.0   1.9827216e+29
      13925.0   1.9156043e+29
      13975.0   1.9117819e+29
      14025.0   1.9035578e+29
      14075.0   1.9180190e+29
      14125.0   1.9098915e+29
      14175.0   1.9238508e+29
      14225.0   1.9153985e+29
      14275.0   1.9062894e+29
      14325.0   1.9331477e+29
      14375.0   1.9421918e+29
      14425.0   1.9199118e+29
      14475.0   1.9513258e+29
      14525.0   1.9433052e+29
      14570.0   1.9568968e+29
      14620.0   1.9283496e+29
      14675.0   1.9293092e+29
      14725.0   1.9232470e+29
      14775.0   1.9403120e+29
      14825.0   1.9510040e+29
      14875.0   1.9487643e+29
      14925.0   1.9830338e+29
      14975.0   1.9783716e+29
      15025.0   1.9763612e+29
      15075.0   1.9789266e+29
      15125.0   2.0078946e+29
      15175.0   2.0189714e+29
      15225.0   2.0290892e+29
      15275.0   2.0401537e+29
      15325.0   2.0435011e+29
      15375.0   2.0520996e+29
      15425.0   2.0382887e+29
      15475.0   2.0618841e+29
      15525.0   2.0610383e+29
      15575.0   1.9954568e+29
      15625.0   2.0322522e+29
      15675.0   2.0384179e+29
      15725.0   2.0660399e+29
      15775.0   1.9973803e+29
      15825.0   2.0006565e+29
      15875.0   1.9886667e+29
      15925.0   2.0706211e+29
      15975.0   2.0361560e+29
      16050.0   2.0379918e+29
      16150.0   2.0636716e+29
      16250.0   2.0439099e+29
      16350.0   2.1094424e+29
      16450.0   2.0323038e+29
      16550.0   2.1049024e+29
      16650.0   2.0499043e+29
      16750.0   2.0656023e+29
      16850.0   2.0158956e+29
      16950.0   2.0552808e+29
      17050.0   2.0302992e+29
      17150.0   2.0119391e+29
      17250.0   1.9850896e+29
      17350.0   1.9068241e+29
      17450.0   1.9195891e+29
      17550.0   1.8877457e+29
      17650.0   1.8627641e+29
      17750.0   1.8231050e+29
      17850.0   1.7991926e+29
      17950.0   1.7663944e+29
      18050.0   1.7281362e+29
      18150.0   1.6921620e+29
      18250.0   1.6931275e+29
      18350.0   1.6829126e+29
      18450.0   1.6662217e+29
      18550.0   1.6553138e+29
      18650.0   1.6278910e+29
      18750.0   1.7812310e+29
      18850.0   1.5998472e+29
      18950.0   1.5659550e+29
      19050.0   1.5780857e+29
      19150.0   1.5561659e+29
      19250.0   1.5441644e+29
      19350.0   1.5136709e+29
      19450.0   1.4848852e+29
      19550.0   1.4847037e+29
      19650.0   1.4674440e+29
      19750.0   1.4405419e+29
      19850.0   1.4326010e+29
      19950.0   1.4224272e+29
      20050.0   1.4214848e+29
      20150.0   1.4102119e+29
      20250.0   1.3904946e+29
      20350.0   1.3848831e+29
      20450.0   1.3880817e+29
      20550.0   1.3798104e+29
      20650.0   1.3670492e+29
      20750.0   1.3621310e+29
      20850.0   1.3528557e+29
      20950.0   1.3419674e+29
      21050.0   1.3415576e+29
      21150.0   1.3295982e+29
      21250.0   1.3252571e+29
      21350.0   1.3173115e+29
      21450.0   1.3076755e+29
      21550.0   1.2949385e+29
      21650.0   1.2864752e+29
      21750.0   1.2681067e+29
      21850.0   1.2614077e+29
      21950.0   1.2538241e+29
      22050.0   1.2326642e+29
      22150.0   1.2330551e+29
      22250.0   1.2123137e+29
      22350.0   1.2034747e+29
      22450.0   1.1922467e+29
      22550.0   1.1839480e+29
      22650.0   1.1663343e+29
      22750.0   1.1631901e+29
      22850.0   1.1460449e+29
      22950.0   9.8937985e+28
      23050.0   1.0408296e+29
      23150.0   1.0385253e+29
      23250.0   9.1464628e+28
      23350.0   9.7591466e+28
      23450.0   9.3817350e+28
      23550.0   8.5686310e+28
      23650.0   9.1624340e+28
      23750.0   8.8087616e+28
      23850.0   8.2083279e+28
      23950.0   8.6288759e+28
      24050.0   8.4391943e+28
      24150.0   7.8750964e+28
      24250.0   8.1317133e+28
      24350.0   7.9241454e+28
      24450.0   7.5719532e+28
      24550.0   7.4927310e+28
      24650.0   7.5118960e+28
      24750.0   7.2699310e+28
      24850.0   6.7751330e+28
      24950.0   6.6884553e+28
      25050.0   6.8141868e+28
      25150.0   6.4425670e+28
      25250.0   6.5602635e+28
      25350.0   6.5746675e+28
      25450.0   6.5000595e+28
      25550.0   6.4447926e+28
      25650.0   6.4443619e+28
      25750.0   6.5331419e+28
      25850.0   6.3719862e+28
      25950.0   6.4252677e+28
      26050.0   6.4564823e+28
      26150.0   6.3330524e+28
      26250.0   6.5668894e+28
      26350.0   6.3494930e+28
      26450.0   6.3398961e+28
      26550.0   6.2771682e+28
      26650.0   6.1934537e+28
      26750.0   6.2319991e+28
      26850.0   6.2279767e+28
      26950.0   6.1294021e+28
      27050.0   6.1668562e+28
      27150.0   6.1309643e+28
      27250.0   6.1334578e+28
      27350.0   6.0254444e+28
      27450.0   6.0472978e+28
      27550.0   5.9952690e+28
      27650.0   5.9696532e+28
      27750.0   5.9175062e+28
      27850.0   5.9348653e+28
      27950.0   5.9326949e+28
      28050.0   5.8930391e+28
      28150.0   5.8272299e+28
      28250.0   5.8211871e+28
      28350.0   5.8159626e+28
      28450.0   5.7710001e+28
      28550.0   5.7070002e+28
      28650.0   5.6449998e+28
      28750.0   5.5510001e+28
      28850.0   5.5510001e+28
      28950.0   5.5019999e+28
      29050.0   5.4460002e+28
      29150.0   5.4030002e+28
      29250.0   5.3230000e+28
      29350.0   5.3060000e+28
      29450.0   5.2420001e+28
      29550.0   5.1940001e+28
      29650.0   5.1580001e+28
      29750.0   5.1100000e+28
      29850.0   5.0519999e+28
      29950.0   5.0059998e+28
      30050.0   4.9609999e+28
      30150.0   4.9310002e+28
      30250.0   4.8810002e+28
      30350.0   4.7970002e+28
      30450.0   4.7929999e+28
      30550.0   4.7680001e+28
      30650.0   4.7329998e+28
      30750.0   4.7039998e+28
      30850.0   4.6560002e+28
      30950.0   4.6270002e+28
      31050.0   4.6000001e+28
      31150.0   4.5430001e+28
      31250.0   4.5210001e+28
      31350.0   4.4839998e+28
      31450.0   4.4459999e+28
      31550.0   4.4049998e+28
      31650.0   4.3639998e+28
      31750.0   4.3370001e+28
      31850.0   4.3010001e+28
      31950.0   4.2689999e+28
      32100.0   4.2130002e+28
      32300.0   4.1410002e+28
      32500.0   4.0760001e+28
      32700.0   4.0010000e+28
      32900.0   3.9040000e+28
      33100.0   3.8559999e+28
      33300.0   3.7899999e+28
      33500.0   3.7299999e+28
      33700.0   3.6600000e+28
      33900.0   3.5889999e+28
      34100.0   3.5210000e+28
      34300.0   3.4629999e+28
      34500.0   3.3990000e+28
      34700.0   3.3349999e+28
      34900.0   3.2750001e+28
      35100.0   3.2160000e+28
      35300.0   3.1519999e+28
      35500.0   3.0970000e+28
      35700.0   3.0360000e+28
      35900.0   2.9829999e+28
      36100.0   2.9300001e+28
      36300.0   2.8770000e+28
      36500.0   2.8170000e+28
      36700.0   2.7670000e+28
      36900.0   2.7080000e+28
      37100.0   2.6580000e+28
      37300.0   2.6110000e+28
      37500.0   2.5490000e+28
      37700.0   2.5230001e+28
      37900.0   2.4750001e+28
      38100.0   2.4270000e+28
      38300.0   2.3860000e+28
      38500.0   2.3459999e+28
      38700.0   2.2959999e+28
      38900.0   2.2539999e+28
      39100.0   2.2100000e+28
      39300.0   2.1749999e+28
      39500.0   2.1290001e+28
      39700.0   2.0899999e+28
      39900.0   2.0440001e+28
      40100.0   2.0090000e+28
      40300.0   1.9740004e+28
      40500.0   2.3391286e+28
      40700.0   1.9030091e+28
      40900.0   1.8700000e+28
      41100.0   1.8370000e+28
      41300.0   1.8050000e+28
      41500.0   1.7700000e+28
      41700.0   1.7330000e+28
      41900.0   1.7060000e+28
      42100.0   1.6750000e+28
      42300.0   1.6510000e+28
      42500.0   1.6190000e+28
      42700.0   1.5930000e+28
      42900.0   1.5180000e+28
      43100.0   1.4399999e+28
      43300.0   1.4350000e+28
      43500.0   1.3650000e+28
      43700.0   1.3240000e+28
      43900.0   1.2940000e+28
      44100.0   1.2490001e+28
      44300.0   1.2180000e+28
      44500.0   1.1940000e+28
      44700.0   1.1660000e+28
      44900.0   1.1530000e+28
      45100.0   1.1310000e+28
      45300.0   1.1070000e+28
      45500.0   1.0960000e+28
      45700.0   1.0770000e+28
      45900.0   1.0460000e+28
      46100.0   1.0460000e+28
      46300.0   1.0250000e+28
      46500.0   1.0070000e+28
      46700.0   1.0029999e+28
      46900.0   9.8800000e+27
      47100.0   9.7060003e+27
      47300.0   9.6910002e+27
      47500.0   9.4409999e+27
      47700.0   9.3870003e+27
      47900.0   9.2650003e+27
      48100.0   9.0230003e+27
      48300.0   9.0639998e+27
      48500.0   8.8400003e+27
      48700.0   8.6819999e+27
      48900.0   8.5740000e+27
      49100.0   8.4350001e+27
      49300.0   8.3499999e+27
      49500.0   8.1849998e+27
      49700.0   8.1490000e+27
      49900.0   8.0120000e+27
      50100.0   7.9220000e+27
      50300.0   7.8130001e+27
      50500.0   7.6590002e+27
      50700.0   7.5909999e+27
      50900.0   7.4849999e+27
      51100.0   7.3580001e+27
      51300.0   7.2599998e+27
      51500.0   7.1669998e+27
      51700.0   7.1270002e+27
      51900.0   7.0060002e+27
      52100.0   6.9239999e+27
      52300.0   6.8130000e+27
      52500.0   6.7500001e+27
      52700.0   6.7119998e+27
      52900.0   6.5660002e+27
      53100.0   6.4719997e+27
      53300.0   6.4190000e+27
      53500.0   6.3349997e+27
      53700.0   6.2620002e+27
      53900.0   6.1900001e+27
      54100.0   6.1150000e+27
      54300.0   6.0100000e+27
      54500.0   5.9750002e+27
      54700.0   5.8710001e+27
      54900.0   5.8169998e+27
      55100.0   5.7279997e+27
      55300.0   5.7360000e+27
      55500.0   5.5930003e+27
      55700.0   5.5709999e+27
      55900.0   5.4819999e+27
      56100.0   5.4430002e+27
      56300.0   5.3420000e+27
      56500.0   5.3110000e+27
      56700.0   5.2440003e+27
      56900.0   5.1519997e+27
      57100.0   5.1270001e+27
      57300.0   5.0650001e+27
      57500.0   5.0020002e+27
      57700.0   4.9390000e+27
      57900.0   4.9000001e+27
      58100.0   4.8289999e+27
      58300.0   4.7759999e+27
      58500.0   4.7200000e+27
      58700.0   4.6490001e+27
      58900.0   4.5980000e+27
      59100.0   4.5290000e+27
      59300.0   4.5000000e+27
      59500.0   4.4390000e+27
      59700.0   4.4020000e+27
      59900.0   4.3499999e+27
      60100.0   4.3000001e+27
      60300.0   4.2490000e+27
      60500.0   4.1880000e+27
      60700.0   4.1420000e+27
      60900.0   4.0929999e+27
      61100.0   4.0420001e+27
      61300.0   4.0030001e+27
      61500.0   3.9610000e+27
      61700.0   3.9230000e+27
      61900.0   3.8740001e+27
      62100.0   3.8349999e+27
      62300.0   3.7840001e+27
      62500.0   3.7340000e+27
      62700.0   3.6920001e+27
      62900.0   3.6529999e+27
      63100.0   3.6100001e+27
      63300.0   3.5780001e+27
      63500.0   3.5319999e+27
      63700.0   3.5020001e+27
      63900.0   3.4510001e+27
      64200.0   3.3990000e+27
      64600.0   3.3200001e+27
      65000.0   3.2480000e+27
      65400.0   3.1749999e+27
      65800.0   3.1080001e+27
      66200.0   3.0379999e+27
      66600.0   2.9720001e+27
      67000.0   2.9079999e+27
      67400.0   2.8430001e+27
      67800.0   2.7820001e+27
      68200.0   2.7210001e+27
      68600.0   2.6649999e+27
      69000.0   2.6070001e+27
      69400.0   2.5509999e+27
      69800.0   2.4970000e+27
      70200.0   2.4440000e+27
      70600.0   2.3940000e+27
      71000.0   2.3430001e+27
      71400.0   2.2950000e+27
      71800.0   2.2460000e+27
      72200.0   2.2010000e+27
      72600.0   2.1550000e+27
      73000.0   2.1109999e+27
      73400.0   2.0680000e+27
      73800.0   2.0260000e+27
      74200.0   1.9830000e+27
      74600.0   1.9380000e+27
      75000.0   1.9000000e+27
      75400.0   1.8660000e+27
      75800.0   1.8299999e+27
      76200.0   1.7950000e+27
      76600.0   1.7590001e+27
      77000.0   1.7250000e+27
      77400.0   1.6910000e+27
      77800.0   1.6590000e+27
      78200.0   1.6260001e+27
      78600.0   1.5949999e+27
      79000.0   1.5649999e+27
      79400.0   1.5350001e+27
      79800.0   1.5060000e+27
      80200.0   1.4770000e+27
      80600.0   1.4500000e+27
      81000.0   1.4230000e+27
      81400.0   1.3970000e+27
      81800.0   1.3709999e+27
      82200.0   1.3460000e+27
      82600.0   1.3210000e+27
      83000.0   1.2970000e+27
      83400.0   1.2730001e+27
      83800.0   1.2499999e+27
      84200.0   1.2280000e+27
      84600.0   1.2060000e+27
      85000.0   1.1850000e+27
      85400.0   1.1640000e+27
      85800.0   1.1430000e+27
      86200.0   1.1230000e+27
      86600.0   1.1040000e+27
      87000.0   1.0840000e+27
      87400.0   1.0660000e+27
      87800.0   1.0470000e+27
      88200.0   1.0290000e+27
      88600.0   1.0110000e+27
      89000.0   9.9419996e+26
      89400.0   9.7749998e+26
      89800.0   9.6049998e+26
      90200.0   9.4480003e+26
      90600.0   9.2910000e+26
      91000.0   9.1310003e+26
      91400.0   8.9789999e+26
      91800.0   8.8320000e+26
      92200.0   8.6899999e+26
      92600.0   8.5460002e+26
      93000.0   8.4070003e+26
      93400.0   8.2690002e+26
      93800.0   8.1359999e+26
      94200.0   8.0050000e+26
      94600.0   7.8749999e+26
      95000.0   7.7489998e+26
      95400.0   7.6280002e+26
      95800.0   7.5069999e+26
      96200.0   7.3880000e+26
      96600.0   7.2720002e+26
      97000.0   7.1580000e+26
      97400.0   7.0420003e+26
      97800.0   6.9350003e+26
      98200.0   6.8290002e+26
      98600.0   6.7239998e+26
      99000.0   6.6219996e+26
      99400.0   6.5200002e+26
      99800.0   6.4210002e+26
      100200.   6.3230001e+26
      200000.   4.5089999e+25
      400000.   3.6099999e+24
      600000.   9.7139999e+23
      800000.   4.2750002e+23
  1.00000e+06   2.4060000e+23
  1.20000e+06   1.5720000e+23
  1.40000e+06   1.1160000e+23
  1.60000e+06   8.3740004e+22
