      91.0000       0.0000000
      94.0000       0.0000000
      96.0000       0.0000000
      98.0000       0.0000000
      100.000       0.0000000
      102.000       0.0000000
      104.000       0.0000000
      106.000       0.0000000
      108.000       0.0000000
      110.000       0.0000000
      114.000       0.0000000
      118.000       0.0000000
      121.000       0.0000000
      125.000       0.0000000
      127.000       0.0000000
      128.000       0.0000000
      131.000       0.0000000
      132.000       0.0000000
      134.000       0.0000000
      137.000       0.0000000
      140.000       0.0000000
      143.000       0.0000000
      147.000       0.0000000
      151.000       0.0000000
      155.000       0.0000000
      159.000       0.0000000
      162.000       0.0000000
      166.000       0.0000000
      170.000       0.0000000
      173.000       0.0000000
      177.000       0.0000000
      180.000       0.0000000
      182.000       0.0000000
      186.000       0.0000000
      191.000       0.0000000
      194.000       0.0000000
      198.000       0.0000000
      202.000       0.0000000
      205.000       0.0000000
      210.000       0.0000000
      216.000       0.0000000
      220.000       0.0000000
      223.000       0.0000000
      227.000       0.0000000
      230.000       0.0000000
      234.000       0.0000000
      240.000       0.0000000
      246.000       0.0000000
      252.000       0.0000000
      257.000       0.0000000
      260.000       0.0000000
      264.000       0.0000000
      269.000       0.0000000
      274.000       0.0000000
      279.000       0.0000000
      284.000       0.0000000
      290.000       0.0000000
      296.000       0.0000000
      301.000       0.0000000
      308.000       0.0000000
      318.000       0.0000000
      328.000       0.0000000
      338.000       0.0000000
      348.000       0.0000000
      357.000       0.0000000
      366.000       0.0000000
      375.000       0.0000000
      385.000       0.0000000
      395.000       0.0000000
      405.000       0.0000000
      414.000       0.0000000
      422.000       0.0000000
      430.000       0.0000000
      441.000       0.0000000
      451.000       0.0000000
      460.000       0.0000000
      470.000       0.0000000
      480.000       0.0000000
      490.000       0.0000000
      500.000       0.0000000
      506.000       0.0000000
      512.000       0.0000000
      520.000       0.0000000
      530.000       0.0000000
      540.000       0.0000000
      550.000       0.0000000
      560.000       0.0000000
      570.000       0.0000000
      580.000       0.0000000
      590.000       0.0000000
      600.000       0.0000000
      610.000       0.0000000
      620.000       0.0000000
      630.000       0.0000000
      640.000       0.0000000
      650.000       0.0000000
      658.000       0.0000000
      665.000       0.0000000
      675.000       0.0000000
      685.000       0.0000000
      695.000       0.0000000
      705.000       0.0000000
      716.000       0.0000000
      726.000       0.0000000
      735.000       0.0000000
      745.000       0.0000000
      755.000       0.0000000
      765.000       0.0000000
      775.000       0.0000000
      785.000       0.0000000
      795.000       0.0000000
      805.000       0.0000000
      815.000       0.0000000
      825.000       0.0000000
      835.000       0.0000000
      845.000       0.0000000
      855.000       0.0000000
      865.000       0.0000000
      875.000       0.0000000
      885.000       0.0000000
      895.000       0.0000000
      905.000       0.0000000
      915.000   2.0943389e+24
      925.000   6.0201601e+24
      935.000   1.2259383e+25
      945.000   2.7241305e+25
      955.000   4.9674980e+25
      965.000   6.7653135e+25
      975.000   1.7285787e+25
      985.000   9.9183539e+25
      995.000   1.1176311e+26
      1005.00   1.5070375e+26
      1015.00   1.3960127e+26
      1025.00   4.4972698e+25
      1035.00   1.2442284e+26
      1045.00   2.6082487e+26
      1055.00   2.8794982e+26
      1065.00   2.7132036e+26
      1075.00   3.4070979e+26
      1085.00   3.2065740e+26
      1095.00   4.2062462e+26
      1105.00   4.3619880e+26
      1115.00   4.6941696e+26
      1125.00   4.7583992e+26
      1135.00   6.0457282e+26
      1145.00   6.1727537e+26
      1155.00   7.0254096e+26
      1165.00   7.9532332e+26
      1175.00   6.9898599e+26
      1185.00   9.3669369e+26
      1195.00   7.8484458e+26
      1205.00   6.1452087e+26
      1215.00   2.0865448e+27
      1225.00   7.8658871e+26
      1235.00   1.2997112e+27
      1245.00   1.5033878e+27
      1255.00   1.5605878e+27
      1265.00   1.4902829e+27
      1275.00   1.8408358e+27
      1285.00   1.9872559e+27
      1295.00   1.8081287e+27
      1305.00   1.9015711e+27
      1315.00   2.2840883e+27
      1325.00   2.2980804e+27
      1335.00   2.2479007e+27
      1345.00   2.5696481e+27
      1355.00   2.6280374e+27
      1365.00   2.5718390e+27
      1375.00   2.7101313e+27
      1385.00   2.8522063e+27
      1395.00   2.6804666e+27
      1405.00   2.8630851e+27
      1415.00   3.0464026e+27
      1425.00   3.1685360e+27
      1435.00   3.2954888e+27
      1442.00   3.4504203e+27
      1447.00   3.5033781e+27
      1455.00   3.5234987e+27
      1465.00   3.4819812e+27
      1475.00   3.5908336e+27
      1485.00   3.6796490e+27
      1495.00   3.7931973e+27
      1505.00   3.7608282e+27
      1512.00   3.5801509e+27
      1517.00   3.7709321e+27
      1525.00   3.8120607e+27
      1535.00   3.5977900e+27
      1545.00   3.8220495e+27
      1555.00   3.7694834e+27
      1565.00   3.9382050e+27
      1575.00   4.2055783e+27
      1585.00   4.3817152e+27
      1595.00   4.5547225e+27
      1605.00   4.5509427e+27
      1615.00   4.6550335e+27
      1625.00   4.6277143e+27
      1635.00   4.8840534e+27
      1645.00   4.9943625e+27
      1655.00   4.8655172e+27
      1665.00   5.2800468e+27
      1672.00   5.0592323e+27
      1677.00   5.3629438e+27
      1685.00   5.5380791e+27
      1695.00   5.4564641e+27
      1705.00   5.4095674e+27
      1715.00   5.3162300e+27
      1725.00   5.3778715e+27
      1735.00   5.6964142e+27
      1745.00   5.6711711e+27
      1755.00   5.9843604e+27
      1765.00   5.7240727e+27
      1775.00   5.9495650e+27
      1785.00   6.1146701e+27
      1795.00   6.3924744e+27
      1805.00   6.5306639e+27
      1815.00   6.2926736e+27
      1825.00   6.5215969e+27
      1835.00   6.4788209e+27
      1845.00   6.2216894e+27
      1855.00   6.2500282e+27
      1865.00   6.4600268e+27
      1875.00   6.9166335e+27
      1885.00   6.5669310e+27
      1895.00   6.4290244e+27
      1905.00   7.0219302e+27
      1915.00   6.7475140e+27
      1925.00   6.7467720e+27
      1935.00   7.0776195e+27
      1945.00   7.3580026e+27
      1955.00   7.0403423e+27
      1967.00   7.6113568e+27
      1976.00   7.9011173e+27
      1984.00   7.6499613e+27
      1995.00   7.6016178e+27
      2005.00   7.9207238e+27
      2015.00   7.9138948e+27
      2025.00   8.3006357e+27
      2035.00   8.0503636e+27
      2045.00   8.2759032e+27
      2055.00   8.0541839e+27
      2065.00   8.3090998e+27
      2074.00   8.7824359e+27
      2078.00   8.4469400e+27
      2085.00   8.7372370e+27
      2095.00   8.5333760e+27
      2105.00   8.8217779e+27
      2115.00   8.9748312e+27
      2125.00   9.2105665e+27
      2135.00   9.0759647e+27
      2145.00   9.1402151e+27
      2155.00   9.4671234e+27
      2165.00   9.4246394e+27
      2175.00   9.5100007e+27
      2185.00   9.5212726e+27
      2195.00   9.8772400e+27
      2205.00   9.8207236e+27
      2215.00   9.7477056e+27
      2225.00   9.6574271e+27
      2235.00   1.0081848e+28
      2245.00   1.0052128e+28
      2255.00   9.9540441e+27
      2265.00   1.0214984e+28
      2275.00   1.0427275e+28
      2285.00   1.0632138e+28
      2295.00   1.0389521e+28
      2305.00   1.0569428e+28
      2315.00   1.0482605e+28
      2325.00   9.6756179e+27
      2335.00   1.0431448e+28
      2345.00   1.0354035e+28
      2355.00   1.0754851e+28
      2365.00   1.0543787e+28
      2375.00   1.0791112e+28
      2385.00   1.0583965e+28
      2395.00   1.1042739e+28
      2405.00   1.0934223e+28
      2415.00   1.1133654e+28
      2425.00   1.1471992e+28
      2435.00   1.1286330e+28
      2445.00   1.1682917e+28
      2455.00   1.1772260e+28
      2465.00   1.1775770e+28
      2475.00   1.1759270e+28
      2485.00   1.2096065e+28
      2495.00   1.1654255e+28
      2505.00   1.2412976e+28
      2513.00   1.2060838e+28
      2518.00   1.2411155e+28
      2525.00   1.2187515e+28
      2535.00   1.2279244e+28
      2545.00   1.2307848e+28
      2555.00   1.2791785e+28
      2565.00   1.2812200e+28
      2575.00   1.3238382e+28
      2585.00   1.3362191e+28
      2595.00   1.3447056e+28
      2605.00   1.3363595e+28
      2615.00   1.3461933e+28
      2625.00   1.3690736e+28
      2635.00   1.3881446e+28
      2645.00   1.4482624e+28
      2655.00   1.4609161e+28
      2665.00   1.4355853e+28
      2675.00   1.4717079e+28
      2685.00   1.4850380e+28
      2695.00   1.4755534e+28
      2705.00   1.4953587e+28
      2715.00   1.4894526e+28
      2725.00   1.4996085e+28
      2735.00   1.5400034e+28
      2745.00   1.4848814e+28
      2755.00   1.5040556e+28
      2765.00   1.5386922e+28
      2775.00   1.5856453e+28
      2785.00   1.5875219e+28
      2795.00   1.5007633e+28
      2805.00   1.5556705e+28
      2815.00   1.6457773e+28
      2825.00   1.6579611e+28
      2835.00   1.6343778e+28
      2845.00   1.6472141e+28
      2855.00   1.6629078e+28
      2865.00   1.7084984e+28
      2875.00   1.7094799e+28
      2885.00   1.7284910e+28
      2895.00   1.7381974e+28
      2910.00   1.7868300e+28
      2930.00   1.7994461e+28
      2950.00   1.8158796e+28
      2970.00   1.8558406e+28
      2990.00   1.8835178e+28
      3010.00   1.9182525e+28
      3030.00   1.9529959e+28
      3050.00   1.9798106e+28
      3070.00   2.0079430e+28
      3090.00   2.0402369e+28
      3110.00   2.0664802e+28
      3130.00   2.0919046e+28
      3150.00   2.1276444e+28
      3170.00   2.1548458e+28
      3190.00   2.1565456e+28
      3210.00   2.2111778e+28
      3230.00   2.2319854e+28
      3250.00   2.2778484e+28
      3270.00   2.3189892e+28
      3290.00   2.3510786e+28
      3310.00   2.3858991e+28
      3330.00   2.4116442e+28
      3350.00   2.4344918e+28
      3370.00   2.4579344e+28
      3390.00   2.4953886e+28
      3410.00   2.5362528e+28
      3430.00   2.5586794e+28
      3450.00   2.5931537e+28
      3470.00   2.6346515e+28
      3490.00   2.6735818e+28
      3510.00   2.7223475e+28
      3530.00   2.7500820e+28
      3550.00   2.8004427e+28
      3570.00   2.8062822e+28
      3590.00   2.8302979e+28
      3610.00   2.8844477e+28
      3630.00   2.9278701e+28
      3640.00   2.9574148e+28
      3650.00   2.9628163e+28
      3670.00   2.9868297e+28
      3690.00   2.9375013e+28
      3710.00   3.1451657e+28
      3730.00   5.2397282e+28
      3750.00   3.7973171e+28
      3770.00   3.9793942e+28
      3790.00   4.4858471e+28
      3810.00   4.9819665e+28
      3830.00   4.3040409e+28
      3850.00   5.4015338e+28
      3870.00   6.0894667e+28
      3890.00   4.3753784e+28
      3910.00   6.0142667e+28
      3930.00   5.8313953e+28
      3950.00   6.0916202e+28
      3970.00   4.4572236e+28
      3990.00   6.2643450e+28
      4010.00   6.6310272e+28
      4030.00   6.6011612e+28
      4050.00   6.7870290e+28
      4070.00   6.7745131e+28
      4090.00   6.1567463e+28
      4110.00   5.3030340e+28
      4130.00   6.8180594e+28
      4150.00   7.0431142e+28
      4170.00   7.1394311e+28
      4190.00   7.2130575e+28
      4210.00   7.2931881e+28
      4230.00   7.3320342e+28
      4250.00   7.3943515e+28
      4270.00   7.3627500e+28
      4290.00   7.4229266e+28
      4310.00   7.2560638e+28
      4330.00   6.6237431e+28
      4350.00   6.0620169e+28
      4370.00   7.6611790e+28
      4390.00   7.6971887e+28
      4410.00   7.8728575e+28
      4430.00   7.9999679e+28
      4450.00   8.1028888e+28
      4470.00   8.1285228e+28
      4490.00   8.2520878e+28
      4510.00   8.4854018e+28
      4530.00   8.4048650e+28
      4550.00   8.4664333e+28
      4570.00   8.6712704e+28
      4590.00   8.6411365e+28
      4610.00   8.7904584e+28
      4630.00   8.7920737e+28
      4650.00   8.8924925e+28
      4670.00   9.0017407e+28
      4690.00   9.0414516e+28
      4710.00   8.9610223e+28
      4730.00   9.1815443e+28
      4750.00   9.2966788e+28
      4770.00   9.3782188e+28
      4790.00   9.4171768e+28
      4810.00   9.4244647e+28
      4830.00   9.4029434e+28
      4850.00   8.6579651e+28
      4870.00   7.9183586e+28
      4890.00   9.4953982e+28
      4910.00   9.7271156e+28
      4930.00   9.6880851e+28
      4950.00   9.9713233e+28
      4970.00   1.0048043e+29
      4990.00   1.0001645e+29
      5010.00   1.9110206e+29
      5030.00   1.0115060e+29
      5050.00   1.0109055e+29
      5070.00   1.0348138e+29
      5090.00   1.0309275e+29
      5110.00   1.0409806e+29
      5130.00   1.0388154e+29
      5150.00   1.0381582e+29
      5170.00   1.0373237e+29
      5190.00   1.0521459e+29
      5210.00   1.0620828e+29
      5230.00   1.0751478e+29
      5250.00   1.0911941e+29
      5270.00   1.0727888e+29
      5290.00   1.1088591e+29
      5310.00   1.1235905e+29
      5330.00   1.1079895e+29
      5350.00   1.1366656e+29
      5370.00   1.1427463e+29
      5390.00   1.1433201e+29
      5410.00   1.1452168e+29
      5430.00   1.1542441e+29
      5450.00   1.1741215e+29
      5470.00   1.1733081e+29
      5490.00   1.1811259e+29
      5510.00   1.1873123e+29
      5530.00   1.2013120e+29
      5550.00   1.2143351e+29
      5570.00   1.2149614e+29
      5590.00   1.2168798e+29
      5610.00   1.2329387e+29
      5630.00   1.2397389e+29
      5650.00   1.2466776e+29
      5670.00   1.2458224e+29
      5690.00   1.2650285e+29
      5710.00   1.2590806e+29
      5730.00   1.2934139e+29
      5750.00   1.2919474e+29
      5770.00   1.3012343e+29
      5790.00   1.2964483e+29
      5810.00   1.3156665e+29
      5830.00   1.3322344e+29
      5850.00   1.3297216e+29
      5870.00   1.3572912e+29
      5890.00   1.3156868e+29
      5910.00   1.3474359e+29
      5930.00   1.3571713e+29
      5950.00   1.3627467e+29
      5970.00   1.3795650e+29
      5990.00   1.3789885e+29
      6010.00   1.3816320e+29
      6030.00   1.3984011e+29
      6050.00   1.4138304e+29
      6070.00   1.4193943e+29
      6090.00   1.4139746e+29
      6110.00   1.4228359e+29
      6130.00   1.4098291e+29
      6150.00   1.4244415e+29
      6170.00   1.4195345e+29
      6190.00   1.4482977e+29
      6210.00   1.4533941e+29
      6230.00   1.4461368e+29
      6250.00   1.4343016e+29
      6270.00   1.4688742e+29
      6290.00   1.4992865e+29
      6310.00   1.4735048e+29
      6330.00   1.4620927e+29
      6350.00   1.4687655e+29
      6370.00   1.4780722e+29
      6390.00   1.4929542e+29
      6410.00   1.4919146e+29
      6430.00   1.5053048e+29
      6450.00   1.5132375e+29
      6470.00   1.5210254e+29
      6490.00   1.5128587e+29
      6510.00   1.5380388e+29
      6530.00   1.5396968e+29
      6550.00   1.7586716e+29
      6570.00   2.1454916e+29
      6590.00   1.8910036e+29
      6610.00   1.5778956e+29
      6630.00   1.5914323e+29
      6650.00   1.6000027e+29
      6670.00   1.6058532e+29
      6690.00   1.6224609e+29
      6710.00   1.8409429e+29
      6730.00   1.9075255e+29
      6750.00   1.6362528e+29
      6770.00   1.6465590e+29
      6790.00   1.6508850e+29
      6810.00   1.6589049e+29
      6830.00   1.6729991e+29
      6850.00   1.6671482e+29
      6870.00   1.6839150e+29
      6890.00   1.7024907e+29
      6910.00   1.7064545e+29
      6930.00   1.7096114e+29
      6950.00   1.7107385e+29
      6970.00   1.7273842e+29
      6990.00   1.7318181e+29
      7010.00   1.7286182e+29
      7030.00   1.7488610e+29
      7050.00   1.7622766e+29
      7070.00   1.7494844e+29
      7090.00   1.7555147e+29
      7110.00   1.7486944e+29
      7130.00   1.8735419e+29
      7150.00   1.7750646e+29
      7170.00   1.7726881e+29
      7190.00   1.7588811e+29
      7210.00   1.7821964e+29
      7230.00   1.7994803e+29
      7250.00   1.8119491e+29
      7270.00   1.8208716e+29
      7290.00   1.8104950e+29
      7310.00   1.8370538e+29
      7330.00   1.8804849e+29
      7350.00   1.8622698e+29
      7370.00   1.8884583e+29
      7390.00   1.8813855e+29
      7410.00   1.8822003e+29
      7430.00   1.9108666e+29
      7450.00   1.9221847e+29
      7470.00   1.9396408e+29
      7490.00   1.9470201e+29
      7510.00   1.9637257e+29
      7530.00   1.9868329e+29
      7550.00   2.0036924e+29
      7570.00   2.0084764e+29
      7590.00   2.0033108e+29
      7610.00   2.0010970e+29
      7630.00   1.9886442e+29
      7650.00   1.9824283e+29
      7670.00   1.9572983e+29
      7690.00   1.9859827e+29
      7710.00   1.9728586e+29
      7730.00   1.9869860e+29
      7750.00   1.9880276e+29
      7770.00   2.0011852e+29
      7790.00   2.0196638e+29
      7810.00   2.0301685e+29
      7830.00   2.0288893e+29
      7850.00   2.0255455e+29
      7870.00   2.0402733e+29
      7890.00   2.0263515e+29
      7910.00   2.0101207e+29
      7930.00   2.0225488e+29
      7950.00   2.0207539e+29
      7970.00   2.0616914e+29
      7990.00   2.0655318e+29
      8010.00   2.1012351e+29
      8030.00   2.1118690e+29
      8050.00   2.1165457e+29
      8070.00   2.1369728e+29
      8090.00   2.1364926e+29
      8110.00   2.1569722e+29
      8130.00   2.1897519e+29
      8150.00   2.2115613e+29
      8170.00   2.2314297e+29
      8190.00   2.2212460e+29
      8210.00   2.2002281e+29
      8230.00   2.2103416e+29
      8250.00   2.2204032e+29
      8270.00   2.2336248e+29
      8290.00   2.2285032e+29
      8310.00   2.2035483e+29
      8330.00   2.1933545e+29
      8350.00   2.2114817e+29
      8370.00   2.2119133e+29
      8390.00   2.1909105e+29
      8410.00   2.2268630e+29
      8430.00   2.1962112e+29
      8450.00   2.1900711e+29
      8470.00   2.1675536e+29
      8490.00   2.2233222e+29
      8510.00   2.1175235e+29
      8530.00   2.2509048e+29
      8550.00   1.9979618e+29
      8570.00   2.3261716e+29
      8590.00   2.2521804e+29
      8610.00   2.2530637e+29
      8630.00   2.3875029e+29
      8650.00   2.3485747e+29
      8670.00   2.0551282e+29
      8690.00   2.3851859e+29
      8710.00   2.4610268e+29
      8730.00   2.4491586e+29
      8750.00   2.2871047e+29
      8770.00   2.4499338e+29
      8790.00   2.5355469e+29
      8810.00   2.5340099e+29
      8830.00   2.5335850e+29
      8850.00   2.4635933e+29
      8870.00   2.3177642e+29
      8890.00   2.5034597e+29
      8910.00   2.5525829e+29
      8930.00   2.5513455e+29
      8950.00   2.5593616e+29
      8970.00   2.5700204e+29
      8990.00   2.5537588e+29
      9010.00   2.3831516e+29
      9030.00   2.5005299e+29
      9050.00   2.9693188e+29
      9070.00   5.6484254e+29
      9090.00   2.8536292e+29
      9110.00   2.6889844e+29
      9130.00   2.7137425e+29
      9150.00   2.7157885e+29
      9170.00   2.7176890e+29
      9190.00   2.7267064e+29
      9210.00   2.6222811e+29
      9230.00   2.4398827e+29
      9250.00   2.5723108e+29
      9270.00   2.6372737e+29
      9290.00   2.6422570e+29
      9310.00   2.6576717e+29
      9330.00   2.6746226e+29
      9350.00   2.6703123e+29
      9370.00   2.6550848e+29
      9390.00   2.6933969e+29
      9410.00   2.6700795e+29
      9430.00   2.7132812e+29
      9450.00   2.7114228e+29
      9470.00   2.7440262e+29
      9490.00   2.7467657e+29
      9510.00   2.7143966e+29
      9530.00   2.6906333e+29
      9550.00   2.5677629e+29
      9570.00   2.7130785e+29
      9590.00   2.7830600e+29
      9610.00   2.7819291e+29
      9630.00   2.8020302e+29
      9650.00   2.7940811e+29
      9670.00   2.8025333e+29
      9690.00   2.8326708e+29
      9710.00   2.8142351e+29
      9730.00   2.8072896e+29
      9750.00   2.8103233e+29
      9770.00   2.8269135e+29
      9790.00   2.8160657e+29
      9810.00   2.8532960e+29
      9830.00   2.8491346e+29
      9850.00   2.8622330e+29
      9870.00   2.8595511e+29
      9890.00   2.8637534e+29
      9910.00   2.8696347e+29
      9930.00   2.8825629e+29
      9950.00   2.8936993e+29
      9970.00   2.8994191e+29
      9990.00   2.8978321e+29
      10025.0   2.8560831e+29
      10075.0   2.8281043e+29
      10125.0   2.9369529e+29
      10175.0   2.9389653e+29
      10225.0   2.9651340e+29
      10275.0   2.9872758e+29
      10325.0   3.1773674e+29
      10375.0   2.9851841e+29
      10425.0   3.0120516e+29
      10475.0   2.9981937e+29
      10525.0   2.9976658e+29
      10575.0   2.9735507e+29
      10625.0   2.9713012e+29
      10675.0   2.9759668e+29
      10725.0   3.0034438e+29
      10775.0   3.0035413e+29
      10825.0   3.2864417e+29
      10875.0   2.9911151e+29
      10925.0   2.9757242e+29
      10975.0   2.9623094e+29
      11025.0   2.9928022e+29
      11075.0   2.9752063e+29
      11125.0   2.9870360e+29
      11175.0   2.9867159e+29
      11225.0   3.0048899e+29
      11275.0   2.9963630e+29
      11325.0   3.0041313e+29
      11375.0   3.0114991e+29
      11425.0   3.0060629e+29
      11475.0   3.0400498e+29
      11525.0   3.0463476e+29
      11575.0   3.0369253e+29
      11625.0   3.0190775e+29
      11675.0   3.0289863e+29
      11725.0   3.0490736e+29
      11775.0   3.0187221e+29
      11825.0   3.0113780e+29
      11875.0   2.9818548e+29
      11925.0   3.0247783e+29
      11975.0   2.9747006e+29
      12025.0   3.0257115e+29
      12075.0   3.0185265e+29
      12125.0   3.0304875e+29
      12175.0   3.0450562e+29
      12225.0   3.0451158e+29
      12275.0   3.0360812e+29
      12325.0   3.0381245e+29
      12375.0   3.0397861e+29
      12425.0   3.0262594e+29
      12475.0   3.0240489e+29
      12525.0   3.0183964e+29
      12575.0   3.0174192e+29
      12625.0   3.0142067e+29
      12675.0   3.0111806e+29
      12725.0   3.0192248e+29
      12775.0   3.0340971e+29
      12825.0   3.1683403e+29
      12875.0   3.0034536e+29
      12925.0   3.0022074e+29
      12975.0   3.0277128e+29
      13025.0   3.0158744e+29
      13075.0   3.0280794e+29
      13125.0   3.0018629e+29
      13175.0   3.0028431e+29
      13225.0   3.0115451e+29
      13275.0   2.9876900e+29
      13325.0   3.0049357e+29
      13375.0   2.9940783e+29
      13425.0   3.0096157e+29
      13475.0   3.0018369e+29
      13525.0   3.0006312e+29
      13575.0   2.9776700e+29
      13625.0   2.9785227e+29
      13675.0   2.9929964e+29
      13725.0   3.0037947e+29
      13775.0   3.0079562e+29
      13825.0   3.0148027e+29
      13875.0   2.9995109e+29
      13925.0   2.9310839e+29
      13975.0   2.9300739e+29
      14025.0   2.9131248e+29
      14075.0   2.9336227e+29
      14125.0   2.9171043e+29
      14175.0   2.9370077e+29
      14225.0   2.9178930e+29
      14275.0   2.9056116e+29
      14325.0   2.9432922e+29
      14375.0   2.9578174e+29
      14425.0   2.9162185e+29
      14475.0   2.9642100e+29
      14525.0   2.9462834e+29
      14570.0   2.9640797e+29
      14620.0   2.9326751e+29
      14675.0   2.9342807e+29
      14725.0   2.9168787e+29
      14775.0   2.9391024e+29
      14825.0   2.9486306e+29
      14875.0   2.9406981e+29
      14925.0   2.9873329e+29
      14975.0   2.9749316e+29
      15025.0   2.9697504e+29
      15075.0   2.9643075e+29
      15125.0   3.0057813e+29
      15175.0   3.0197340e+29
      15225.0   3.0302024e+29
      15275.0   3.0341065e+29
      15325.0   3.0339476e+29
      15375.0   3.0562996e+29
      15425.0   3.0356759e+29
      15475.0   3.0676013e+29
      15525.0   3.0579725e+29
      15575.0   2.9481631e+29
      15625.0   2.9934728e+29
      15675.0   2.9944672e+29
      15725.0   3.0260894e+29
      15775.0   2.9222163e+29
      15825.0   2.9113583e+29
      15875.0   2.8795342e+29
      15925.0   3.0015565e+29
      15975.0   2.9477090e+29
      16050.0   2.9287821e+29
      16150.0   2.9573436e+29
      16250.0   2.9214465e+29
      16350.0   3.0050840e+29
      16450.0   2.9243758e+29
      16550.0   2.9859484e+29
      16650.0   2.9118643e+29
      16750.0   2.9367496e+29
      16850.0   2.8678010e+29
      16950.0   2.9246905e+29
      17050.0   2.8989771e+29
      17150.0   2.8810924e+29
      17250.0   2.8650051e+29
      17350.0   2.7718732e+29
      17450.0   2.8056092e+29
      17550.0   2.7806144e+29
      17650.0   2.7585344e+29
      17750.0   2.7204399e+29
      17850.0   2.7048692e+29
      17950.0   2.6737303e+29
      18050.0   2.6272339e+29
      18150.0   2.5818726e+29
      18250.0   2.5789522e+29
      18350.0   2.5591140e+29
      18450.0   2.5311668e+29
      18550.0   2.5134380e+29
      18650.0   2.4718329e+29
      18750.0   3.0874278e+29
      18850.0   2.4312995e+29
      18950.0   2.3801045e+29
      19050.0   2.3997414e+29
      19150.0   2.3681155e+29
      19250.0   2.3521593e+29
      19350.0   2.3112639e+29
      19450.0   2.2980803e+29
      19550.0   2.2703682e+29
      19650.0   2.2435180e+29
      19750.0   2.2066584e+29
      19850.0   2.1918157e+29
      19950.0   2.1740088e+29
      20050.0   2.1678994e+29
      20150.0   2.1499087e+29
      20250.0   2.1146435e+29
      20350.0   2.0969741e+29
      20450.0   2.0978910e+29
      20550.0   2.0837018e+29
      20650.0   2.0528311e+29
      20750.0   2.0394658e+29
      20850.0   2.0225041e+29
      20950.0   1.9990897e+29
      21050.0   1.9949138e+29
      21150.0   1.9721126e+29
      21250.0   1.9738157e+29
      21350.0   1.9444828e+29
      21450.0   1.9267363e+29
      21550.0   1.9058471e+29
      21650.0   1.9304443e+29
      21750.0   1.8629346e+29
      21850.0   1.8501238e+29
      21950.0   1.8384674e+29
      22050.0   1.8086682e+29
      22150.0   1.8066106e+29
      22250.0   1.7776901e+29
      22350.0   1.7637031e+29
      22450.0   1.7487893e+29
      22550.0   1.7351421e+29
      22650.0   1.7116920e+29
      22750.0   1.7065303e+29
      22850.0   1.6818418e+29
      22950.0   1.4653266e+29
      23050.0   1.5500069e+29
      23150.0   1.5452187e+29
      23250.0   1.3648660e+29
      23350.0   1.4579053e+29
      23450.0   1.4154267e+29
      23550.0   1.2825675e+29
      23650.0   1.3773110e+29
      23750.0   1.3391012e+29
      23850.0   1.2359031e+29
      23950.0   1.3096350e+29
      24050.0   1.2958086e+29
      24150.0   1.2050375e+29
      24250.0   1.2571629e+29
      24350.0   1.2378873e+29
      24450.0   1.1842608e+29
      24550.0   1.1831117e+29
      24650.0   1.1966920e+29
      24750.0   1.1592276e+29
      24850.0   1.0765510e+29
      24950.0   1.0688468e+29
      25050.0   1.0937182e+29
      25150.0   1.0303598e+29
      25250.0   1.0577728e+29
      25350.0   1.0650127e+29
      25450.0   1.0517606e+29
      25550.0   1.0452226e+29
      25650.0   1.0480998e+29
      25750.0   1.0640179e+29
      25850.0   1.0328863e+29
      25950.0   1.0444422e+29
      26050.0   1.0490266e+29
      26150.0   1.0306141e+29
      26250.0   1.1369853e+29
      26350.0   1.0325124e+29
      26450.0   1.0305910e+29
      26550.0   1.0196712e+29
      26650.0   1.0076977e+29
      26750.0   1.0166363e+29
      26850.0   1.0164342e+29
      26950.0   1.0004684e+29
      27050.0   1.0066360e+29
      27150.0   1.0016182e+29
      27250.0   1.0021608e+29
      27350.0   9.8472610e+28
      27450.0   9.8893095e+28
      27550.0   9.8264834e+28
      27650.0   9.7819278e+28
      27750.0   9.6980370e+28
      27850.0   9.7197040e+28
      27950.0   9.7306047e+28
      28050.0   9.6668581e+28
      28150.0   9.5568510e+28
      28250.0   9.5415053e+28
      28350.0   9.5317124e+28
      28450.0   9.4529999e+28
      28550.0   9.3359995e+28
      28650.0   9.2280000e+28
      28750.0   9.0729996e+28
      28850.0   9.0499998e+28
      28950.0   8.9579996e+28
      29050.0   8.8560003e+28
      29150.0   8.7759996e+28
      29250.0   8.6390000e+28
      29350.0   8.5960000e+28
      29450.0   8.4709999e+28
      29550.0   8.3849999e+28
      29650.0   8.3169997e+28
      29750.0   8.2269999e+28
      29850.0   8.1230002e+28
      29950.0   8.0349998e+28
      30050.0   7.9500001e+28
      30150.0   7.8900001e+28
      30250.0   7.7999998e+28
      30350.0   7.6519999e+28
      30450.0   7.6349998e+28
      30550.0   7.5770002e+28
      30650.0   7.5070001e+28
      30750.0   7.4479998e+28
      30850.0   7.3619998e+28
      30950.0   7.2990001e+28
      31050.0   7.2490002e+28
      31150.0   7.1460002e+28
      31250.0   7.1020000e+28
      31350.0   7.0360002e+28
      31450.0   6.9660001e+28
      31550.0   6.8910000e+28
      31650.0   6.8209998e+28
      31750.0   6.7709999e+28
      31850.0   6.7059998e+28
      31950.0   6.6509998e+28
      32100.0   6.5510000e+28
      32300.0   6.4239999e+28
      32500.0   6.3020000e+28
      32700.0   6.1760001e+28
      32900.0   6.0160002e+28
      33100.0   5.9240000e+28
      33300.0   5.8079998e+28
      33500.0   5.7049998e+28
      33700.0   5.5859999e+28
      33900.0   5.4659999e+28
      34100.0   5.3520001e+28
      34300.0   5.2540001e+28
      34500.0   5.1499999e+28
      34700.0   5.0439998e+28
      34900.0   4.9430002e+28
      35100.0   4.8459999e+28
      35300.0   4.7410000e+28
      35500.0   4.6500000e+28
      35700.0   4.5520000e+28
      35900.0   4.4640001e+28
      36100.0   4.3770000e+28
      36300.0   4.2940001e+28
      36500.0   4.1950000e+28
      36700.0   4.1170002e+28
      36900.0   4.0180000e+28
      37100.0   3.9400000e+28
      37300.0   3.8680000e+28
      37500.0   3.7659999e+28
      37700.0   3.7260000e+28
      37900.0   3.6520001e+28
      38100.0   3.5800001e+28
      38300.0   3.5180001e+28
      38500.0   3.4559999e+28
      38700.0   3.3810000e+28
      38900.0   3.3180001e+28
      39100.0   3.2520001e+28
      39300.0   3.1990000e+28
      39500.0   3.1300001e+28
      39700.0   3.0729999e+28
      39900.0   3.0040000e+28
      40100.0   2.9529999e+28
      40300.0   2.9010019e+28
      40500.0   4.3627309e+28
      40700.0   2.7980338e+28
      40900.0   2.7500000e+28
      41100.0   2.7029999e+28
      41300.0   2.6570001e+28
      41500.0   2.6059999e+28
      41700.0   2.5519999e+28
      41900.0   2.5140000e+28
      42100.0   2.4669999e+28
      42300.0   2.4330000e+28
      42500.0   2.3860000e+28
      42700.0   2.3490000e+28
      42900.0   2.2290000e+28
      43100.0   2.1230001e+28
      43300.0   2.1300000e+28
      43500.0   2.0260001e+28
      43700.0   1.9710000e+28
      43900.0   1.9340000e+28
      44100.0   1.8400000e+28
      44300.0   1.8260000e+28
      44500.0   1.7850000e+28
      44700.0   1.7100000e+28
      44900.0   1.7210000e+28
      45100.0   1.6740001e+28
      45300.0   1.6190000e+28
      45500.0   1.6180000e+28
      45700.0   1.5950001e+28
      45900.0   1.5330000e+28
      46100.0   1.5450000e+28
      46300.0   1.5090000e+28
      46500.0   1.4860000e+28
      46700.0   1.4730000e+28
      46900.0   1.4520000e+28
      47100.0   1.4230000e+28
      47300.0   1.4260000e+28
      47500.0   1.3960000e+28
      47700.0   1.3770000e+28
      47900.0   1.3579999e+28
      48100.0   1.3270000e+28
      48300.0   1.3330000e+28
      48500.0   1.3070000e+28
      48700.0   1.2810000e+28
      48900.0   1.2680000e+28
      49100.0   1.2470000e+28
      49300.0   1.2300000e+28
      49500.0   1.2100000e+28
      49700.0   1.2020000e+28
      49900.0   1.1830000e+28
      50100.0   1.1710000e+28
      50300.0   1.1550001e+28
      50500.0   1.1290000e+28
      50700.0   1.1190000e+28
      50900.0   1.1060000e+28
      51100.0   1.0860000e+28
      51300.0   1.0710000e+28
      51500.0   1.0580000e+28
      51700.0   1.0550000e+28
      51900.0   1.0350000e+28
      52100.0   1.0210000e+28
      52300.0   1.0059999e+28
      52500.0   9.9820001e+27
      52700.0   9.9500002e+27
      52900.0   9.6950001e+27
      53100.0   9.5550002e+27
      53300.0   9.4879999e+27
      53500.0   9.3669999e+27
      53700.0   9.2570000e+27
      53900.0   9.1579997e+27
      54100.0   9.0440000e+27
      54300.0   8.8849997e+27
      54500.0   8.8430002e+27
      54700.0   8.6869997e+27
      54900.0   8.6089998e+27
      55100.0   8.4709999e+27
      55300.0   8.5009999e+27
      55500.0   8.2710000e+27
      55700.0   8.2569999e+27
      55900.0   8.1130002e+27
      56100.0   8.0629998e+27
      56300.0   7.9040001e+27
      56500.0   7.8700002e+27
      56700.0   7.7670001e+27
      56900.0   7.6219999e+27
      57100.0   7.5949997e+27
      57300.0   7.5050003e+27
      57500.0   7.4099998e+27
      57700.0   7.3130001e+27
      57900.0   7.2630002e+27
      58100.0   7.1529998e+27
      58300.0   7.0749999e+27
      58500.0   6.9900002e+27
      58700.0   6.8809998e+27
      58900.0   6.8100002e+27
      59100.0   6.7109999e+27
      59300.0   6.6669998e+27
      59500.0   6.5729999e+27
      59700.0   6.5220001e+27
      59900.0   6.4460001e+27
      60100.0   6.3720001e+27
      60300.0   6.2950001e+27
      60500.0   6.2030002e+27
      60700.0   6.1369998e+27
      60900.0   6.0630003e+27
      61100.0   5.9859997e+27
      61300.0   5.9310001e+27
      61500.0   5.8680002e+27
      61700.0   5.8159999e+27
      61900.0   5.7439997e+27
      62100.0   5.6880001e+27
      62300.0   5.6100002e+27
      62500.0   5.5309997e+27
      62700.0   5.4720003e+27
      62900.0   5.4130002e+27
      63100.0   5.3500003e+27
      63300.0   5.3060002e+27
      63500.0   5.2360000e+27
      63700.0   5.1949998e+27
      63900.0   5.1150000e+27
      64200.0   5.0409999e+27
      64600.0   4.9220001e+27
      65000.0   4.8160001e+27
      65400.0   4.7079999e+27
      65800.0   4.6110001e+27
      66200.0   4.5060000e+27
      66600.0   4.4090000e+27
      67000.0   4.3160001e+27
      67400.0   4.2190000e+27
      67800.0   4.1280000e+27
      68200.0   4.0380000e+27
      68600.0   3.9549999e+27
      69000.0   3.8680001e+27
      69400.0   3.7870000e+27
      69800.0   3.7070001e+27
      70200.0   3.6280000e+27
      70600.0   3.5529999e+27
      71000.0   3.4779999e+27
      71400.0   3.4070000e+27
      71800.0   3.3350001e+27
      72200.0   3.2680001e+27
      72600.0   3.2000001e+27
      73000.0   3.1350000e+27
      73400.0   3.0700001e+27
      73800.0   3.0090001e+27
      74200.0   2.9430000e+27
      74600.0   2.8770000e+27
      75000.0   2.8200001e+27
      75400.0   2.7700000e+27
      75800.0   2.7170000e+27
      76200.0   2.6640000e+27
      76600.0   2.6119999e+27
      77000.0   2.5599999e+27
      77400.0   2.5110000e+27
      77800.0   2.4620000e+27
      78200.0   2.4150001e+27
      78600.0   2.3689999e+27
      79000.0   2.3240001e+27
      79400.0   2.2800000e+27
      79800.0   2.2370001e+27
      80200.0   2.1940000e+27
      80600.0   2.1529999e+27
      81000.0   2.1140000e+27
      81400.0   2.0740001e+27
      81800.0   2.0360001e+27
      82200.0   1.9990000e+27
      82600.0   1.9620000e+27
      83000.0   1.9270000e+27
      83400.0   1.8909999e+27
      83800.0   1.8580000e+27
      84200.0   1.8250000e+27
      84600.0   1.7920000e+27
      85000.0   1.7600000e+27
      85400.0   1.7290000e+27
      85800.0   1.6990000e+27
      86200.0   1.6690000e+27
      86600.0   1.6410001e+27
      87000.0   1.6120000e+27
      87400.0   1.5840001e+27
      87800.0   1.5569999e+27
      88200.0   1.5300000e+27
      88600.0   1.5039999e+27
      89000.0   1.4780001e+27
      89400.0   1.4540000e+27
      89800.0   1.4290001e+27
      90200.0   1.4050000e+27
      90600.0   1.3820000e+27
      91000.0   1.3580000e+27
      91400.0   1.3350000e+27
      91800.0   1.3139999e+27
      92200.0   1.2930000e+27
      92600.0   1.2710000e+27
      93000.0   1.2510000e+27
      93400.0   1.2300000e+27
      93800.0   1.2110000e+27
      94200.0   1.1910000e+27
      94600.0   1.1720000e+27
      95000.0   1.1540000e+27
      95400.0   1.1360000e+27
      95800.0   1.1180000e+27
      96200.0   1.1000000e+27
      96600.0   1.0830000e+27
      97000.0   1.0660000e+27
      97400.0   1.0490000e+27
      97800.0   1.0330000e+27
      98200.0   1.0180000e+27
      98600.0   1.0020000e+27
      99000.0   9.8710003e+26
      99400.0   9.7199997e+26
      99800.0   9.5729998e+26
      100200.   9.4290001e+26
      200000.   7.1879998e+25
      400000.   7.2050002e+24
      600000.   2.3660000e+24
      800000.   1.1910000e+24
  1.00000e+06   7.2920001e+23
  1.20000e+06   5.0349999e+23
  1.40000e+06   3.7039999e+23
  1.60000e+06   2.8480000e+23
