      91.0000      0.00000
      94.0000      0.00000
      96.0000      0.00000
      98.0000      0.00000
      100.000      0.00000
      102.000      0.00000
      104.000      0.00000
      106.000      0.00000
      108.000      0.00000
      110.000      0.00000
      114.000      0.00000
      118.000      0.00000
      121.000      0.00000
      125.000      0.00000
      127.000      0.00000
      128.000      0.00000
      131.000      0.00000
      132.000      0.00000
      134.000      0.00000
      137.000      0.00000
      140.000      0.00000
      143.000      0.00000
      147.000      0.00000
      151.000      0.00000
      155.000      0.00000
      159.000      0.00000
      162.000      0.00000
      166.000      0.00000
      170.000      0.00000
      173.000      0.00000
      177.000      0.00000
      180.000      0.00000
      182.000      0.00000
      186.000      0.00000
      191.000      0.00000
      194.000      0.00000
      198.000      0.00000
      202.000      0.00000
      205.000      0.00000
      210.000      0.00000
      216.000      0.00000
      220.000      0.00000
      223.000      0.00000
      227.000      0.00000
      230.000      0.00000
      234.000      0.00000
      240.000      0.00000
      246.000      0.00000
      252.000      0.00000
      257.000      0.00000
      260.000      0.00000
      264.000      0.00000
      269.000      0.00000
      274.000      0.00000
      279.000      0.00000
      284.000      0.00000
      290.000      0.00000
      296.000      0.00000
      301.000      0.00000
      308.000      0.00000
      318.000      0.00000
      328.000      0.00000
      338.000      0.00000
      348.000      0.00000
      357.000      0.00000
      366.000      0.00000
      375.000      0.00000
      385.000      0.00000
      395.000      0.00000
      405.000      0.00000
      414.000      0.00000
      422.000      0.00000
      430.000      0.00000
      441.000      0.00000
      451.000      0.00000
      460.000      0.00000
      470.000      0.00000
      480.000      0.00000
      490.000      0.00000
      500.000      0.00000
      506.000      0.00000
      512.000      0.00000
      520.000      0.00000
      530.000      0.00000
      540.000      0.00000
      550.000      0.00000
      560.000      0.00000
      570.000      0.00000
      580.000      0.00000
      590.000      0.00000
      600.000      0.00000
      610.000      0.00000
      620.000      0.00000
      630.000      0.00000
      640.000      0.00000
      650.000      0.00000
      658.000      0.00000
      665.000      0.00000
      675.000      0.00000
      685.000      0.00000
      695.000      0.00000
      705.000      0.00000
      716.000      0.00000
      726.000      0.00000
      735.000      0.00000
      745.000      0.00000
      755.000      0.00000
      765.000      0.00000
      775.000      0.00000
      785.000      0.00000
      795.000      0.00000
      805.000      0.00000
      815.000      0.00000
      825.000      0.00000
      835.000      0.00000
      845.000      0.00000
      855.000      0.00000
      865.000      0.00000
      875.000      0.00000
      885.000      0.00000
      895.000      0.00000
      905.000      0.00000
      915.000  2.09600e+27
      925.000  2.65500e+27
      935.000  3.13000e+27
      945.000  3.60800e+27
      955.000  3.79000e+27
      965.000  3.98900e+27
      975.000  2.70100e+27
      985.000  3.59100e+27
      995.000  3.37300e+27
      1005.00  3.55600e+27
      1015.00  3.51000e+27
      1025.00  2.81400e+27
      1035.00  3.24200e+27
      1045.00  3.55900e+27
      1055.00  3.43200e+27
      1065.00  3.15800e+27
      1075.00  3.20900e+27
      1085.00  2.96000e+27
      1095.00  3.12500e+27
      1105.00  2.99300e+27
      1115.00  2.92700e+27
      1125.00  2.71500e+27
      1135.00  2.84200e+27
      1145.00  2.72900e+27
      1155.00  2.67900e+27
      1165.00  2.61400e+27
      1175.00  2.19300e+27
      1185.00  2.46700e+27
      1195.00  2.32700e+27
      1205.00  2.14900e+27
      1215.00  1.78500e+27
      1225.00  2.23800e+27
      1235.00  2.38400e+27
      1245.00  2.47400e+27
      1255.00  2.53500e+27
      1265.00  2.53500e+27
      1275.00  2.59800e+27
      1285.00  2.61800e+27
      1295.00  2.53200e+27
      1305.00  2.54900e+27
      1315.00  2.61600e+27
      1325.00  2.56200e+27
      1335.00  2.50200e+27
      1345.00  2.54100e+27
      1355.00  2.51400e+27
      1365.00  2.45400e+27
      1375.00  2.43600e+27
      1385.00  2.42600e+27
      1395.00  2.21400e+27
      1405.00  2.17100e+27
      1415.00  2.35000e+27
      1425.00  2.29200e+27
      1435.00  2.30400e+27
      1442.00  2.29700e+27
      1447.00  2.28000e+27
      1455.00  2.24700e+27
      1465.00  2.20300e+27
      1475.00  2.18800e+27
      1485.00  2.17800e+27
      1495.00  2.15200e+27
      1505.00  2.11300e+27
      1512.00  2.06000e+27
      1517.00  2.06200e+27
      1525.00  2.06500e+27
      1535.00  1.98900e+27
      1545.00  1.92600e+27
      1555.00  1.94400e+27
      1565.00  1.99500e+27
      1575.00  2.17800e+27
      1585.00  2.36000e+27
      1595.00  2.49300e+27
      1605.00  2.36600e+27
      1615.00  2.47600e+27
      1625.00  2.37800e+27
      1635.00  2.50300e+27
      1645.00  3.05900e+27
      1655.00  2.38600e+27
      1665.00  3.37700e+27
      1672.00  2.66300e+27
      1677.00  7.42900e+27
      1685.00  7.74000e+27
      1695.00  6.61900e+27
      1705.00  7.77300e+27
      1715.00  1.02300e+28
      1725.00  1.11500e+28
      1735.00  1.31200e+28
      1745.00  1.29200e+28
      1755.00  1.54000e+28
      1765.00  1.16100e+28
      1775.00  1.44700e+28
      1785.00  1.55900e+28
      1795.00  1.96000e+28
      1805.00  1.98500e+28
      1815.00  2.13600e+28
      1825.00  1.94200e+28
      1835.00  1.96900e+28
      1845.00  1.51900e+28
      1855.00  1.89000e+28
      1865.00  2.31200e+28
      1875.00  2.20900e+28
      1885.00  2.29700e+28
      1895.00  2.55400e+28
      1905.00  2.41400e+28
      1915.00  2.66200e+28
      1925.00  2.52300e+28
      1935.00  1.73900e+28
      1945.00  2.91400e+28
      1955.00  3.03600e+28
      1967.00  3.46500e+28
      1976.00  3.30500e+28
      1984.00  3.33900e+28
      1995.00  3.31600e+28
      2005.00  3.04000e+28
      2015.00  3.19600e+28
      2025.00  2.72800e+28
      2035.00  3.42900e+28
      2045.00  3.79900e+28
      2055.00  3.74600e+28
      2065.00  3.55800e+28
      2074.00  4.22500e+28
      2078.00  4.74400e+28
      2085.00  4.73400e+28
      2095.00  4.47300e+28
      2105.00  4.17100e+28
      2115.00  4.50500e+28
      2125.00  4.31500e+28
      2135.00  3.78800e+28
      2145.00  4.58300e+28
      2155.00  4.52600e+28
      2165.00  4.12700e+28
      2175.00  4.15500e+28
      2185.00  4.68600e+28
      2195.00  5.12400e+28
      2205.00  4.84800e+28
      2215.00  4.22100e+28
      2225.00  4.44000e+28
      2235.00  5.44800e+28
      2245.00  5.02100e+28
      2255.00  4.35300e+28
      2265.00  4.22900e+28
      2275.00  4.60000e+28
      2285.00  5.26400e+28
      2295.00  4.64900e+28
      2305.00  5.22200e+28
      2315.00  5.01700e+28
      2325.00  4.12600e+28
      2335.00  4.04300e+28
      2345.00  3.02800e+28
      2355.00  4.86500e+28
      2365.00  3.32000e+28
      2375.00  4.22500e+28
      2385.00  2.65100e+28
      2395.00  3.31400e+28
      2405.00  3.30400e+28
      2415.00  3.55000e+28
      2425.00  5.13400e+28
      2435.00  4.99300e+28
      2445.00  5.66800e+28
      2455.00  5.71200e+28
      2465.00  5.64700e+28
      2475.00  4.96800e+28
      2485.00  4.21200e+28
      2495.00  4.31300e+28
      2505.00  5.90000e+28
      2513.00  3.82400e+28
      2518.00  2.95100e+28
      2525.00  3.05800e+28
      2535.00  3.84200e+28
      2545.00  4.10500e+28
      2555.00  5.48400e+28
      2565.00  4.85700e+28
      2575.00  5.74500e+28
      2585.00  5.52800e+28
      2595.00  5.24900e+28
      2605.00  4.73600e+28
      2615.00  4.25100e+28
      2625.00  5.60900e+28
      2635.00  6.98000e+28
      2645.00  8.90900e+28
      2655.00  1.03600e+29
      2665.00  8.12000e+28
      2675.00  8.98200e+28
      2685.00  9.63600e+28
      2695.00  7.85500e+28
      2705.00  8.82900e+28
      2715.00  7.22400e+28
      2725.00  6.91800e+28
      2735.00  7.93400e+28
      2745.00  5.26100e+28
      2755.00  6.39100e+28
      2765.00  7.63400e+28
      2775.00  8.29700e+28
      2785.00  6.21000e+28
      2795.00  2.39000e+28
      2805.00  3.11500e+28
      2815.00  8.18100e+28
      2825.00  9.87000e+28
      2835.00  9.49600e+28
      2845.00  8.21900e+28
      2855.00  6.01400e+28
      2865.00  9.50800e+28
      2875.00  1.05900e+29
      2885.00  1.01800e+29
      2895.00  1.07300e+29
      2910.00  1.31400e+29
      2930.00  1.21900e+29
      2950.00  1.17600e+29
      2970.00  1.21400e+29
      2990.00  1.23800e+29
      3010.00  1.25800e+29
      3030.00  1.29300e+29
      3050.00  1.34400e+29
      3070.00  1.38200e+29
      3090.00  1.37700e+29
      3110.00  1.44300e+29
      3130.00  1.39100e+29
      3150.00  1.39200e+29
      3170.00  1.47100e+29
      3190.00  1.34700e+29
      3210.00  1.45000e+29
      3230.00  1.31800e+29
      3250.00  1.58700e+29
      3270.00  1.75800e+29
      3290.00  1.74100e+29
      3310.00  1.70600e+29
      3330.00  1.71300e+29
      3350.00  1.67200e+29
      3370.00  1.43700e+29
      3390.00  1.55700e+29
      3410.00  1.58600e+29
      3430.00  1.68100e+29
      3450.00  1.70900e+29
      3470.00  1.74500e+29
      3490.00  1.84800e+29
      3510.00  1.92900e+29
      3530.00  1.81500e+29
      3550.00  2.01100e+29
      3570.00  1.65700e+29
      3590.00  1.63600e+29
      3610.00  1.84500e+29
      3630.00  1.88700e+29
      3640.00  1.93300e+29
      3650.00  2.08200e+29
      3670.00  2.09800e+29
      3690.00  1.98800e+29
      3710.00  2.15600e+29
      3730.00  1.78100e+29
      3750.00  2.01000e+29
      3770.00  2.28700e+29
      3790.00  2.40400e+29
      3810.00  2.46000e+29
      3830.00  1.82400e+29
      3850.00  2.29600e+29
      3870.00  2.31000e+29
      3890.00  2.24100e+29
      3910.00  2.70900e+29
      3930.00  1.72800e+29
      3950.00  2.53900e+29
      3970.00  1.80700e+29
      3990.00  3.08900e+29
      4010.00  3.30900e+29
      4030.00  3.29600e+29
      4050.00  3.22700e+29
      4070.00  3.13300e+29
      4090.00  3.38000e+29
      4110.00  3.12600e+29
      4130.00  3.33200e+29
      4150.00  3.32000e+29
      4170.00  3.35900e+29
      4190.00  3.28000e+29
      4210.00  3.30700e+29
      4230.00  3.23000e+29
      4250.00  3.28100e+29
      4270.00  3.16500e+29
      4290.00  3.01500e+29
      4310.00  2.68100e+29
      4330.00  3.30400e+29
      4350.00  3.14300e+29
      4370.00  3.53100e+29
      4390.00  3.33600e+29
      4410.00  3.48400e+29
      4430.00  3.69400e+29
      4450.00  3.68700e+29
      4470.00  3.82800e+29
      4490.00  3.89900e+29
      4510.00  4.19300e+29
      4530.00  3.86900e+29
      4550.00  3.96700e+29
      4570.00  4.17300e+29
      4590.00  4.01800e+29
      4610.00  4.11300e+29
      4630.00  4.06500e+29
      4650.00  4.09500e+29
      4670.00  4.19300e+29
      4690.00  4.15100e+29
      4710.00  4.06000e+29
      4730.00  4.16100e+29
      4750.00  4.23300e+29
      4770.00  4.20200e+29
      4790.00  4.19000e+29
      4810.00  4.18400e+29
      4830.00  4.21500e+29
      4850.00  4.00200e+29
      4870.00  3.65000e+29
      4890.00  4.11400e+29
      4910.00  4.13100e+29
      4930.00  4.07000e+29
      4950.00  4.19300e+29
      4970.00  4.18800e+29
      4990.00  3.97800e+29
      5010.00  3.83900e+29
      5030.00  4.01400e+29
      5050.00  3.99100e+29
      5070.00  4.11000e+29
      5090.00  3.96800e+29
      5110.00  4.02300e+29
      5130.00  3.93200e+29
      5150.00  3.82200e+29
      5170.00  3.66700e+29
      5190.00  3.74800e+29
      5210.00  3.87500e+29
      5230.00  4.01600e+29
      5250.00  4.12100e+29
      5270.00  3.81000e+29
      5290.00  4.13900e+29
      5310.00  4.27600e+29
      5330.00  3.96000e+29
      5350.00  4.18800e+29
      5370.00  4.15900e+29
      5390.00  4.10500e+29
      5410.00  4.04600e+29
      5430.00  4.08100e+29
      5450.00  4.15900e+29
      5470.00  4.10700e+29
      5490.00  4.11500e+29
      5510.00  4.09300e+29
      5530.00  4.16800e+29
      5550.00  4.20300e+29
      5570.00  4.11900e+29
      5590.00  4.06200e+29
      5610.00  4.13600e+29
      5630.00  4.14200e+29
      5650.00  4.16800e+29
      5670.00  4.08700e+29
      5690.00  4.16600e+29
      5710.00  4.05300e+29
      5730.00  4.26400e+29
      5750.00  4.17000e+29
      5770.00  4.19100e+29
      5790.00  4.09500e+29
      5810.00  4.17700e+29
      5830.00  4.23600e+29
      5850.00  4.14700e+29
      5870.00  4.14400e+29
      5890.00  3.83800e+29
      5910.00  4.08600e+29
      5930.00  4.10100e+29
      5950.00  4.09900e+29
      5970.00  4.13300e+29
      5990.00  4.09000e+29
      6010.00  4.04100e+29
      6030.00  4.09200e+29
      6050.00  4.14200e+29
      6070.00  4.11500e+29
      6090.00  4.03200e+29
      6110.00  4.03000e+29
      6130.00  3.88000e+29
      6150.00  3.95100e+29
      6170.00  3.82400e+29
      6190.00  3.96200e+29
      6210.00  3.94000e+29
      6230.00  3.85500e+29
      6250.00  3.76300e+29
      6270.00  3.88500e+29
      6290.00  3.91200e+29
      6310.00  3.84000e+29
      6330.00  3.87400e+29
      6350.00  3.88800e+29
      6370.00  3.87600e+29
      6390.00  3.89200e+29
      6410.00  3.82200e+29
      6430.00  3.84400e+29
      6450.00  3.83000e+29
      6470.00  3.81200e+29
      6490.00  3.74700e+29
      6510.00  3.83200e+29
      6530.00  3.83000e+29
      6550.00  3.70500e+29
      6570.00  3.41000e+29
      6590.00  3.74800e+29
      6610.00  3.78900e+29
      6630.00  3.78000e+29
      6650.00  3.76800e+29
      6670.00  3.71500e+29
      6690.00  3.76000e+29
      6710.00  3.66800e+29
      6730.00  3.72200e+29
      6750.00  3.67400e+29
      6770.00  3.68300e+29
      6790.00  3.66100e+29
      6810.00  3.65600e+29
      6830.00  3.67700e+29
      6850.00  3.61100e+29
      6870.00  3.63800e+29
      6890.00  3.66800e+29
      6910.00  3.64900e+29
      6930.00  3.63200e+29
      6950.00  3.61500e+29
      6970.00  3.63600e+29
      6990.00  3.61700e+29
      7010.00  3.57400e+29
      7030.00  3.60900e+29
      7050.00  3.61200e+29
      7070.00  3.55400e+29
      7090.00  3.50100e+29
      7110.00  3.45800e+29
      7130.00  3.41100e+29
      7150.00  3.40000e+29
      7170.00  3.42400e+29
      7190.00  3.35100e+29
      7210.00  3.39400e+29
      7230.00  3.43500e+29
      7250.00  3.43800e+29
      7270.00  3.44300e+29
      7290.00  3.39800e+29
      7310.00  3.44400e+29
      7330.00  3.44500e+29
      7350.00  3.45600e+29
      7370.00  3.50000e+29
      7390.00  3.44700e+29
      7410.00  3.41100e+29
      7430.00  3.46900e+29
      7450.00  3.47100e+29
      7470.00  3.49000e+29
      7490.00  3.47400e+29
      7510.00  3.48800e+29
      7530.00  3.50900e+29
      7550.00  3.51900e+29
      7570.00  3.49900e+29
      7590.00  3.46100e+29
      7610.00  3.43500e+29
      7630.00  3.39200e+29
      7650.00  3.35800e+29
      7670.00  3.25900e+29
      7690.00  3.31500e+29
      7710.00  3.26000e+29
      7730.00  3.26900e+29
      7750.00  3.24300e+29
      7770.00  3.27700e+29
      7790.00  3.27600e+29
      7810.00  3.27600e+29
      7830.00  3.24700e+29
      7850.00  3.22400e+29
      7870.00  3.25200e+29
      7890.00  3.21700e+29
      7910.00  3.16300e+29
      7930.00  3.15800e+29
      7950.00  3.13800e+29
      7970.00  3.20200e+29
      7990.00  3.19600e+29
      8010.00  3.22800e+29
      8030.00  3.23000e+29
      8050.00  3.21600e+29
      8070.00  3.23300e+29
      8090.00  3.20900e+29
      8110.00  3.22800e+29
      8130.00  3.25700e+29
      8150.00  3.26500e+29
      8170.00  3.27100e+29
      8190.00  3.21000e+29
      8210.00  3.19900e+29
      8230.00  3.20300e+29
      8250.00  3.20200e+29
      8270.00  3.21600e+29
      8290.00  3.19400e+29
      8310.00  3.13900e+29
      8330.00  3.10400e+29
      8350.00  3.12000e+29
      8370.00  3.11900e+29
      8390.00  3.04200e+29
      8410.00  3.10100e+29
      8430.00  3.01500e+29
      8450.00  2.99700e+29
      8470.00  2.97800e+29
      8490.00  2.97800e+29
      8510.00  2.86000e+29
      8530.00  2.96200e+29
      8550.00  2.66500e+29
      8570.00  3.01000e+29
      8590.00  2.97700e+29
      8610.00  2.97900e+29
      8630.00  3.01500e+29
      8650.00  3.00200e+29
      8670.00  2.69100e+29
      8690.00  2.95200e+29
      8710.00  3.01500e+29
      8730.00  3.02100e+29
      8750.00  2.96300e+29
      8770.00  3.01900e+29
      8790.00  3.02800e+29
      8810.00  2.98800e+29
      8830.00  2.99400e+29
      8850.00  2.98900e+29
      8870.00  2.90600e+29
      8890.00  2.97000e+29
      8910.00  2.98100e+29
      8930.00  2.94900e+29
      8950.00  2.94000e+29
      8970.00  2.94700e+29
      8990.00  2.94800e+29
      9010.00  2.84300e+29
      9030.00  2.92600e+29
      9050.00  2.97200e+29
      9070.00  2.96000e+29
      9090.00  2.90500e+29
      9110.00  2.93600e+29
      9130.00  2.95400e+29
      9150.00  2.94200e+29
      9170.00  2.93700e+29
      9190.00  2.94600e+29
      9210.00  2.86600e+29
      9230.00  2.78900e+29
      9250.00  2.81500e+29
      9270.00  2.82300e+29
      9290.00  2.80200e+29
      9310.00  2.81000e+29
      9330.00  2.80700e+29
      9350.00  2.78900e+29
      9370.00  2.75700e+29
      9390.00  2.78600e+29
      9410.00  2.73900e+29
      9430.00  2.77800e+29
      9450.00  2.75300e+29
      9470.00  2.78100e+29
      9490.00  2.77700e+29
      9510.00  2.75400e+29
      9530.00  2.74900e+29
      9550.00  2.67600e+29
      9570.00  2.72500e+29
      9590.00  2.75100e+29
      9610.00  2.72400e+29
      9630.00  2.72700e+29
      9650.00  2.68900e+29
      9670.00  2.68800e+29
      9690.00  2.71100e+29
      9710.00  2.68600e+29
      9730.00  2.66900e+29
      9750.00  2.66100e+29
      9770.00  2.66500e+29
      9790.00  2.63700e+29
      9810.00  2.67200e+29
      9830.00  2.65600e+29
      9850.00  2.66200e+29
      9870.00  2.64600e+29
      9890.00  2.63900e+29
      9910.00  2.62700e+29
      9930.00  2.63000e+29
      9950.00  2.62700e+29
      9970.00  2.62300e+29
      9990.00  2.61500e+29
      10025.0  2.58900e+29
      10075.0  2.55100e+29
      10125.0  2.56600e+29
      10175.0  2.53300e+29
      10225.0  2.52600e+29
      10275.0  2.52000e+29
      10325.0  2.48300e+29
      10375.0  2.46300e+29
      10425.0  2.46400e+29
      10475.0  2.42900e+29
      10525.0  2.41000e+29
      10575.0  2.37100e+29
      10625.0  2.34900e+29
      10675.0  2.31800e+29
      10725.0  2.32200e+29
      10775.0  2.30100e+29
      10825.0  2.27100e+29
      10875.0  2.26100e+29
      10925.0  2.24000e+29
      10975.0  2.22500e+29
      11025.0  2.21900e+29
      11075.0  2.19500e+29
      11125.0  2.17900e+29
      11175.0  2.15700e+29
      11225.0  2.15200e+29
      11275.0  2.12200e+29
      11325.0  2.11200e+29
      11375.0  2.09200e+29
      11425.0  2.06900e+29
      11475.0  2.08000e+29
      11525.0  2.06900e+29
      11575.0  2.04300e+29
      11625.0  2.01100e+29
      11675.0  2.00500e+29
      11725.0  2.00600e+29
      11775.0  1.96500e+29
      11825.0  1.94700e+29
      11875.0  1.91500e+29
      11925.0  1.93400e+29
      11975.0  1.87800e+29
      12025.0  1.90000e+29
      12075.0  1.88100e+29
      12125.0  1.87800e+29
      12175.0  1.87500e+29
      12225.0  1.86000e+29
      12275.0  1.84300e+29
      12325.0  1.83100e+29
      12375.0  1.82000e+29
      12425.0  1.79900e+29
      12475.0  1.78900e+29
      12525.0  1.77200e+29
      12575.0  1.76200e+29
      12625.0  1.74800e+29
      12675.0  1.73300e+29
      12725.0  1.72800e+29
      12775.0  1.71900e+29
      12825.0  1.66000e+29
      12875.0  1.68800e+29
      12925.0  1.67200e+29
      12975.0  1.67700e+29
      13025.0  1.65900e+29
      13075.0  1.65500e+29
      13125.0  1.62600e+29
      13175.0  1.61700e+29
      13225.0  1.61400e+29
      13275.0  1.58800e+29
      13325.0  1.58700e+29
      13375.0  1.57200e+29
      13425.0  1.57000e+29
      13475.0  1.55600e+29
      13525.0  1.54500e+29
      13575.0  1.52300e+29
      13625.0  1.51300e+29
      13675.0  1.51400e+29
      13725.0  1.51300e+29
      13775.0  1.50500e+29
      13825.0  1.50100e+29
      13875.0  1.48500e+29
      13925.0  1.45800e+29
      13975.0  1.45000e+29
      14025.0  1.43200e+29
      14075.0  1.43700e+29
      14125.0  1.42100e+29
      14175.0  1.42500e+29
      14225.0  1.40600e+29
      14275.0  1.38900e+29
      14325.0  1.40300e+29
      14375.0  1.40300e+29
      14425.0  1.37300e+29
      14475.0  1.39100e+29
      14525.0  1.37400e+29
      14570.0  1.37600e+29
      14620.0  1.36400e+29
      14675.0  1.35700e+29
      14725.0  1.34000e+29
      14775.0  1.34400e+29
      14825.0  1.34200e+29
      14875.0  1.32700e+29
      14925.0  1.34700e+29
      14975.0  1.33300e+29
      15025.0  1.31600e+29
      15075.0  1.31100e+29
      15125.0  1.32700e+29
      15175.0  1.32600e+29
      15225.0  1.32000e+29
      15275.0  1.32300e+29
      15325.0  1.31500e+29
      15375.0  1.31500e+29
      15425.0  1.30700e+29
      15475.0  1.30700e+29
      15525.0  1.29600e+29
      15575.0  1.26500e+29
      15625.0  1.27700e+29
      15675.0  1.26700e+29
      15725.0  1.27600e+29
      15775.0  1.22500e+29
      15825.0  1.23300e+29
      15875.0  1.21600e+29
      15925.0  1.24700e+29
      15975.0  1.22800e+29
      16050.0  1.22200e+29
      16150.0  1.21600e+29
      16250.0  1.19900e+29
      16350.0  1.20900e+29
      16450.0  1.15600e+29
      16550.0  1.17800e+29
      16650.0  1.14200e+29
      16750.0  1.13400e+29
      16850.0  1.10000e+29
      16950.0  1.10700e+29
      17050.0  1.08000e+29
      17150.0  1.06400e+29
      17250.0  1.04200e+29
      17350.0  1.00400e+29
      17450.0  9.99800e+28
      17550.0  9.79600e+28
      17650.0  9.62100e+28
      17750.0  9.38400e+28
      17850.0  9.23500e+28
      17950.0  9.03400e+28
      18050.0  8.81200e+28
      18150.0  8.60400e+28
      18250.0  8.51000e+28
      18350.0  8.37900e+28
      18450.0  8.20800e+28
      18550.0  8.11300e+28
      18650.0  7.91400e+28
      18750.0  7.68000e+28
      18850.0  7.68500e+28
      18950.0  7.44400e+28
      19050.0  7.46800e+28
      19150.0  7.32000e+28
      19250.0  7.21800e+28
      19350.0  7.03300e+28
      19450.0  6.83400e+28
      19550.0  6.83000e+28
      19650.0  6.71400e+28
      19750.0  6.55100e+28
      19850.0  6.47100e+28
      19950.0  6.38500e+28
      20050.0  6.33900e+28
      20150.0  6.25000e+28
      20250.0  6.10600e+28
      20350.0  6.02200e+28
      20450.0  5.99500e+28
      20550.0  5.89900e+28
      20650.0  5.80000e+28
      20750.0  5.73500e+28
      20850.0  5.65600e+28
      20950.0  5.55700e+28
      21050.0  5.52300e+28
      21150.0  5.43400e+28
      21250.0  5.35800e+28
      21350.0  5.31100e+28
      21450.0  5.23800e+28
      21550.0  5.15900e+28
      21650.0  5.03400e+28
      21750.0  4.99200e+28
      21850.0  4.93300e+28
      21950.0  4.87700e+28
      22050.0  4.76300e+28
      22150.0  4.74700e+28
      22250.0  4.64000e+28
      22350.0  4.58500e+28
      22450.0  4.52400e+28
      22550.0  4.46800e+28
      22650.0  4.38100e+28
      22750.0  4.34700e+28
      22850.0  4.26100e+28
      22950.0  3.74400e+28
      23050.0  3.91100e+28
      23150.0  3.87600e+28
      23250.0  3.44200e+28
      23350.0  3.62200e+28
      23450.0  3.54600e+28
      23550.0  3.19800e+28
      23650.0  3.39000e+28
      23750.0  3.31000e+28
      23850.0  3.03600e+28
      23950.0  3.17400e+28
      24050.0  3.14100e+28
      24150.0  2.90600e+28
      24250.0  2.99200e+28
      24350.0  2.95600e+28
      24450.0  2.80900e+28
      24550.0  2.77900e+28
      24650.0  2.81500e+28
      24750.0  2.71900e+28
      24850.0  2.57200e+28
      24950.0  2.58800e+28
      25050.0  2.61700e+28
      25150.0  2.45600e+28
      25250.0  2.50700e+28
      25350.0  2.49900e+28
      25450.0  2.44500e+28
      25550.0  2.41400e+28
      25650.0  2.41000e+28
      25750.0  2.41400e+28
      25850.0  2.32400e+28
      25950.0  2.33700e+28
      26050.0  2.33500e+28
      26150.0  2.28900e+28
      26250.0  2.24400e+28
      26350.0  2.25500e+28
      26450.0  2.23500e+28
      26550.0  2.20100e+28
      26650.0  2.15900e+28
      26750.0  2.17700e+28
      26850.0  2.15200e+28
      26950.0  2.10800e+28
      27050.0  2.10400e+28
      27150.0  2.08000e+28
      27250.0  2.06600e+28
      27350.0  2.02400e+28
      27450.0  2.01700e+28
      27550.0  1.99700e+28
      27650.0  1.97100e+28
      27750.0  1.94200e+28
      27850.0  1.93200e+28
      27950.0  1.92100e+28
      28050.0  1.89600e+28
      28150.0  1.86700e+28
      28250.0  1.85100e+28
      28350.0  1.83800e+28
      28450.0  1.81300e+28
      28550.0  1.79200e+28
      28650.0  1.77200e+28
      28750.0  1.74700e+28
      28850.0  1.73400e+28
      28950.0  1.71600e+28
      29050.0  1.69500e+28
      29150.0  1.67800e+28
      29250.0  1.65100e+28
      29350.0  1.64200e+28
      29450.0  1.61900e+28
      29550.0  1.60200e+28
      29650.0  1.58800e+28
      29750.0  1.57000e+28
      29850.0  1.55000e+28
      29950.0  1.53300e+28
      30050.0  1.51600e+28
      30150.0  1.50300e+28
      30250.0  1.48400e+28
      30350.0  1.46000e+28
      30450.0  1.45300e+28
      30550.0  1.43800e+28
      30650.0  1.42300e+28
      30750.0  1.41100e+28
      30850.0  1.39300e+28
      30950.0  1.38000e+28
      31050.0  1.36900e+28
      31150.0  1.34700e+28
      31250.0  1.33900e+28
      31350.0  1.32600e+28
      31450.0  1.31200e+28
      31550.0  1.29600e+28
      31650.0  1.28200e+28
      31750.0  1.27200e+28
      31850.0  1.25900e+28
      31950.0  1.24700e+28
      32100.0  1.22700e+28
      32300.0  1.20200e+28
      32500.0  1.17800e+28
      32700.0  1.15400e+28
      32900.0  1.12600e+28
      33100.0  1.10700e+28
      33300.0  1.08400e+28
      33500.0  1.06500e+28
      33700.0  1.04300e+28
      33900.0  1.02000e+28
      34100.0  9.99100e+27
      34300.0  9.81600e+27
      34500.0  9.62500e+27
      34700.0  9.42700e+27
      34900.0  9.24200e+27
      35100.0  9.06500e+27
      35300.0  8.87100e+27
      35500.0  8.70700e+27
      35700.0  8.52800e+27
      35900.0  8.36200e+27
      36100.0  8.21000e+27
      36300.0  8.04800e+27
      36500.0  7.87500e+27
      36700.0  7.72100e+27
      36900.0  7.55000e+27
      37100.0  7.39900e+27
      37300.0  7.27300e+27
      37500.0  7.09600e+27
      37700.0  7.00500e+27
      37900.0  6.86600e+27
      38100.0  6.74000e+27
      38300.0  6.62000e+27
      38500.0  6.50000e+27
      38700.0  6.35800e+27
      38900.0  6.24300e+27
      39100.0  6.13000e+27
      39300.0  6.01700e+27
      39500.0  5.88700e+27
      39700.0  5.78100e+27
      39900.0  5.64700e+27
      40100.0  5.55800e+27
      40300.0  5.46500e+27
      40500.0  5.34200e+27
      40700.0  5.26000e+27
      40900.0  5.16700e+27
      41100.0  5.07500e+27
      41300.0  4.98800e+27
      41500.0  4.89400e+27
      41700.0  4.80100e+27
      41900.0  4.71500e+27
      42100.0  4.62400e+27
      42300.0  4.56300e+27
      42500.0  4.47200e+27
      42700.0  4.40100e+27
      42900.0  4.15900e+27
      43100.0  3.92400e+27
      43300.0  3.93400e+27
      43500.0  3.72200e+27
      43700.0  3.61600e+27
      43900.0  3.54000e+27
      44100.0  3.37000e+27
      44300.0  3.32100e+27
      44500.0  3.25700e+27
      44700.0  3.12400e+27
      44900.0  3.13100e+27
      45100.0  3.05100e+27
      45300.0  2.95700e+27
      45500.0  2.95100e+27
      45700.0  2.91200e+27
      45900.0  2.80200e+27
      46100.0  2.82000e+27
      46300.0  2.76100e+27
      46500.0  2.72700e+27
      46700.0  2.71400e+27
      46900.0  2.66600e+27
      47100.0  2.61300e+27
      47300.0  2.62200e+27
      47500.0  2.55900e+27
      47700.0  2.53000e+27
      47900.0  2.50300e+27
      48100.0  2.43600e+27
      48300.0  2.45300e+27
      48500.0  2.40200e+27
      48700.0  2.35200e+27
      48900.0  2.32300e+27
      49100.0  2.29000e+27
      49300.0  2.25900e+27
      49500.0  2.21800e+27
      49700.0  2.20700e+27
      49900.0  2.17200e+27
      50100.0  2.14700e+27
      50300.0  2.11800e+27
      50500.0  2.07100e+27
      50700.0  2.05400e+27
      50900.0  2.02900e+27
      51100.0  1.99100e+27
      51300.0  1.97400e+27
      51500.0  1.94100e+27
      51700.0  1.93600e+27
      51900.0  1.89800e+27
      52100.0  1.87700e+27
      52300.0  1.84500e+27
      52500.0  1.83200e+27
      52700.0  1.82600e+27
      52900.0  1.78000e+27
      53100.0  1.75600e+27
      53300.0  1.74300e+27
      53500.0  1.72100e+27
      53700.0  1.70300e+27
      53900.0  1.68400e+27
      54100.0  1.66400e+27
      54300.0  1.63200e+27
      54500.0  1.62600e+27
      54700.0  1.59800e+27
      54900.0  1.58200e+27
      55100.0  1.55900e+27
      55300.0  1.56500e+27
      55500.0  1.52000e+27
      55700.0  1.52000e+27
      55900.0  1.49300e+27
      56100.0  1.48300e+27
      56300.0  1.45400e+27
      56500.0  1.44800e+27
      56700.0  1.43000e+27
      56900.0  1.40300e+27
      57100.0  1.39900e+27
      57300.0  1.38100e+27
      57500.0  1.36500e+27
      57700.0  1.34600e+27
      57900.0  1.33700e+27
      58100.0  1.31600e+27
      58300.0  1.30200e+27
      58500.0  1.28800e+27
      58700.0  1.26700e+27
      58900.0  1.25500e+27
      59100.0  1.23900e+27
      59300.0  1.22800e+27
      59500.0  1.21100e+27
      59700.0  1.20100e+27
      59900.0  1.18700e+27
      60100.0  1.17300e+27
      60300.0  1.15900e+27
      60500.0  1.14200e+27
      60700.0  1.12900e+27
      60900.0  1.11600e+27
      61100.0  1.10100e+27
      61300.0  1.09100e+27
      61500.0  1.08000e+27
      61700.0  1.06900e+27
      61900.0  1.05600e+27
      62100.0  1.04600e+27
      62300.0  1.03100e+27
      62500.0  1.01700e+27
      62700.0  1.00600e+27
      62900.0  9.95000e+26
      63100.0  9.83100e+26
      63300.0  9.74800e+26
      63500.0  9.61700e+26
      63700.0  9.53700e+26
      63900.0  9.39100e+26
      64200.0  9.25100e+26
      64600.0  9.03300e+26
      65000.0  8.83400e+26
      65400.0  8.63300e+26
      65800.0  8.45000e+26
      66200.0  8.25400e+26
      66600.0  8.07400e+26
      67000.0  7.89900e+26
      67400.0  7.71900e+26
      67800.0  7.55000e+26
      68200.0  7.38200e+26
      68600.0  7.22600e+26
      69000.0  7.06600e+26
      69400.0  6.91400e+26
      69800.0  6.76500e+26
      70200.0  6.61800e+26
      70600.0  6.47900e+26
      71000.0  6.34000e+26
      71400.0  6.20700e+26
      71800.0  6.07500e+26
      72200.0  5.94800e+26
      72600.0  5.82200e+26
      73000.0  5.70200e+26
      73400.0  5.58200e+26
      73800.0  5.46800e+26
      74200.0  5.35200e+26
      74600.0  5.23700e+26
      75000.0  5.13300e+26
      75400.0  5.03100e+26
      75800.0  4.93400e+26
      76200.0  4.83500e+26
      76600.0  4.73800e+26
      77000.0  4.64300e+26
      77400.0  4.55200e+26
      77800.0  4.46300e+26
      78200.0  4.37500e+26
      78600.0  4.29000e+26
      79000.0  4.20600e+26
      79400.0  4.12500e+26
      79800.0  4.04600e+26
      80200.0  3.96700e+26
      80600.0  3.89100e+26
      81000.0  3.81900e+26
      81400.0  3.74600e+26
      81800.0  3.67700e+26
      82200.0  3.60800e+26
      82600.0  3.54100e+26
      83000.0  3.47500e+26
      83400.0  3.41000e+26
      83800.0  3.34700e+26
      84200.0  3.28700e+26
      84600.0  3.22700e+26
      85000.0  3.16900e+26
      85400.0  3.11200e+26
      85800.0  3.05600e+26
      86200.0  3.00200e+26
      86600.0  2.94800e+26
      87000.0  2.89600e+26
      87400.0  2.84500e+26
      87800.0  2.79500e+26
      88200.0  2.74600e+26
      88600.0  2.69800e+26
      89000.0  2.65100e+26
      89400.0  2.60600e+26
      89800.0  2.56000e+26
      90200.0  2.51800e+26
      90600.0  2.47500e+26
      91000.0  2.43100e+26
      91400.0  2.39100e+26
      91800.0  2.35100e+26
      92200.0  2.31300e+26
      92600.0  2.27400e+26
      93000.0  2.23600e+26
      93400.0  2.19900e+26
      93800.0  2.16300e+26
      94200.0  2.12700e+26
      94600.0  2.09200e+26
      95000.0  2.05800e+26
      95400.0  2.02500e+26
      95800.0  1.99300e+26
      96200.0  1.96000e+26
      96600.0  1.92900e+26
      97000.0  1.89900e+26
      97400.0  1.86700e+26
      97800.0  1.83800e+26
      98200.0  1.81000e+26
      98600.0  1.78100e+26
      99000.0  1.75400e+26
      99400.0  1.72600e+26
      99800.0  1.70000e+26
      100200.  1.67300e+26
      200000.  1.11300e+25
      400000.  7.20500e+23
      600000.  1.46400e+23
      800000.  4.80100e+22
  1.00000e+06  2.05800e+22
  1.20000e+06  1.05000e+22
  1.40000e+06  6.04800e+21
  1.60000e+06  3.80600e+21
