      91.0000       0.0000000
      94.0000       0.0000000
      96.0000       0.0000000
      98.0000       0.0000000
      100.000       0.0000000
      102.000       0.0000000
      104.000       0.0000000
      106.000       0.0000000
      108.000       0.0000000
      110.000       0.0000000
      114.000       0.0000000
      118.000       0.0000000
      121.000       0.0000000
      125.000       0.0000000
      127.000       0.0000000
      128.000       0.0000000
      131.000       0.0000000
      132.000       0.0000000
      134.000       0.0000000
      137.000       0.0000000
      140.000       0.0000000
      143.000       0.0000000
      147.000       0.0000000
      151.000       0.0000000
      155.000       0.0000000
      159.000       0.0000000
      162.000       0.0000000
      166.000       0.0000000
      170.000       0.0000000
      173.000       0.0000000
      177.000       0.0000000
      180.000       0.0000000
      182.000       0.0000000
      186.000       0.0000000
      191.000       0.0000000
      194.000       0.0000000
      198.000       0.0000000
      202.000       0.0000000
      205.000       0.0000000
      210.000       0.0000000
      216.000       0.0000000
      220.000       0.0000000
      223.000       0.0000000
      227.000       0.0000000
      230.000       0.0000000
      234.000       0.0000000
      240.000       0.0000000
      246.000       0.0000000
      252.000       0.0000000
      257.000       0.0000000
      260.000       0.0000000
      264.000       0.0000000
      269.000       0.0000000
      274.000       0.0000000
      279.000       0.0000000
      284.000       0.0000000
      290.000       0.0000000
      296.000       0.0000000
      301.000       0.0000000
      308.000       0.0000000
      318.000       0.0000000
      328.000       0.0000000
      338.000       0.0000000
      348.000       0.0000000
      357.000       0.0000000
      366.000       0.0000000
      375.000       0.0000000
      385.000       0.0000000
      395.000       0.0000000
      405.000       0.0000000
      414.000       0.0000000
      422.000       0.0000000
      430.000       0.0000000
      441.000       0.0000000
      451.000       0.0000000
      460.000       0.0000000
      470.000       0.0000000
      480.000       0.0000000
      490.000       0.0000000
      500.000       0.0000000
      506.000       0.0000000
      512.000       0.0000000
      520.000       0.0000000
      530.000       0.0000000
      540.000       0.0000000
      550.000       0.0000000
      560.000       0.0000000
      570.000       0.0000000
      580.000       0.0000000
      590.000       0.0000000
      600.000       0.0000000
      610.000       0.0000000
      620.000       0.0000000
      630.000       0.0000000
      640.000       0.0000000
      650.000       0.0000000
      658.000       0.0000000
      665.000       0.0000000
      675.000       0.0000000
      685.000       0.0000000
      695.000       0.0000000
      705.000       0.0000000
      716.000       0.0000000
      726.000       0.0000000
      735.000       0.0000000
      745.000       0.0000000
      755.000       0.0000000
      765.000       0.0000000
      775.000       0.0000000
      785.000       0.0000000
      795.000       0.0000000
      805.000       0.0000000
      815.000       0.0000000
      825.000       0.0000000
      835.000       0.0000000
      845.000       0.0000000
      855.000       0.0000000
      865.000       0.0000000
      875.000       0.0000000
      885.000       0.0000000
      895.000       0.0000000
      905.000       0.0000000
      915.000   2.5815159e+24
      925.000   6.8022770e+24
      935.000   1.1665485e+25
      945.000   1.6336570e+25
      955.000   2.0342562e+25
      965.000   2.2556445e+25
      975.000   8.2216793e+24
      985.000   1.8279395e+25
      995.000   2.0148254e+25
      1005.00   2.9264868e+25
      1015.00   3.3300136e+25
      1025.00   2.6071392e+25
      1035.00   3.3046283e+25
      1045.00   5.1494118e+25
      1055.00   5.2937589e+25
      1065.00   4.5721561e+25
      1075.00   5.5402521e+25
      1085.00   5.1119667e+25
      1095.00   6.7368723e+25
      1105.00   6.9811155e+25
      1115.00   7.3548404e+25
      1125.00   6.7978266e+25
      1135.00   9.2024437e+25
      1145.00   9.3053129e+25
      1155.00   1.0113592e+26
      1165.00   1.0608403e+26
      1175.00   6.9938617e+25
      1185.00   1.1633880e+26
      1195.00   1.0287334e+26
      1205.00   8.9555230e+25
      1215.00   1.4342866e+27
      1225.00   1.2682912e+26
      1235.00   1.6887641e+26
      1245.00   1.8512460e+26
      1255.00   1.8819834e+26
      1265.00   1.8944385e+26
      1275.00   2.4158633e+26
      1285.00   2.7473949e+26
      1295.00   2.5040326e+26
      1305.00   2.5928701e+26
      1315.00   3.4388839e+26
      1325.00   3.5833786e+26
      1335.00   3.6637364e+26
      1345.00   4.2649210e+26
      1355.00   4.2915423e+26
      1365.00   4.1374389e+26
      1375.00   4.5001165e+26
      1385.00   4.6138842e+26
      1395.00   4.1514782e+26
      1405.00   4.3164726e+26
      1415.00   4.9683874e+26
      1425.00   5.2392190e+26
      1435.00   5.3456191e+26
      1442.00   5.8258449e+26
      1447.00   6.1105597e+26
      1455.00   6.1661495e+26
      1465.00   5.8193574e+26
      1475.00   6.0480586e+26
      1485.00   6.4196929e+26
      1495.00   6.7664557e+26
      1505.00   6.8210954e+26
      1512.00   6.3764906e+26
      1517.00   6.8122632e+26
      1525.00   6.6156613e+26
      1535.00   6.0141004e+26
      1545.00   6.5467893e+26
      1555.00   6.4269287e+26
      1565.00   6.5813693e+26
      1575.00   7.4884599e+26
      1585.00   8.0527245e+26
      1595.00   8.5755903e+26
      1605.00   8.4015060e+26
      1615.00   8.5047777e+26
      1625.00   8.1292838e+26
      1635.00   8.9152196e+26
      1645.00   9.4712973e+26
      1655.00   8.3558971e+26
      1665.00   9.9090174e+26
      1672.00   8.2749807e+26
      1677.00   1.0145135e+27
      1685.00   1.0835941e+27
      1695.00   1.0212646e+27
      1705.00   1.0197099e+27
      1715.00   1.0304974e+27
      1725.00   1.0359972e+27
      1735.00   1.1224907e+27
      1745.00   1.1156333e+27
      1755.00   1.2087878e+27
      1765.00   1.1061472e+27
      1775.00   1.1866845e+27
      1785.00   1.2175644e+27
      1795.00   1.3246302e+27
      1805.00   1.3235120e+27
      1815.00   1.2852816e+27
      1825.00   1.2900750e+27
      1835.00   1.2817725e+27
      1845.00   1.1997502e+27
      1855.00   1.2621260e+27
      1865.00   1.3140592e+27
      1875.00   1.3888407e+27
      1885.00   1.3596992e+27
      1895.00   1.3652163e+27
      1905.00   1.4334613e+27
      1915.00   1.4139411e+27
      1925.00   1.4237837e+27
      1935.00   1.4257775e+27
      1945.00   1.5456108e+27
      1955.00   1.5106178e+27
      1967.00   1.6275007e+27
      1976.00   1.6427061e+27
      1984.00   1.6121906e+27
      1995.00   1.5985214e+27
      2005.00   1.6208449e+27
      2015.00   1.6112869e+27
      2025.00   1.6348168e+27
      2035.00   1.6645582e+27
      2045.00   1.7529204e+27
      2055.00   1.6784751e+27
      2065.00   1.7038644e+27
      2074.00   1.8537184e+27
      2078.00   1.8451160e+27
      2085.00   1.8848420e+27
      2095.00   1.8298018e+27
      2105.00   1.8315511e+27
      2115.00   1.8792190e+27
      2125.00   1.9225717e+27
      2135.00   1.7764080e+27
      2145.00   1.9170565e+27
      2155.00   1.9690982e+27
      2165.00   1.9114347e+27
      2175.00   1.9271993e+27
      2185.00   1.9602089e+27
      2195.00   2.0916682e+27
      2205.00   2.0494421e+27
      2215.00   1.9487495e+27
      2225.00   1.9580894e+27
      2235.00   2.1506498e+27
      2245.00   2.0475003e+27
      2255.00   1.9966763e+27
      2265.00   2.0276511e+27
      2275.00   2.1443048e+27
      2285.00   2.2384713e+27
      2295.00   2.1209156e+27
      2305.00   2.1889161e+27
      2315.00   2.1471299e+27
      2325.00   1.9944707e+27
      2335.00   2.0858891e+27
      2345.00   1.9713350e+27
      2355.00   2.2276805e+27
      2365.00   2.0381309e+27
      2375.00   2.1653859e+27
      2385.00   1.9621635e+27
      2395.00   2.1410366e+27
      2405.00   2.0968907e+27
      2415.00   2.1695933e+27
      2425.00   2.3657517e+27
      2435.00   2.3056410e+27
      2445.00   2.4731855e+27
      2455.00   2.4543381e+27
      2465.00   2.4649629e+27
      2475.00   2.3858084e+27
      2485.00   2.4439389e+27
      2495.00   2.3285797e+27
      2505.00   2.6876803e+27
      2513.00   2.4129777e+27
      2518.00   2.4266364e+27
      2525.00   2.3434835e+27
      2535.00   2.4034840e+27
      2545.00   2.4295769e+27
      2555.00   2.6840042e+27
      2565.00   2.6541280e+27
      2575.00   2.8522355e+27
      2585.00   2.8641308e+27
      2595.00   2.8476870e+27
      2605.00   2.7708429e+27
      2615.00   2.7509125e+27
      2625.00   2.9638127e+27
      2635.00   3.1108195e+27
      2645.00   3.4823169e+27
      2655.00   3.6106112e+27
      2665.00   3.3187178e+27
      2675.00   3.5012093e+27
      2685.00   3.5893886e+27
      2695.00   3.4011985e+27
      2705.00   3.5484630e+27
      2715.00   3.3659437e+27
      2725.00   3.3910239e+27
      2735.00   3.6355479e+27
      2745.00   3.1487155e+27
      2755.00   3.2992912e+27
      2765.00   3.5203649e+27
      2775.00   3.7235374e+27
      2785.00   3.5045713e+27
      2795.00   2.6047895e+27
      2805.00   2.8700136e+27
      2815.00   3.8862946e+27
      2825.00   4.1467550e+27
      2835.00   4.0759355e+27
      2845.00   3.9565431e+27
      2855.00   3.7567813e+27
      2865.00   4.2648791e+27
      2875.00   4.3560482e+27
      2885.00   4.3957149e+27
      2895.00   4.4228936e+27
      2910.00   4.9266643e+27
      2930.00   4.8415758e+27
      2950.00   4.8862449e+27
      2970.00   5.0637760e+27
      2990.00   5.2102426e+27
      3010.00   5.3981956e+27
      3030.00   5.5200287e+27
      3050.00   5.6818731e+27
      3070.00   5.7836580e+27
      3090.00   5.9341560e+27
      3110.00   6.0644447e+27
      3130.00   6.1051652e+27
      3150.00   6.2350259e+27
      3170.00   6.4281451e+27
      3190.00   6.2748705e+27
      3210.00   6.6400693e+27
      3230.00   6.4999984e+27
      3250.00   7.0629553e+27
      3270.00   7.4717763e+27
      3290.00   7.5802464e+27
      3310.00   7.7041689e+27
      3330.00   7.7981309e+27
      3350.00   7.8368142e+27
      3370.00   7.6007892e+27
      3390.00   7.9373007e+27
      3410.00   8.1997664e+27
      3430.00   8.4658262e+27
      3450.00   8.6895906e+27
      3470.00   8.8660198e+27
      3490.00   9.1788074e+27
      3510.00   9.5282493e+27
      3530.00   9.4963261e+27
      3550.00   1.0066444e+28
      3570.00   9.5216345e+27
      3590.00   9.5979190e+27
      3610.00   1.0131148e+28
      3630.00   1.0372970e+28
      3640.00   1.0510624e+28
      3650.00   1.0945322e+28
      3670.00   1.0926978e+28
      3690.00   1.0516384e+28
      3710.00   1.1797988e+28
      3730.00   1.6765017e+28
      3750.00   1.3961964e+28
      3770.00   1.5215622e+28
      3790.00   1.7782929e+28
      3810.00   2.0351598e+28
      3830.00   1.6327949e+28
      3850.00   2.2299005e+28
      3870.00   2.5688467e+28
      3890.00   1.6961167e+28
      3910.00   2.6684147e+28
      3930.00   2.3780688e+28
      3950.00   2.6731793e+28
      3970.00   1.6204385e+28
      3990.00   2.8669479e+28
      4010.00   3.2747312e+28
      4030.00   3.3437018e+28
      4050.00   3.3551782e+28
      4070.00   3.2594989e+28
      4090.00   2.8095532e+28
      4110.00   2.3775766e+28
      4130.00   3.3413554e+28
      4150.00   3.5517594e+28
      4170.00   3.6184995e+28
      4190.00   3.6280799e+28
      4210.00   3.6691342e+28
      4230.00   3.6480937e+28
      4250.00   3.7006893e+28
      4270.00   3.6531315e+28
      4290.00   3.6200142e+28
      4310.00   3.3568399e+28
      4330.00   3.0323279e+28
      4350.00   2.7552181e+28
      4370.00   3.7862899e+28
      4390.00   3.8693839e+28
      4410.00   3.9981378e+28
      4430.00   4.1126106e+28
      4450.00   4.1700337e+28
      4470.00   4.2745003e+28
      4490.00   4.2937401e+28
      4510.00   4.4818727e+28
      4530.00   4.3617151e+28
      4550.00   4.4178296e+28
      4570.00   4.5825852e+28
      4590.00   4.5227240e+28
      4610.00   4.6270630e+28
      4630.00   4.6113167e+28
      4650.00   4.6827893e+28
      4670.00   4.7608025e+28
      4690.00   4.7479345e+28
      4710.00   4.6852130e+28
      4730.00   4.8416949e+28
      4750.00   4.9209615e+28
      4770.00   4.9227167e+28
      4790.00   4.9390125e+28
      4810.00   4.9221187e+28
      4830.00   4.8542930e+28
      4850.00   4.2022482e+28
      4870.00   3.7343745e+28
      4890.00   4.8185303e+28
      4910.00   5.0510593e+28
      4930.00   5.0854157e+28
      4950.00   5.2224025e+28
      4970.00   5.2753594e+28
      4990.00   5.1784873e+28
      5010.00   6.9833813e+28
      5030.00   5.2698235e+28
      5050.00   5.2866254e+28
      5070.00   5.4219130e+28
      5090.00   5.3762187e+28
      5110.00   5.4543939e+28
      5130.00   5.4212779e+28
      5150.00   5.3778954e+28
      5170.00   5.2992761e+28
      5190.00   5.3703405e+28
      5210.00   5.5042675e+28
      5230.00   5.6063940e+28
      5250.00   5.7330559e+28
      5270.00   5.5250509e+28
      5290.00   5.8195199e+28
      5310.00   5.9274076e+28
      5330.00   5.7418741e+28
      5350.00   5.9545195e+28
      5370.00   5.9666488e+28
      5390.00   5.9778065e+28
      5410.00   5.9546582e+28
      5430.00   6.0356822e+28
      5450.00   6.1271578e+28
      5470.00   6.1209247e+28
      5490.00   6.1731890e+28
      5510.00   6.1951580e+28
      5530.00   6.2930329e+28
      5550.00   6.3557911e+28
      5570.00   6.3246869e+28
      5590.00   6.3286494e+28
      5610.00   6.4170537e+28
      5630.00   6.4684110e+28
      5650.00   6.5251961e+28
      5670.00   6.4935583e+28
      5690.00   6.6110231e+28
      5710.00   6.5602582e+28
      5730.00   6.7987955e+28
      5750.00   6.7459666e+28
      5770.00   6.8033145e+28
      5790.00   6.7650510e+28
      5810.00   6.8743451e+28
      5830.00   6.9727595e+28
      5850.00   6.9317753e+28
      5870.00   7.0169217e+28
      5890.00   6.7187295e+28
      5910.00   6.9916272e+28
      5930.00   7.0525387e+28
      5950.00   7.0878579e+28
      5970.00   7.1682638e+28
      5990.00   7.1638401e+28
      6010.00   7.1581853e+28
      6030.00   7.2585221e+28
      6050.00   7.3665629e+28
      6070.00   7.3936037e+28
      6090.00   7.3509743e+28
      6110.00   7.3831247e+28
      6130.00   7.2597503e+28
      6150.00   7.3392526e+28
      6170.00   7.2610965e+28
      6190.00   7.4562077e+28
      6210.00   7.4708100e+28
      6230.00   7.4105920e+28
      6250.00   7.3316901e+28
      6270.00   7.5475881e+28
      6290.00   7.6574996e+28
      6310.00   7.4850313e+28
      6330.00   7.5315164e+28
      6350.00   7.5695727e+28
      6370.00   7.6121862e+28
      6390.00   7.7016056e+28
      6410.00   7.6548856e+28
      6430.00   7.7311832e+28
      6450.00   7.7485933e+28
      6470.00   7.7863972e+28
      6490.00   7.7344593e+28
      6510.00   7.8639003e+28
      6530.00   7.8151954e+28
      6550.00   7.8050954e+28
      6570.00   7.8698766e+28
      6590.00   8.3276590e+28
      6610.00   8.0191277e+28
      6630.00   8.0896249e+28
      6650.00   8.1337774e+28
      6670.00   8.1226432e+28
      6690.00   8.2078677e+28
      6710.00   8.5031362e+28
      6730.00   8.6786557e+28
      6750.00   8.2169385e+28
      6770.00   8.2719005e+28
      6790.00   8.2821438e+28
      6810.00   8.3298105e+28
      6830.00   8.4033402e+28
      6850.00   8.3629770e+28
      6870.00   8.4556132e+28
      6890.00   8.5497900e+28
      6910.00   8.5824784e+28
      6930.00   8.6076020e+28
      6950.00   8.6432991e+28
      6970.00   8.7350251e+28
      6990.00   8.7682447e+28
      7010.00   8.7466945e+28
      7030.00   8.8490245e+28
      7050.00   8.8777326e+28
      7070.00   8.8042277e+28
      7090.00   8.7187955e+28
      7110.00   8.6456619e+28
      7130.00   8.8206134e+28
      7150.00   8.6805826e+28
      7170.00   8.7263606e+28
      7190.00   8.6644293e+28
      7210.00   8.7850918e+28
      7230.00   8.8976062e+28
      7250.00   8.9707142e+28
      7270.00   9.0393993e+28
      7290.00   9.0206423e+28
      7310.00   9.1830832e+28
      7330.00   9.2864548e+28
      7350.00   9.3394164e+28
      7370.00   9.4847779e+28
      7390.00   9.4288804e+28
      7410.00   9.4249904e+28
      7430.00   9.5863273e+28
      7450.00   9.6400200e+28
      7470.00   9.7360763e+28
      7490.00   9.7621629e+28
      7510.00   9.8435058e+28
      7530.00   9.9455630e+28
      7550.00   1.0021190e+29
      7570.00   1.0029650e+29
      7590.00   9.9734133e+28
      7610.00   9.9220612e+28
      7630.00   9.8320630e+28
      7650.00   9.7532625e+28
      7670.00   9.5718866e+28
      7690.00   9.7087105e+28
      7710.00   9.6480006e+28
      7730.00   9.7020738e+28
      7750.00   9.6967867e+28
      7770.00   9.7461729e+28
      7790.00   9.8639403e+28
      7810.00   9.9079199e+28
      7830.00   9.8992817e+28
      7850.00   9.8712018e+28
      7870.00   9.9984698e+28
      7890.00   9.9835765e+28
      7910.00   9.9197119e+28
      7930.00   9.9655334e+28
      7950.00   9.9861473e+28
      7970.00   1.0176861e+29
      7990.00   1.0203584e+29
      8010.00   1.0365119e+29
      8030.00   1.0419107e+29
      8050.00   1.0448686e+29
      8070.00   1.0560575e+29
      8090.00   1.0566814e+29
      8110.00   1.0665415e+29
      8130.00   1.0811307e+29
      8150.00   1.0895478e+29
      8170.00   1.0973628e+29
      8190.00   1.0851773e+29
      8210.00   1.0833211e+29
      8230.00   1.0884473e+29
      8250.00   1.0917837e+29
      8270.00   1.1006237e+29
      8290.00   1.0986901e+29
      8310.00   1.0867781e+29
      8330.00   1.0802892e+29
      8350.00   1.0873235e+29
      8370.00   1.0910190e+29
      8390.00   1.0744523e+29
      8410.00   1.0907030e+29
      8430.00   1.0685184e+29
      8450.00   1.0544202e+29
      8470.00   1.0497602e+29
      8490.00   1.0642488e+29
      8510.00   1.0217647e+29
      8530.00   1.0731718e+29
      8550.00   9.6464651e+28
      8570.00   1.1108014e+29
      8590.00   1.0830736e+29
      8610.00   1.0862047e+29
      8630.00   1.1414647e+29
      8650.00   1.1246870e+29
      8670.00   9.9363062e+28
      8690.00   1.1344180e+29
      8710.00   1.1741288e+29
      8730.00   1.1660927e+29
      8750.00   1.0969810e+29
      8770.00   1.1647719e+29
      8790.00   1.2030542e+29
      8810.00   1.2007084e+29
      8830.00   1.1986583e+29
      8850.00   1.1652714e+29
      8870.00   1.1020660e+29
      8890.00   1.1844740e+29
      8910.00   1.2113860e+29
      8930.00   1.2107861e+29
      8950.00   1.2167982e+29
      8970.00   1.2176794e+29
      8990.00   1.2054753e+29
      9010.00   1.1237682e+29
      9030.00   1.1772535e+29
      9050.00   1.2856916e+29
      9070.00   1.6597283e+29
      9090.00   1.2677154e+29
      9110.00   1.2598622e+29
      9130.00   1.2734505e+29
      9150.00   1.2724706e+29
      9170.00   1.2714233e+29
      9190.00   1.2715600e+29
      9210.00   1.2220436e+29
      9230.00   1.1406594e+29
      9250.00   1.2014978e+29
      9270.00   1.2343556e+29
      9290.00   1.2427908e+29
      9310.00   1.2523258e+29
      9330.00   1.2575865e+29
      9350.00   1.2567795e+29
      9370.00   1.2506898e+29
      9390.00   1.2639466e+29
      9410.00   1.2480657e+29
      9430.00   1.2703754e+29
      9450.00   1.2653557e+29
      9470.00   1.2796097e+29
      9490.00   1.2791805e+29
      9510.00   1.2645458e+29
      9530.00   1.2428129e+29
      9550.00   1.1743812e+29
      9570.00   1.2459653e+29
      9590.00   1.2807833e+29
      9610.00   1.2805026e+29
      9630.00   1.2857096e+29
      9650.00   1.2807147e+29
      9670.00   1.2816809e+29
      9690.00   1.2961703e+29
      9710.00   1.2917150e+29
      9730.00   1.2892961e+29
      9750.00   1.2884674e+29
      9770.00   1.2949601e+29
      9790.00   1.2892765e+29
      9810.00   1.3055735e+29
      9830.00   1.3022037e+29
      9850.00   1.3086809e+29
      9870.00   1.3064188e+29
      9890.00   1.3065324e+29
      9910.00   1.3048867e+29
      9930.00   1.3100723e+29
      9950.00   1.3130328e+29
      9970.00   1.3144847e+29
      9990.00   1.3121677e+29
      10025.0   1.2839299e+29
      10075.0   1.2684700e+29
      10125.0   1.3202928e+29
      10175.0   1.3202677e+29
      10225.0   1.3283388e+29
      10275.0   1.3355217e+29
      10325.0   1.3547748e+29
      10375.0   1.3293918e+29
      10425.0   1.3379398e+29
      10475.0   1.3277870e+29
      10525.0   1.3224603e+29
      10575.0   1.3117819e+29
      10625.0   1.3091277e+29
      10675.0   1.3011967e+29
      10725.0   1.3127807e+29
      10775.0   1.3131391e+29
      10825.0   1.3434753e+29
      10875.0   1.3053542e+29
      10925.0   1.2719618e+29
      10975.0   1.2878379e+29
      11025.0   1.3089672e+29
      11075.0   1.3059653e+29
      11125.0   1.3060990e+29
      11175.0   1.3029525e+29
      11225.0   1.3070585e+29
      11275.0   1.2972093e+29
      11325.0   1.2997061e+29
      11375.0   1.2985518e+29
      11425.0   1.2923748e+29
      11475.0   1.3067086e+29
      11525.0   1.3076846e+29
      11575.0   1.3009269e+29
      11625.0   1.2892519e+29
      11675.0   1.2909633e+29
      11725.0   1.2996253e+29
      11775.0   1.2800650e+29
      11825.0   1.2785434e+29
      11875.0   1.2661646e+29
      11925.0   1.2843627e+29
      11975.0   1.2593153e+29
      12025.0   1.2781459e+29
      12075.0   1.2740498e+29
      12125.0   1.2786876e+29
      12175.0   1.2832544e+29
      12225.0   1.2812316e+29
      12275.0   1.2772255e+29
      12325.0   1.2756038e+29
      12375.0   1.2756799e+29
      12425.0   1.2681903e+29
      12475.0   1.2679662e+29
      12525.0   1.2630939e+29
      12575.0   1.2622109e+29
      12625.0   1.2604343e+29
      12675.0   1.2562126e+29
      12725.0   1.2572362e+29
      12775.0   1.2530231e+29
      12825.0   1.2251339e+29
      12875.0   1.2443416e+29
      12925.0   1.2440758e+29
      12975.0   1.2540733e+29
      13025.0   1.2472330e+29
      13075.0   1.2507027e+29
      13125.0   1.2354300e+29
      13175.0   1.2329480e+29
      13225.0   1.2344477e+29
      13275.0   1.2214009e+29
      13325.0   1.2234890e+29
      13375.0   1.2158906e+29
      13425.0   1.2182048e+29
      13475.0   1.2119966e+29
      13525.0   1.2081802e+29
      13575.0   1.1969629e+29
      13625.0   1.1958545e+29
      13675.0   1.2019991e+29
      13725.0   1.2055186e+29
      13775.0   1.2068073e+29
      13825.0   1.2089064e+29
      13875.0   1.2029939e+29
      13925.0   1.1765079e+29
      13975.0   1.1746661e+29
      14025.0   1.1668938e+29
      14075.0   1.1743038e+29
      14125.0   1.1672054e+29
      14175.0   1.1750011e+29
      14225.0   1.1667704e+29
      14275.0   1.1593053e+29
      14325.0   1.1743677e+29
      14375.0   1.1788153e+29
      14425.0   1.1603390e+29
      14475.0   1.1796505e+29
      14525.0   1.1712415e+29
      14570.0   1.1787125e+29
      14620.0   1.1672368e+29
      14675.0   1.1671452e+29
      14725.0   1.1596910e+29
      14775.0   1.1670842e+29
      14825.0   1.1715710e+29
      14875.0   1.1657939e+29
      14925.0   1.1858735e+29
      14975.0   1.1794935e+29
      15025.0   1.1729945e+29
      15075.0   1.1733314e+29
      15125.0   1.1895797e+29
      15175.0   1.1938857e+29
      15225.0   1.1941438e+29
      15275.0   1.2004141e+29
      15325.0   1.1995718e+29
      15375.0   1.2032556e+29
      15425.0   1.1966695e+29
      15475.0   1.2048905e+29
      15525.0   1.2002101e+29
      15575.0   1.1700114e+29
      15625.0   1.1900449e+29
      15675.0   1.1850797e+29
      15725.0   1.1973587e+29
      15775.0   1.1622073e+29
      15825.0   1.1675045e+29
      15875.0   1.1499245e+29
      15925.0   1.1919647e+29
      15975.0   1.1812131e+29
      16050.0   1.1780477e+29
      16150.0   1.1808494e+29
      16250.0   1.1769317e+29
      16350.0   1.1981679e+29
      16450.0   1.1550908e+29
      16550.0   1.1911807e+29
      16650.0   1.1633415e+29
      16750.0   1.1622276e+29
      16850.0   1.1322825e+29
      16950.0   1.1548428e+29
      17050.0   1.1380463e+29
      17150.0   1.1272991e+29
      17250.0   1.1097717e+29
      17350.0   1.0651571e+29
      17450.0   1.0741644e+29
      17550.0   1.0591046e+29
      17650.0   1.0455324e+29
      17750.0   1.0243449e+29
      17850.0   1.0119615e+29
      17950.0   9.9498255e+28
      18050.0   9.7457002e+28
      18150.0   9.4941775e+28
      18250.0   9.5089193e+28
      18350.0   9.4532367e+28
      18450.0   9.3386030e+28
      18550.0   9.2792687e+28
      18650.0   9.1023455e+28
      18750.0   9.5338060e+28
      18850.0   8.9350808e+28
      18950.0   8.7307229e+28
      19050.0   8.8000693e+28
      19150.0   8.6705327e+28
      19250.0   8.5920906e+28
      19350.0   8.4114850e+28
      19450.0   8.1910934e+28
      19550.0   8.2454139e+28
      19650.0   8.1531727e+28
      19750.0   8.0045008e+28
      19850.0   7.9499776e+28
      19950.0   7.8873343e+28
      20050.0   7.8721065e+28
      20150.0   7.8071916e+28
      20250.0   7.6778076e+28
      20350.0   7.6242098e+28
      20450.0   7.6333698e+28
      20550.0   7.5655888e+28
      20650.0   7.4856624e+28
      20750.0   7.4421788e+28
      20850.0   7.3834104e+28
      20950.0   7.3090571e+28
      21050.0   7.2984858e+28
      21150.0   7.2221032e+28
      21250.0   7.1805481e+28
      21350.0   7.1338440e+28
      21450.0   7.0728464e+28
      21550.0   6.9937001e+28
      21650.0   6.8824837e+28
      21750.0   6.8343098e+28
      21850.0   6.7941769e+28
      21950.0   6.7495144e+28
      22050.0   6.6286678e+28
      22150.0   6.6277382e+28
      22250.0   6.5143647e+28
      22350.0   6.4617114e+28
      22450.0   6.4007350e+28
      22550.0   6.3476942e+28
      22650.0   6.2518338e+28
      22750.0   6.2289070e+28
      22850.0   6.1354403e+28
      22950.0   5.4261026e+28
      23050.0   5.6481321e+28
      23150.0   5.6217917e+28
      23250.0   5.0517456e+28
      23350.0   5.3110037e+28
      23450.0   5.1660222e+28
      23550.0   4.7571422e+28
      23650.0   5.0198260e+28
      23750.0   4.8739198e+28
      23850.0   4.5611949e+28
      23950.0   4.7492569e+28
      24050.0   4.6698065e+28
      24150.0   4.3869658e+28
      24250.0   4.4985679e+28
      24350.0   4.4159349e+28
      24450.0   4.2396177e+28
      24550.0   4.1965758e+28
      24650.0   4.2203784e+28
      24750.0   4.1006066e+28
      24850.0   3.8792374e+28
      24950.0   3.8612229e+28
      25050.0   3.9174879e+28
      25150.0   3.7253421e+28
      25250.0   3.7804956e+28
      25350.0   3.7816512e+28
      25450.0   3.7342853e+28
      25550.0   3.6988368e+28
      25650.0   3.6887903e+28
      25750.0   3.7241056e+28
      25850.0   3.6270136e+28
      25950.0   3.6514331e+28
      26050.0   3.6579174e+28
      26150.0   3.5882045e+28
      26250.0   3.6368174e+28
      26350.0   3.5822083e+28
      26450.0   3.5706668e+28
      26550.0   3.5350684e+28
      26650.0   3.4824140e+28
      26750.0   3.4953560e+28
      26850.0   3.4896442e+28
      26950.0   3.4378078e+28
      27050.0   3.4486504e+28
      27150.0   3.4254299e+28
      27250.0   3.4181176e+28
      27350.0   3.3629260e+28
      27450.0   3.3647533e+28
      27550.0   3.3270423e+28
      27650.0   3.3111988e+28
      27750.0   3.2835029e+28
      27850.0   3.2857548e+28
      27950.0   3.2801286e+28
      28050.0   3.2537334e+28
      28150.0   3.2171737e+28
      28250.0   3.2060436e+28
      28350.0   3.1977504e+28
      28450.0   3.1680000e+28
      28550.0   3.1300001e+28
      28650.0   3.0910000e+28
      28750.0   3.0340000e+28
      28850.0   3.0330001e+28
      28950.0   3.0050000e+28
      29050.0   2.9730001e+28
      29150.0   2.9450000e+28
      29250.0   2.8990001e+28
      29350.0   2.8859999e+28
      29450.0   2.8489999e+28
      29550.0   2.8200001e+28
      29650.0   2.7970001e+28
      29750.0   2.7680000e+28
      29850.0   2.7350001e+28
      29950.0   2.7060001e+28
      30050.0   2.6789999e+28
      30150.0   2.6580000e+28
      30250.0   2.6270001e+28
      30350.0   2.5750000e+28
      30450.0   2.5699999e+28
      30550.0   2.5550000e+28
      30650.0   2.5329999e+28
      30750.0   2.5140000e+28
      30850.0   2.4849999e+28
      30950.0   2.4659999e+28
      31050.0   2.4489999e+28
      31150.0   2.4140001e+28
      31250.0   2.4010001e+28
      31350.0   2.3790000e+28
      31450.0   2.3560000e+28
      31550.0   2.3320000e+28
      31650.0   2.3080000e+28
      31750.0   2.2920001e+28
      31850.0   2.2700000e+28
      31950.0   2.2510000e+28
      32100.0   2.2190001e+28
      32300.0   2.1770001e+28
      32500.0   2.1389999e+28
      32700.0   2.0959999e+28
      32900.0   2.0409999e+28
      33100.0   2.0140001e+28
      33300.0   1.9780000e+28
      33500.0   1.9450000e+28
      33700.0   1.9070000e+28
      33900.0   1.8690000e+28
      34100.0   1.8320000e+28
      34300.0   1.8010000e+28
      34500.0   1.7660000e+28
      34700.0   1.7320000e+28
      34900.0   1.7000000e+28
      35100.0   1.6690000e+28
      35300.0   1.6340000e+28
      35500.0   1.6050000e+28
      35700.0   1.5730000e+28
      35900.0   1.5440000e+28
      36100.0   1.5170000e+28
      36300.0   1.4880000e+28
      36500.0   1.4570000e+28
      36700.0   1.4300000e+28
      36900.0   1.3990000e+28
      37100.0   1.3720000e+28
      37300.0   1.3470000e+28
      37500.0   1.3140000e+28
      37700.0   1.3010000e+28
      37900.0   1.2760000e+28
      38100.0   1.2519999e+28
      38300.0   1.2300000e+28
      38500.0   1.2090000e+28
      38700.0   1.1830000e+28
      38900.0   1.1620000e+28
      39100.0   1.1390000e+28
      39300.0   1.1200000e+28
      39500.0   1.0960000e+28
      39700.0   1.0770000e+28
      39900.0   1.0520000e+28
      40100.0   1.0340000e+28
      40300.0   1.0160001e+28
      40500.0   1.1364397e+28
      40700.0   9.7900324e+27
      40900.0   9.6200001e+27
      41100.0   9.4490002e+27
      41300.0   9.2840001e+27
      41500.0   9.1020001e+27
      41700.0   8.9090000e+27
      41900.0   8.7700001e+27
      42100.0   8.6069999e+27
      42300.0   8.4859999e+27
      42500.0   8.3189999e+27
      42700.0   8.1849998e+27
      42900.0   7.7980001e+27
      43100.0   7.4010002e+27
      43300.0   7.3760000e+27
      43500.0   7.0120000e+27
      43700.0   6.8029998e+27
      43900.0   6.6570002e+27
      44100.0   6.4170001e+27
      44300.0   6.2650001e+27
      44500.0   6.1450000e+27
      44700.0   5.9859997e+27
      44900.0   5.9280002e+27
      45100.0   5.8159999e+27
      45300.0   5.6819998e+27
      45500.0   5.6290000e+27
      45700.0   5.5370001e+27
      45900.0   5.3680002e+27
      46100.0   5.3700001e+27
      46300.0   5.2630001e+27
      46500.0   5.1659998e+27
      46700.0   5.1450000e+27
      46900.0   5.0709999e+27
      47100.0   4.9839998e+27
      47300.0   4.9780000e+27
      47500.0   4.8480000e+27
      47700.0   4.8180000e+27
      47900.0   4.7570000e+27
      48100.0   4.6299999e+27
      48300.0   4.6529999e+27
      48500.0   4.5370000e+27
      48700.0   4.4550000e+27
      48900.0   4.3980001e+27
      49100.0   4.3260000e+27
      49300.0   4.2819999e+27
      49500.0   4.1979999e+27
      49700.0   4.1759999e+27
      49900.0   4.1060000e+27
      50100.0   4.0590000e+27
      50300.0   4.0019999e+27
      50500.0   3.9220000e+27
      50700.0   3.8860000e+27
      50900.0   3.8330000e+27
      51100.0   3.7640000e+27
      51300.0   3.7129999e+27
      51500.0   3.6669999e+27
      51700.0   3.6470001e+27
      51900.0   3.5820000e+27
      52100.0   3.5400001e+27
      52300.0   3.4820000e+27
      52500.0   3.4510001e+27
      52700.0   3.4300000e+27
      52900.0   3.3540000e+27
      53100.0   3.3080000e+27
      53300.0   3.2790000e+27
      53500.0   3.2359999e+27
      53700.0   3.1990001e+27
      53900.0   3.1610001e+27
      54100.0   3.1219999e+27
      54300.0   3.0669999e+27
      54500.0   3.0490001e+27
      54700.0   2.9970000e+27
      54900.0   2.9670000e+27
      55100.0   2.9229999e+27
      55300.0   2.9239999e+27
      55500.0   2.8510001e+27
      55700.0   2.8409999e+27
      55900.0   2.7939999e+27
      56100.0   2.7719999e+27
      56300.0   2.7220001e+27
      56500.0   2.7049999e+27
      56700.0   2.6710000e+27
      56900.0   2.6240001e+27
      57100.0   2.6110000e+27
      57300.0   2.5780001e+27
      57500.0   2.5460001e+27
      57700.0   2.5129999e+27
      57900.0   2.4930001e+27
      58100.0   2.4559999e+27
      58300.0   2.4290000e+27
      58500.0   2.4010000e+27
      58700.0   2.3640000e+27
      58900.0   2.3370000e+27
      59100.0   2.3020000e+27
      59300.0   2.2870000e+27
      59500.0   2.2560001e+27
      59700.0   2.2370001e+27
      59900.0   2.2110000e+27
      60100.0   2.1850000e+27
      60300.0   2.1580000e+27
      60500.0   2.1280000e+27
      60700.0   2.1040001e+27
      60900.0   2.0790000e+27
      61100.0   2.0520000e+27
      61300.0   2.0320001e+27
      61500.0   2.0110000e+27
      61700.0   1.9910000e+27
      61900.0   1.9660000e+27
      62100.0   1.9460000e+27
      62300.0   1.9190000e+27
      62500.0   1.8940000e+27
      62700.0   1.8730000e+27
      62900.0   1.8529999e+27
      63100.0   1.8299999e+27
      63300.0   1.8140000e+27
      63500.0   1.7910000e+27
      63700.0   1.7750000e+27
      63900.0   1.7490000e+27
      64200.0   1.7220000e+27
      64600.0   1.6820000e+27
      65000.0   1.6440000e+27
      65400.0   1.6070001e+27
      65800.0   1.5730001e+27
      66200.0   1.5370000e+27
      66600.0   1.5030000e+27
      67000.0   1.4710000e+27
      67400.0   1.4370000e+27
      67800.0   1.4060001e+27
      68200.0   1.3749999e+27
      68600.0   1.3460000e+27
      69000.0   1.3170000e+27
      69400.0   1.2890000e+27
      69800.0   1.2609999e+27
      70200.0   1.2340000e+27
      70600.0   1.2080000e+27
      71000.0   1.1820000e+27
      71400.0   1.1580000e+27
      71800.0   1.1330000e+27
      72200.0   1.1100000e+27
      72600.0   1.0870000e+27
      73000.0   1.0640000e+27
      73400.0   1.0420000e+27
      73800.0   1.0210000e+27
      74200.0   9.9900003e+26
      74600.0   9.7589998e+26
      75000.0   9.5659996e+26
      75400.0   9.3980000e+26
      75800.0   9.2180003e+26
      76200.0   9.0360003e+26
      76600.0   8.8580003e+26
      77000.0   8.6810001e+26
      77400.0   8.5129997e+26
      77800.0   8.3469997e+26
      78200.0   8.1830000e+26
      78600.0   8.0259998e+26
      79000.0   7.8709999e+26
      79400.0   7.7200000e+26
      79800.0   7.5739999e+26
      80200.0   7.4270001e+26
      80600.0   7.2870003e+26
      81000.0   7.1530002e+26
      81400.0   7.0180003e+26
      81800.0   6.8890000e+26
      82200.0   6.7620001e+26
      82600.0   6.6350002e+26
      83000.0   6.5139999e+26
      83400.0   6.3930003e+26
      83800.0   6.2769998e+26
      84200.0   6.1659998e+26
      84600.0   6.0529999e+26
      85000.0   5.9450001e+26
      85400.0   5.8389999e+26
      85800.0   5.7359999e+26
      86200.0   5.6350000e+26
      86600.0   5.5360000e+26
      87000.0   5.4390000e+26
      87400.0   5.3440000e+26
      87800.0   5.2500002e+26
      88200.0   5.1590002e+26
      88600.0   5.0700002e+26
      89000.0   4.9830002e+26
      89400.0   4.8990000e+26
      89800.0   4.8130001e+26
      90200.0   4.7340001e+26
      90600.0   4.6550001e+26
      91000.0   4.5740001e+26
      91400.0   4.4979998e+26
      91800.0   4.4230002e+26
      92200.0   4.3510000e+26
      92600.0   4.2790001e+26
      93000.0   4.2089999e+26
      93400.0   4.1390000e+26
      93800.0   4.0720000e+26
      94200.0   4.0060001e+26
      94600.0   3.9410000e+26
      95000.0   3.8780000e+26
      95400.0   3.8160001e+26
      95800.0   3.7550000e+26
      96200.0   3.6950002e+26
      96600.0   3.6369999e+26
      97000.0   3.5799998e+26
      97400.0   3.5210001e+26
      97800.0   3.4669999e+26
      98200.0   3.4140002e+26
      98600.0   3.3610001e+26
      99000.0   3.3100000e+26
      99400.0   3.2580001e+26
      99800.0   3.2079998e+26
      100200.   3.1590001e+26
      200000.   2.2039999e+25
      400000.   1.6800000e+24
      600000.   4.2959999e+23
      800000.   1.8140000e+23
  1.00000e+06   9.9080002e+22
  1.20000e+06   6.3359999e+22
  1.40000e+06   4.4320000e+22
  1.60000e+06   3.2920000e+22
