      91.0000       0.0000000
      94.0000       0.0000000
      96.0000       0.0000000
      98.0000       0.0000000
      100.000       0.0000000
      102.000       0.0000000
      104.000       0.0000000
      106.000       0.0000000
      108.000       0.0000000
      110.000       0.0000000
      114.000       0.0000000
      118.000       0.0000000
      121.000       0.0000000
      125.000       0.0000000
      127.000       0.0000000
      128.000       0.0000000
      131.000       0.0000000
      132.000       0.0000000
      134.000       0.0000000
      137.000       0.0000000
      140.000       0.0000000
      143.000       0.0000000
      147.000       0.0000000
      151.000       0.0000000
      155.000       0.0000000
      159.000       0.0000000
      162.000       0.0000000
      166.000       0.0000000
      170.000       0.0000000
      173.000       0.0000000
      177.000       0.0000000
      180.000       0.0000000
      182.000       0.0000000
      186.000       0.0000000
      191.000       0.0000000
      194.000       0.0000000
      198.000       0.0000000
      202.000       0.0000000
      205.000       0.0000000
      210.000       0.0000000
      216.000       0.0000000
      220.000       0.0000000
      223.000       0.0000000
      227.000       0.0000000
      230.000       0.0000000
      234.000       0.0000000
      240.000       0.0000000
      246.000       0.0000000
      252.000       0.0000000
      257.000       0.0000000
      260.000       0.0000000
      264.000       0.0000000
      269.000       0.0000000
      274.000       0.0000000
      279.000       0.0000000
      284.000       0.0000000
      290.000       0.0000000
      296.000       0.0000000
      301.000       0.0000000
      308.000       0.0000000
      318.000       0.0000000
      328.000       0.0000000
      338.000       0.0000000
      348.000       0.0000000
      357.000       0.0000000
      366.000       0.0000000
      375.000       0.0000000
      385.000       0.0000000
      395.000       0.0000000
      405.000       0.0000000
      414.000       0.0000000
      422.000       0.0000000
      430.000       0.0000000
      441.000       0.0000000
      451.000       0.0000000
      460.000       0.0000000
      470.000       0.0000000
      480.000       0.0000000
      490.000       0.0000000
      500.000       0.0000000
      506.000       0.0000000
      512.000       0.0000000
      520.000       0.0000000
      530.000       0.0000000
      540.000       0.0000000
      550.000       0.0000000
      560.000       0.0000000
      570.000       0.0000000
      580.000       0.0000000
      590.000       0.0000000
      600.000       0.0000000
      610.000       0.0000000
      620.000       0.0000000
      630.000       0.0000000
      640.000       0.0000000
      650.000       0.0000000
      658.000       0.0000000
      665.000       0.0000000
      675.000       0.0000000
      685.000       0.0000000
      695.000       0.0000000
      705.000       0.0000000
      716.000       0.0000000
      726.000       0.0000000
      735.000       0.0000000
      745.000       0.0000000
      755.000       0.0000000
      765.000       0.0000000
      775.000       0.0000000
      785.000       0.0000000
      795.000       0.0000000
      805.000       0.0000000
      815.000       0.0000000
      825.000       0.0000000
      835.000       0.0000000
      845.000       0.0000000
      855.000       0.0000000
      865.000       0.0000000
      875.000       0.0000000
      885.000       0.0000000
      895.000       0.0000000
      905.000       0.0000000
      915.000   3.6499665e+23
      925.000   1.0628537e+24
      935.000   2.1925907e+24
      945.000   4.9356050e+24
      955.000   9.1174568e+24
      965.000   1.2579039e+25
      975.000   3.2559087e+24
      985.000   1.8925448e+25
      995.000   2.1603722e+25
      1005.00   2.9510575e+25
      1015.00   2.7692777e+25
      1025.00   9.0375270e+24
      1035.00   2.5329365e+25
      1045.00   5.3789402e+25
      1055.00   6.0157259e+25
      1065.00   5.7421845e+25
      1075.00   7.3047085e+25
      1085.00   6.9643898e+25
      1095.00   9.2546503e+25
      1105.00   9.7223962e+25
      1115.00   1.0599153e+26
      1125.00   1.0884206e+26
      1135.00   1.4009029e+26
      1145.00   1.4489783e+26
      1155.00   1.6706217e+26
      1165.00   1.9159038e+26
      1175.00   1.7057759e+26
      1185.00   2.3156591e+26
      1195.00   1.9655505e+26
      1205.00   1.5570772e+26
      1215.00   5.3406997e+26
      1225.00   2.0330838e+26
      1235.00   3.3910982e+26
      1245.00   3.9582871e+26
      1255.00   4.1450680e+26
      1265.00   3.9920037e+26
      1275.00   4.9715793e+26
      1285.00   5.4097207e+26
      1295.00   4.9600122e+26
      1305.00   5.2552647e+26
      1315.00   6.3580671e+26
      1325.00   6.4419034e+26
      1335.00   6.3441614e+26
      1345.00   7.3001979e+26
      1355.00   7.5140900e+26
      1365.00   7.3994000e+26
      1375.00   7.8447420e+26
      1385.00   8.3049338e+26
      1395.00   7.8499554e+26
      1405.00   8.4319972e+26
      1415.00   9.0211880e+26
      1425.00   9.4331988e+26
      1435.00   9.8625784e+26
      1442.00   1.0363377e+27
      1447.00   1.0549084e+27
      1455.00   1.0652081e+27
      1465.00   1.0578178e+27
      1475.00   1.0961238e+27
      1485.00   1.1285178e+27
      1495.00   1.1687049e+27
      1505.00   1.1639704e+27
      1512.00   1.1114992e+27
      1517.00   1.1733017e+27
      1525.00   1.1902217e+27
      1535.00   1.1281262e+27
      1545.00   1.2034832e+27
      1555.00   1.1918369e+27
      1565.00   1.2502456e+27
      1575.00   1.3404690e+27
      1585.00   1.4021114e+27
      1595.00   1.4631267e+27
      1605.00   1.4675013e+27
      1615.00   1.5067234e+27
      1625.00   1.5034476e+27
      1635.00   1.5925447e+27
      1645.00   1.6344062e+27
      1655.00   1.5979301e+27
      1665.00   1.7401884e+27
      1672.00   1.6714869e+27
      1677.00   1.7748976e+27
      1685.00   1.8379041e+27
      1695.00   1.8169871e+27
      1705.00   1.8074391e+27
      1715.00   1.7821728e+27
      1725.00   1.8087824e+27
      1735.00   1.9221745e+27
      1745.00   1.9198415e+27
      1755.00   2.0323489e+27
      1765.00   1.9501166e+27
      1775.00   2.0333074e+27
      1785.00   2.0962408e+27
      1795.00   2.1982433e+27
      1805.00   2.2526383e+27
      1815.00   2.1771372e+27
      1825.00   2.2631351e+27
      1835.00   2.2550088e+27
      1845.00   2.1719333e+27
      1855.00   2.1882476e+27
      1865.00   2.2683804e+27
      1875.00   2.4357597e+27
      1885.00   2.3192712e+27
      1895.00   2.2770634e+27
      1905.00   2.4941314e+27
      1915.00   2.4034297e+27
      1925.00   2.4099095e+27
      1935.00   2.5351372e+27
      1945.00   2.6428737e+27
      1955.00   2.5357437e+27
      1967.00   2.7504176e+27
      1976.00   2.8621173e+27
      1984.00   2.7771413e+27
      1995.00   2.7677721e+27
      2005.00   2.8916868e+27
      2015.00   2.8968941e+27
      2025.00   3.0465174e+27
      2035.00   2.9624560e+27
      2045.00   3.0534457e+27
      2055.00   2.9794020e+27
      2065.00   3.0816892e+27
      2074.00   3.2648242e+27
      2078.00   3.1433426e+27
      2085.00   3.2572232e+27
      2095.00   3.1893763e+27
      2105.00   3.3055780e+27
      2115.00   3.3714677e+27
      2125.00   3.4687708e+27
      2135.00   3.4266821e+27
      2145.00   3.4595886e+27
      2155.00   3.5922660e+27
      2165.00   3.5850319e+27
      2175.00   3.6264541e+27
      2185.00   3.6396998e+27
      2195.00   3.7850423e+27
      2205.00   3.7725839e+27
      2215.00   3.7536510e+27
      2225.00   3.7279048e+27
      2235.00   3.9011380e+27
      2245.00   3.8989967e+27
      2255.00   3.8702066e+27
      2265.00   3.9811453e+27
      2275.00   4.0735498e+27
      2285.00   4.1634253e+27
      2295.00   4.0780247e+27
      2305.00   4.1583994e+27
      2315.00   4.1339057e+27
      2325.00   3.8245736e+27
      2335.00   4.1329315e+27
      2345.00   4.1117710e+27
      2355.00   4.2808079e+27
      2365.00   4.2064577e+27
      2375.00   4.3150031e+27
      2385.00   4.2418452e+27
      2395.00   4.4357930e+27
      2405.00   4.4021720e+27
      2415.00   4.4926028e+27
      2425.00   4.6395621e+27
      2435.00   4.5747293e+27
      2445.00   4.7460808e+27
      2455.00   4.7930458e+27
      2465.00   4.8051355e+27
      2475.00   4.8090359e+27
      2485.00   4.9576961e+27
      2495.00   4.7871298e+27
      2505.00   5.1099700e+27
      2513.00   4.9736933e+27
      2518.00   5.1237408e+27
      2525.00   5.0390836e+27
      2535.00   5.0880378e+27
      2545.00   5.1109306e+27
      2555.00   5.3233511e+27
      2565.00   5.3433139e+27
      2575.00   5.5328873e+27
      2585.00   5.5965642e+27
      2595.00   5.6441033e+27
      2605.00   5.6209785e+27
      2615.00   5.6743216e+27
      2625.00   5.7829338e+27
      2635.00   5.8758149e+27
      2645.00   6.1431292e+27
      2655.00   6.2097450e+27
      2665.00   6.1147771e+27
      2675.00   6.2816467e+27
      2685.00   6.3516541e+27
      2695.00   6.3240992e+27
      2705.00   6.4221545e+27
      2715.00   6.4098935e+27
      2725.00   6.4667777e+27
      2735.00   6.6544907e+27
      2745.00   6.4293219e+27
      2755.00   6.5255145e+27
      2765.00   6.6892482e+27
      2775.00   6.9072235e+27
      2785.00   6.9292510e+27
      2795.00   6.5636458e+27
      2805.00   6.8173274e+27
      2815.00   7.2265077e+27
      2825.00   7.2944053e+27
      2835.00   7.2048251e+27
      2845.00   7.2756827e+27
      2855.00   7.3593911e+27
      2865.00   7.5759244e+27
      2875.00   7.5950338e+27
      2885.00   7.6944009e+27
      2895.00   7.7525776e+27
      2910.00   7.9925299e+27
      2930.00   8.0798391e+27
      2950.00   8.1847100e+27
      2970.00   8.3965115e+27
      2990.00   8.5538100e+27
      3010.00   8.7441394e+27
      3030.00   8.9356035e+27
      3050.00   9.0917472e+27
      3070.00   9.2547819e+27
      3090.00   9.4379262e+27
      3110.00   9.5939728e+27
      3130.00   9.7469905e+27
      3150.00   9.9489988e+27
      3170.00   1.0112034e+28
      3190.00   1.0155780e+28
      3210.00   1.0449635e+28
      3230.00   1.0584786e+28
      3250.00   1.0839754e+28
      3270.00   1.1073574e+28
      3290.00   1.1265265e+28
      3310.00   1.1471026e+28
      3330.00   1.1634031e+28
      3350.00   1.1783734e+28
      3370.00   1.1936953e+28
      3390.00   1.2159088e+28
      3410.00   1.2398982e+28
      3430.00   1.2549638e+28
      3450.00   1.2760174e+28
      3470.00   1.3006360e+28
      3490.00   1.3241026e+28
      3510.00   1.3525667e+28
      3530.00   1.3706898e+28
      3550.00   1.4002002e+28
      3570.00   1.4075254e+28
      3590.00   1.4240005e+28
      3610.00   1.4557454e+28
      3630.00   1.4822145e+28
      3640.00   1.4994661e+28
      3650.00   1.5045003e+28
      3670.00   1.5213115e+28
      3690.00   1.5007136e+28
      3710.00   1.6116373e+28
      3730.00   2.6929520e+28
      3750.00   1.9574239e+28
      3770.00   2.0573363e+28
      3790.00   2.3259763e+28
      3810.00   2.5907552e+28
      3830.00   2.2447038e+28
      3850.00   2.8252000e+28
      3870.00   3.1941347e+28
      3890.00   2.3015687e+28
      3910.00   3.1726189e+28
      3930.00   3.0848012e+28
      3950.00   3.2314665e+28
      3970.00   2.3710247e+28
      3990.00   3.3415266e+28
      4010.00   3.5468307e+28
      4030.00   3.5404890e+28
      4050.00   3.6500498e+28
      4070.00   3.6531400e+28
      4090.00   3.3289069e+28
      4110.00   2.8749483e+28
      4130.00   3.7060798e+28
      4150.00   3.8384885e+28
      4170.00   3.9011611e+28
      4190.00   3.9516430e+28
      4210.00   4.0058722e+28
      4230.00   4.0375591e+28
      4250.00   4.0822789e+28
      4270.00   4.0751564e+28
      4290.00   4.1188365e+28
      4310.00   4.0363538e+28
      4330.00   3.6938050e+28
      4350.00   3.3889383e+28
      4370.00   4.2935042e+28
      4390.00   4.3242613e+28
      4410.00   4.4337327e+28
      4430.00   4.5162352e+28
      4450.00   4.5853583e+28
      4470.00   4.6108826e+28
      4490.00   4.6921222e+28
      4510.00   4.8362079e+28
      4530.00   4.8015833e+28
      4550.00   4.8480770e+28
      4570.00   4.9769264e+28
      4590.00   4.9711062e+28
      4610.00   5.0686425e+28
      4630.00   5.0811698e+28
      4650.00   5.1508928e+28
      4670.00   5.2259650e+28
      4690.00   5.2608219e+28
      4710.00   5.2256811e+28
      4730.00   5.3661833e+28
      4750.00   5.4454852e+28
      4770.00   5.5053217e+28
      4790.00   5.5402746e+28
      4810.00   5.5566131e+28
      4830.00   5.5559063e+28
      4850.00   5.1267166e+28
      4870.00   4.6987877e+28
      4890.00   5.6465849e+28
      4910.00   5.7966043e+28
      4930.00   5.7854792e+28
      4950.00   5.9670675e+28
      4970.00   6.0254768e+28
      4990.00   6.0100503e+28
      5010.00   1.1507048e+29
      5030.00   6.1031486e+28
      5050.00   6.1119268e+28
      5070.00   6.2691267e+28
      5090.00   6.2581429e+28
      5110.00   6.3318075e+28
      5130.00   6.3312061e+28
      5150.00   6.3397174e+28
      5170.00   6.3470856e+28
      5190.00   6.4503768e+28
      5210.00   6.5239701e+28
      5230.00   6.6170086e+28
      5250.00   6.7286968e+28
      5270.00   6.6278722e+28
      5290.00   6.8637703e+28
      5310.00   6.9681343e+28
      5330.00   6.8843320e+28
      5350.00   7.0757454e+28
      5370.00   7.1268621e+28
      5390.00   7.1436659e+28
      5410.00   7.1687178e+28
      5430.00   7.2384858e+28
      5450.00   7.3765821e+28
      5470.00   7.3848575e+28
      5490.00   7.4474918e+28
      5510.00   7.4999519e+28
      5530.00   7.6019487e+28
      5550.00   7.6980235e+28
      5570.00   7.7156181e+28
      5590.00   7.7413999e+28
      5610.00   7.8572929e+28
      5630.00   7.9143886e+28
      5650.00   7.9724738e+28
      5670.00   7.9807374e+28
      5690.00   8.1176674e+28
      5710.00   8.0932835e+28
      5730.00   8.3280867e+28
      5750.00   8.3326905e+28
      5770.00   8.4066879e+28
      5790.00   8.3897674e+28
      5810.00   8.5282933e+28
      5830.00   8.6499762e+28
      5850.00   8.6478729e+28
      5870.00   8.8416299e+28
      5890.00   8.5845783e+28
      5910.00   8.8059893e+28
      5930.00   8.8839228e+28
      5950.00   8.9347377e+28
      5970.00   9.0594522e+28
      5990.00   9.0700576e+28
      6010.00   9.1018148e+28
      6030.00   9.2267803e+28
      6050.00   9.3431897e+28
      6070.00   9.3945713e+28
      6090.00   9.3732080e+28
      6110.00   9.4464994e+28
      6130.00   9.3745125e+28
      6150.00   9.4861443e+28
      6170.00   9.4678354e+28
      6190.00   9.6742878e+28
      6210.00   9.7229438e+28
      6230.00   9.6888849e+28
      6250.00   9.6239157e+28
      6270.00   9.8705125e+28
      6290.00   1.0089750e+29
      6310.00   9.9031137e+28
      6330.00   9.8418991e+28
      6350.00   9.9022970e+28
      6370.00   9.9805469e+28
      6390.00   1.0096624e+29
      6410.00   1.0105096e+29
      6430.00   1.0211360e+29
      6450.00   1.0280750e+29
      6470.00   1.0349244e+29
      6490.00   1.0309105e+29
      6510.00   1.0496303e+29
      6530.00   1.0523174e+29
      6550.00   1.2037459e+29
      6570.00   1.4706577e+29
      6590.00   1.2980994e+29
      6610.00   1.0847280e+29
      6630.00   1.0956049e+29
      6650.00   1.1030774e+29
      6670.00   1.1086817e+29
      6690.00   1.1217274e+29
      6710.00   1.2745646e+29
      6730.00   1.3225031e+29
      6750.00   1.1359991e+29
      6770.00   1.1447287e+29
      6790.00   1.1493074e+29
      6810.00   1.1564625e+29
      6830.00   1.1678659e+29
      6850.00   1.1653469e+29
      6870.00   1.1786411e+29
      6890.00   1.1932273e+29
      6910.00   1.1975863e+29
      6930.00   1.2013785e+29
      6950.00   1.2037412e+29
      6970.00   1.2170328e+29
      6990.00   1.2217327e+29
      7010.00   1.2210415e+29
      7030.00   1.2369178e+29
      7050.00   1.2479888e+29
      7070.00   1.2404939e+29
      7090.00   1.2463325e+29
      7110.00   1.2430402e+29
      7130.00   1.3334398e+29
      7150.00   1.2649109e+29
      7170.00   1.2647679e+29
      7190.00   1.2564488e+29
      7210.00   1.2746494e+29
      7230.00   1.2885647e+29
      7250.00   1.2990508e+29
      7270.00   1.3070062e+29
      7290.00   1.3011010e+29
      7310.00   1.3217463e+29
      7330.00   1.3545835e+29
      7350.00   1.3430293e+29
      7370.00   1.3634979e+29
      7390.00   1.3599607e+29
      7410.00   1.3621131e+29
      7430.00   1.3844388e+29
      7450.00   1.3942220e+29
      7470.00   1.4084742e+29
      7490.00   1.4154227e+29
      7510.00   1.4291641e+29
      7530.00   1.4475901e+29
      7550.00   1.4614895e+29
      7570.00   1.4665919e+29
      7590.00   1.4644220e+29
      7610.00   1.4643972e+29
      7630.00   1.4568614e+29
      7650.00   1.4538732e+29
      7670.00   1.4369827e+29
      7690.00   1.4595973e+29
      7710.00   1.4514906e+29
      7730.00   1.4634279e+29
      7750.00   1.4657329e+29
      7770.00   1.4769754e+29
      7790.00   1.4921631e+29
      7810.00   1.5014754e+29
      7830.00   1.5020732e+29
      7850.00   1.5011328e+29
      7870.00   1.5135876e+29
      7890.00   1.5047828e+29
      7910.00   1.4942347e+29
      7930.00   1.5049813e+29
      7950.00   1.5051464e+29
      7970.00   1.5371634e+29
      7990.00   1.5415484e+29
      8010.00   1.5697362e+29
      8030.00   1.5792236e+29
      8050.00   1.5842613e+29
      8070.00   1.6011005e+29
      8090.00   1.6022834e+29
      8110.00   1.6191936e+29
      8130.00   1.6453692e+29
      8150.00   1.6633347e+29
      8170.00   1.6798637e+29
      8190.00   1.6737696e+29
      8210.00   1.6594834e+29
      8230.00   1.6686637e+29
      8250.00   1.6778129e+29
      8270.00   1.6893600e+29
      8290.00   1.6870332e+29
      8310.00   1.6696653e+29
      8330.00   1.6634518e+29
      8350.00   1.6787167e+29
      8370.00   1.6805558e+29
      8390.00   1.6660899e+29
      8410.00   1.6949401e+29
      8430.00   1.6730934e+29
      8450.00   1.6698895e+29
      8470.00   1.6541731e+29
      8490.00   1.6982176e+29
      8510.00   1.6188149e+29
      8530.00   1.7222743e+29
      8550.00   1.5300544e+29
      8570.00   1.7829296e+29
      8590.00   1.7276932e+29
      8610.00   1.7298410e+29
      8630.00   1.8346119e+29
      8650.00   1.8062196e+29
      8670.00   1.5818645e+29
      8690.00   1.8374482e+29
      8710.00   1.8974487e+29
      8730.00   1.8898607e+29
      8750.00   1.7662676e+29
      8770.00   1.8935672e+29
      8790.00   1.9613374e+29
      8810.00   1.9617409e+29
      8830.00   1.9629983e+29
      8850.00   1.9103061e+29
      8870.00   1.7986685e+29
      8890.00   1.9443249e+29
      8910.00   1.9840513e+29
      8930.00   1.9846576e+29
      8950.00   1.9924603e+29
      8970.00   2.0023261e+29
      8990.00   1.9912088e+29
      9010.00   1.8596268e+29
      9030.00   1.9527285e+29
      9050.00   2.3206030e+29
      9070.00   4.4177808e+29
      9090.00   2.2336009e+29
      9110.00   2.1063286e+29
      9130.00   2.1273300e+29
      9150.00   2.1305371e+29
      9170.00   2.1336267e+29
      9190.00   2.1423043e+29
      9210.00   2.0617913e+29
      9230.00   1.9197987e+29
      9250.00   2.0254900e+29
      9270.00   2.0781666e+29
      9290.00   2.0836145e+29
      9310.00   2.0972946e+29
      9330.00   2.1122000e+29
      9350.00   2.1103169e+29
      9370.00   2.0997895e+29
      9390.00   2.1316119e+29
      9410.00   2.1146626e+29
      9430.00   2.1504011e+29
      9450.00   2.1504453e+29
      9470.00   2.1778332e+29
      9490.00   2.1815335e+29
      9510.00   2.1573281e+29
      9530.00   2.1399260e+29
      9550.00   2.0436159e+29
      9570.00   2.1607551e+29
      9590.00   2.2180092e+29
      9610.00   2.2186214e+29
      9630.00   2.2361714e+29
      9650.00   2.2313370e+29
      9670.00   2.2395958e+29
      9690.00   2.2651994e+29
      9710.00   2.2519616e+29
      9730.00   2.2478996e+29
      9750.00   2.2518211e+29
      9770.00   2.2666102e+29
      9790.00   2.2593975e+29
      9810.00   2.2907678e+29
      9830.00   2.2889191e+29
      9850.00   2.3009360e+29
      9870.00   2.3002675e+29
      9890.00   2.3051326e+29
      9910.00   2.3113492e+29
      9930.00   2.3232465e+29
      9950.00   2.3337070e+29
      9970.00   2.3398027e+29
      9990.00   2.3399990e+29
      10025.0   2.3088225e+29
      10075.0   2.2897663e+29
      10125.0   2.3815630e+29
      10175.0   2.3868347e+29
      10225.0   2.4117290e+29
      10275.0   2.4333770e+29
      10325.0   2.5920604e+29
      10375.0   2.4388563e+29
      10425.0   2.4643864e+29
      10475.0   2.4565824e+29
      10525.0   2.4596551e+29
      10575.0   2.4433170e+29
      10625.0   2.4448873e+29
      10675.0   2.4521230e+29
      10725.0   2.4781641e+29
      10775.0   2.4816185e+29
      10825.0   2.7190221e+29
      10875.0   2.4779923e+29
      10925.0   2.4685061e+29
      10975.0   2.4606022e+29
      11025.0   2.4891629e+29
      11075.0   2.4777165e+29
      11125.0   2.4907444e+29
      11175.0   2.4936290e+29
      11225.0   2.5119490e+29
      11275.0   2.5079345e+29
      11325.0   2.5175344e+29
      11375.0   2.5267907e+29
      11425.0   2.5252826e+29
      11475.0   2.5568982e+29
      11525.0   2.5652430e+29
      11575.0   2.5603245e+29
      11625.0   2.5482533e+29
      11675.0   2.5595802e+29
      11725.0   2.5795154e+29
      11775.0   2.5567480e+29
      11825.0   2.5534093e+29
      11875.0   2.5312085e+29
      11925.0   2.5704973e+29
      11975.0   2.5307253e+29
      12025.0   2.5769348e+29
      12075.0   2.5736007e+29
      12125.0   2.5865747e+29
      12175.0   2.6017789e+29
      12225.0   2.6045796e+29
      12275.0   2.5995742e+29
      12325.0   2.6040285e+29
      12375.0   2.6081398e+29
      12425.0   2.5991902e+29
      12475.0   2.5999275e+29
      12525.0   2.5976803e+29
      12575.0   2.5994328e+29
      12625.0   2.5992381e+29
      12675.0   2.5991811e+29
      12725.0   2.6086663e+29
      12775.0   2.6240528e+29
      12825.0   2.7427844e+29
      12875.0   2.6025213e+29
      12925.0   2.6039004e+29
      12975.0   2.6284850e+29
      13025.0   2.6206445e+29
      13075.0   2.6336803e+29
      13125.0   2.6132715e+29
      13175.0   2.6165027e+29
      13225.0   2.6264540e+29
      13275.0   2.6079838e+29
      13325.0   2.6253701e+29
      13375.0   2.6181928e+29
      13425.0   2.6340850e+29
      13475.0   2.6295612e+29
      13525.0   2.6307735e+29
      13575.0   2.6128790e+29
      13625.0   2.6158499e+29
      13675.0   2.6307802e+29
      13725.0   2.6424843e+29
      13775.0   2.6483466e+29
      13825.0   2.6565669e+29
      13875.0   2.6452594e+29
      13925.0   2.5870181e+29
      13975.0   2.5882168e+29
      14025.0   2.5753102e+29
      14075.0   2.5954975e+29
      14125.0   2.5829248e+29
      14175.0   2.6025910e+29
      14225.0   2.5876695e+29
      14275.0   2.5787740e+29
      14325.0   2.6142252e+29
      14375.0   2.6291330e+29
      14425.0   2.5941229e+29
      14475.0   2.6388000e+29
      14525.0   2.6248034e+29
      14570.0   2.6424241e+29
      14620.0   2.6163578e+29
      14675.0   2.6199012e+29
      14725.0   2.6062592e+29
      14775.0   2.6280148e+29
      14825.0   2.6384276e+29
      14875.0   2.6332063e+29
      14925.0   2.6768598e+29
      14975.0   2.6676232e+29
      15025.0   2.6648387e+29
      15075.0   2.6618016e+29
      15125.0   2.7009048e+29
      15175.0   2.7153015e+29
      15225.0   2.7265694e+29
      15275.0   2.7319286e+29
      15325.0   2.7336209e+29
      15375.0   2.7555984e+29
      15425.0   2.7388188e+29
      15475.0   2.7694458e+29
      15525.0   2.7625601e+29
      15575.0   2.6650910e+29
      15625.0   2.7077991e+29
      15675.0   2.7104379e+29
      15725.0   2.7408083e+29
      15775.0   2.6484058e+29
      15825.0   2.6402275e+29
      15875.0   2.6130019e+29
      15925.0   2.7254241e+29
      15975.0   2.6781850e+29
      16050.0   2.6634374e+29
      16150.0   2.6926757e+29
      16250.0   2.6631802e+29
      16350.0   2.7426679e+29
      16450.0   2.6721297e+29
      16550.0   2.7315443e+29
      16650.0   2.6668137e+29
      16750.0   2.6926389e+29
      16850.0   2.6323526e+29
      16950.0   2.6875287e+29
      17050.0   2.6668004e+29
      17150.0   2.6531997e+29
      17250.0   2.6411907e+29
      17350.0   2.5580204e+29
      17450.0   2.5918441e+29
      17550.0   2.5713925e+29
      17650.0   2.5535648e+29
      17750.0   2.5208298e+29
      17850.0   2.5088902e+29
      17950.0   2.4824426e+29
      18050.0   2.4416411e+29
      18150.0   2.4017884e+29
      18250.0   2.4013502e+29
      18350.0   2.3851166e+29
      18450.0   2.3612616e+29
      18550.0   2.3468781e+29
      18650.0   2.3101289e+29
      18750.0   2.8880482e+29
      18850.0   2.2763155e+29
      18950.0   2.2303464e+29
      19050.0   2.2507074e+29
      19150.0   2.2229608e+29
      19250.0   2.2098668e+29
      19350.0   2.1732792e+29
      19450.0   2.1626889e+29
      19550.0   2.1383770e+29
      19650.0   2.1148181e+29
      19750.0   2.0817590e+29
      19850.0   2.0694156e+29
      19950.0   2.0542336e+29
      20050.0   2.0500717e+29
      20150.0   2.0346418e+29
      20250.0   2.0028102e+29
      20350.0   1.9875913e+29
      20450.0   1.9899634e+29
      20550.0   1.9779836e+29
      20650.0   1.9501236e+29
      20750.0   1.9388493e+29
      20850.0   1.9241224e+29
      20950.0   1.9032165e+29
      21050.0   1.9005955e+29
      21150.0   1.8801998e+29
      21250.0   1.8831406e+29
      21350.0   1.8564415e+29
      21450.0   1.8407620e+29
      21550.0   1.8220439e+29
      21650.0   1.8468037e+29
      21750.0   1.7834096e+29
      21850.0   1.7723180e+29
      21950.0   1.7623068e+29
      22050.0   1.7348726e+29
      22150.0   1.7340303e+29
      22250.0   1.7073857e+29
      22350.0   1.6950577e+29
      22450.0   1.6818217e+29
      22550.0   1.6697864e+29
      22650.0   1.6482950e+29
      22750.0   1.6443974e+29
      22850.0   1.6216658e+29
      22950.0   1.4138198e+29
      23050.0   1.4965000e+29
      23150.0   1.4928510e+29
      23250.0   1.3194714e+29
      23350.0   1.4103364e+29
      23450.0   1.3701377e+29
      23550.0   1.2423401e+29
      23650.0   1.3349830e+29
      23750.0   1.2987948e+29
      23850.0   1.1994856e+29
      23950.0   1.2718747e+29
      24050.0   1.2592685e+29
      24150.0   1.1718215e+29
      24250.0   1.2233083e+29
      24350.0   1.2053381e+29
      24450.0   1.1538745e+29
      24550.0   1.1535075e+29
      24650.0   1.1675097e+29
      24750.0   1.1316972e+29
      24850.0   1.0516703e+29
      24950.0   1.0448258e+29
      25050.0   1.0698363e+29
      25150.0   1.0085193e+29
      25250.0   1.0360272e+29
      25350.0   1.0437992e+29
      25450.0   1.0314840e+29
      25550.0   1.0257413e+29
      25650.0   1.0292364e+29
      25750.0   1.0455502e+29
      25850.0   1.0156215e+29
      25950.0   1.0276547e+29
      26050.0   1.0328393e+29
      26150.0   1.0153734e+29
      26250.0   1.1209029e+29
      26350.0   1.0185723e+29
      26450.0   1.0173405e+29
      26550.0   1.0072183e+29
      26650.0   9.9604084e+28
      26750.0   1.0055322e+29
      26850.0   1.0059885e+29
      26950.0   9.9083331e+28
      27050.0   9.9759238e+28
      27150.0   9.9326764e+28
      27250.0   9.9445459e+28
      27350.0   9.7779186e+28
      27450.0   9.8260818e+28
      27550.0   9.7700317e+28
      27650.0   9.7320815e+28
      27750.0   9.6549173e+28
      27850.0   9.6828053e+28
      27950.0   9.6999932e+28
      28050.0   9.6427384e+28
      28150.0   9.5392295e+28
      28250.0   9.5301298e+28
      28350.0   9.5265639e+28
      28450.0   9.4529999e+28
      28550.0   9.3359995e+28
      28650.0   9.2280000e+28
      28750.0   9.0729996e+28
      28850.0   9.0499998e+28
      28950.0   8.9579996e+28
      29050.0   8.8560003e+28
      29150.0   8.7759996e+28
      29250.0   8.6390000e+28
      29350.0   8.5960000e+28
      29450.0   8.4709999e+28
      29550.0   8.3849999e+28
      29650.0   8.3169997e+28
      29750.0   8.2269999e+28
      29850.0   8.1230002e+28
      29950.0   8.0349998e+28
      30050.0   7.9500001e+28
      30150.0   7.8900001e+28
      30250.0   7.7999998e+28
      30350.0   7.6519999e+28
      30450.0   7.6349998e+28
      30550.0   7.5770002e+28
      30650.0   7.5070001e+28
      30750.0   7.4479998e+28
      30850.0   7.3619998e+28
      30950.0   7.2990001e+28
      31050.0   7.2490002e+28
      31150.0   7.1460002e+28
      31250.0   7.1020000e+28
      31350.0   7.0360002e+28
      31450.0   6.9660001e+28
      31550.0   6.8910000e+28
      31650.0   6.8209998e+28
      31750.0   6.7709999e+28
      31850.0   6.7059998e+28
      31950.0   6.6509998e+28
      32100.0   6.5510000e+28
      32300.0   6.4239999e+28
      32500.0   6.3020000e+28
      32700.0   6.1760001e+28
      32900.0   6.0160002e+28
      33100.0   5.9240000e+28
      33300.0   5.8079998e+28
      33500.0   5.7049998e+28
      33700.0   5.5859999e+28
      33900.0   5.4659999e+28
      34100.0   5.3520001e+28
      34300.0   5.2540001e+28
      34500.0   5.1499999e+28
      34700.0   5.0439998e+28
      34900.0   4.9430002e+28
      35100.0   4.8459999e+28
      35300.0   4.7410000e+28
      35500.0   4.6500000e+28
      35700.0   4.5520000e+28
      35900.0   4.4640001e+28
      36100.0   4.3770000e+28
      36300.0   4.2940001e+28
      36500.0   4.1950000e+28
      36700.0   4.1170002e+28
      36900.0   4.0180000e+28
      37100.0   3.9400000e+28
      37300.0   3.8680000e+28
      37500.0   3.7659999e+28
      37700.0   3.7260000e+28
      37900.0   3.6520001e+28
      38100.0   3.5800001e+28
      38300.0   3.5180001e+28
      38500.0   3.4559999e+28
      38700.0   3.3810000e+28
      38900.0   3.3180001e+28
      39100.0   3.2520001e+28
      39300.0   3.1990000e+28
      39500.0   3.1300001e+28
      39700.0   3.0729999e+28
      39900.0   3.0040000e+28
      40100.0   2.9529999e+28
      40300.0   2.9010019e+28
      40500.0   4.3627309e+28
      40700.0   2.7980338e+28
      40900.0   2.7500000e+28
      41100.0   2.7029999e+28
      41300.0   2.6570001e+28
      41500.0   2.6059999e+28
      41700.0   2.5519999e+28
      41900.0   2.5140000e+28
      42100.0   2.4669999e+28
      42300.0   2.4330000e+28
      42500.0   2.3860000e+28
      42700.0   2.3490000e+28
      42900.0   2.2290000e+28
      43100.0   2.1230001e+28
      43300.0   2.1300000e+28
      43500.0   2.0260001e+28
      43700.0   1.9710000e+28
      43900.0   1.9340000e+28
      44100.0   1.8400000e+28
      44300.0   1.8260000e+28
      44500.0   1.7850000e+28
      44700.0   1.7100000e+28
      44900.0   1.7210000e+28
      45100.0   1.6740001e+28
      45300.0   1.6190000e+28
      45500.0   1.6180000e+28
      45700.0   1.5950001e+28
      45900.0   1.5330000e+28
      46100.0   1.5450000e+28
      46300.0   1.5090000e+28
      46500.0   1.4860000e+28
      46700.0   1.4730000e+28
      46900.0   1.4520000e+28
      47100.0   1.4230000e+28
      47300.0   1.4260000e+28
      47500.0   1.3960000e+28
      47700.0   1.3770000e+28
      47900.0   1.3579999e+28
      48100.0   1.3270000e+28
      48300.0   1.3330000e+28
      48500.0   1.3070000e+28
      48700.0   1.2810000e+28
      48900.0   1.2680000e+28
      49100.0   1.2470000e+28
      49300.0   1.2300000e+28
      49500.0   1.2100000e+28
      49700.0   1.2020000e+28
      49900.0   1.1830000e+28
      50100.0   1.1710000e+28
      50300.0   1.1550001e+28
      50500.0   1.1290000e+28
      50700.0   1.1190000e+28
      50900.0   1.1060000e+28
      51100.0   1.0860000e+28
      51300.0   1.0710000e+28
      51500.0   1.0580000e+28
      51700.0   1.0550000e+28
      51900.0   1.0350000e+28
      52100.0   1.0210000e+28
      52300.0   1.0059999e+28
      52500.0   9.9820001e+27
      52700.0   9.9500002e+27
      52900.0   9.6950001e+27
      53100.0   9.5550002e+27
      53300.0   9.4879999e+27
      53500.0   9.3669999e+27
      53700.0   9.2570000e+27
      53900.0   9.1579997e+27
      54100.0   9.0440000e+27
      54300.0   8.8849997e+27
      54500.0   8.8430002e+27
      54700.0   8.6869997e+27
      54900.0   8.6089998e+27
      55100.0   8.4709999e+27
      55300.0   8.5009999e+27
      55500.0   8.2710000e+27
      55700.0   8.2569999e+27
      55900.0   8.1130002e+27
      56100.0   8.0629998e+27
      56300.0   7.9040001e+27
      56500.0   7.8700002e+27
      56700.0   7.7670001e+27
      56900.0   7.6219999e+27
      57100.0   7.5949997e+27
      57300.0   7.5050003e+27
      57500.0   7.4099998e+27
      57700.0   7.3130001e+27
      57900.0   7.2630002e+27
      58100.0   7.1529998e+27
      58300.0   7.0749999e+27
      58500.0   6.9900002e+27
      58700.0   6.8809998e+27
      58900.0   6.8100002e+27
      59100.0   6.7109999e+27
      59300.0   6.6669998e+27
      59500.0   6.5729999e+27
      59700.0   6.5220001e+27
      59900.0   6.4460001e+27
      60100.0   6.3720001e+27
      60300.0   6.2950001e+27
      60500.0   6.2030002e+27
      60700.0   6.1369998e+27
      60900.0   6.0630003e+27
      61100.0   5.9859997e+27
      61300.0   5.9310001e+27
      61500.0   5.8680002e+27
      61700.0   5.8159999e+27
      61900.0   5.7439997e+27
      62100.0   5.6880001e+27
      62300.0   5.6100002e+27
      62500.0   5.5309997e+27
      62700.0   5.4720003e+27
      62900.0   5.4130002e+27
      63100.0   5.3500003e+27
      63300.0   5.3060002e+27
      63500.0   5.2360000e+27
      63700.0   5.1949998e+27
      63900.0   5.1150000e+27
      64200.0   5.0409999e+27
      64600.0   4.9220001e+27
      65000.0   4.8160001e+27
      65400.0   4.7079999e+27
      65800.0   4.6110001e+27
      66200.0   4.5060000e+27
      66600.0   4.4090000e+27
      67000.0   4.3160001e+27
      67400.0   4.2190000e+27
      67800.0   4.1280000e+27
      68200.0   4.0380000e+27
      68600.0   3.9549999e+27
      69000.0   3.8680001e+27
      69400.0   3.7870000e+27
      69800.0   3.7070001e+27
      70200.0   3.6280000e+27
      70600.0   3.5529999e+27
      71000.0   3.4779999e+27
      71400.0   3.4070000e+27
      71800.0   3.3350001e+27
      72200.0   3.2680001e+27
      72600.0   3.2000001e+27
      73000.0   3.1350000e+27
      73400.0   3.0700001e+27
      73800.0   3.0090001e+27
      74200.0   2.9430000e+27
      74600.0   2.8770000e+27
      75000.0   2.8200001e+27
      75400.0   2.7700000e+27
      75800.0   2.7170000e+27
      76200.0   2.6640000e+27
      76600.0   2.6119999e+27
      77000.0   2.5599999e+27
      77400.0   2.5110000e+27
      77800.0   2.4620000e+27
      78200.0   2.4150001e+27
      78600.0   2.3689999e+27
      79000.0   2.3240001e+27
      79400.0   2.2800000e+27
      79800.0   2.2370001e+27
      80200.0   2.1940000e+27
      80600.0   2.1529999e+27
      81000.0   2.1140000e+27
      81400.0   2.0740001e+27
      81800.0   2.0360001e+27
      82200.0   1.9990000e+27
      82600.0   1.9620000e+27
      83000.0   1.9270000e+27
      83400.0   1.8909999e+27
      83800.0   1.8580000e+27
      84200.0   1.8250000e+27
      84600.0   1.7920000e+27
      85000.0   1.7600000e+27
      85400.0   1.7290000e+27
      85800.0   1.6990000e+27
      86200.0   1.6690000e+27
      86600.0   1.6410001e+27
      87000.0   1.6120000e+27
      87400.0   1.5840001e+27
      87800.0   1.5569999e+27
      88200.0   1.5300000e+27
      88600.0   1.5039999e+27
      89000.0   1.4780001e+27
      89400.0   1.4540000e+27
      89800.0   1.4290001e+27
      90200.0   1.4050000e+27
      90600.0   1.3820000e+27
      91000.0   1.3580000e+27
      91400.0   1.3350000e+27
      91800.0   1.3139999e+27
      92200.0   1.2930000e+27
      92600.0   1.2710000e+27
      93000.0   1.2510000e+27
      93400.0   1.2300000e+27
      93800.0   1.2110000e+27
      94200.0   1.1910000e+27
      94600.0   1.1720000e+27
      95000.0   1.1540000e+27
      95400.0   1.1360000e+27
      95800.0   1.1180000e+27
      96200.0   1.1000000e+27
      96600.0   1.0830000e+27
      97000.0   1.0660000e+27
      97400.0   1.0490000e+27
      97800.0   1.0330000e+27
      98200.0   1.0180000e+27
      98600.0   1.0020000e+27
      99000.0   9.8710003e+26
      99400.0   9.7199997e+26
      99800.0   9.5729998e+26
      100200.   9.4290001e+26
      200000.   7.1879998e+25
      400000.   7.2050002e+24
      600000.   2.3660000e+24
      800000.   1.1910000e+24
  1.00000e+06   7.2920001e+23
  1.20000e+06   5.0349999e+23
  1.40000e+06   3.7039999e+23
  1.60000e+06   2.8480000e+23
