      91.0000       0.0000000
      94.0000       0.0000000
      96.0000       0.0000000
      98.0000       0.0000000
      100.000       0.0000000
      102.000       0.0000000
      104.000       0.0000000
      106.000       0.0000000
      108.000       0.0000000
      110.000       0.0000000
      114.000       0.0000000
      118.000       0.0000000
      121.000       0.0000000
      125.000       0.0000000
      127.000       0.0000000
      128.000       0.0000000
      131.000       0.0000000
      132.000       0.0000000
      134.000       0.0000000
      137.000       0.0000000
      140.000       0.0000000
      143.000       0.0000000
      147.000       0.0000000
      151.000       0.0000000
      155.000       0.0000000
      159.000       0.0000000
      162.000       0.0000000
      166.000       0.0000000
      170.000       0.0000000
      173.000       0.0000000
      177.000       0.0000000
      180.000       0.0000000
      182.000       0.0000000
      186.000       0.0000000
      191.000       0.0000000
      194.000       0.0000000
      198.000       0.0000000
      202.000       0.0000000
      205.000       0.0000000
      210.000       0.0000000
      216.000       0.0000000
      220.000       0.0000000
      223.000       0.0000000
      227.000       0.0000000
      230.000       0.0000000
      234.000       0.0000000
      240.000       0.0000000
      246.000       0.0000000
      252.000       0.0000000
      257.000       0.0000000
      260.000       0.0000000
      264.000       0.0000000
      269.000       0.0000000
      274.000       0.0000000
      279.000       0.0000000
      284.000       0.0000000
      290.000       0.0000000
      296.000       0.0000000
      301.000       0.0000000
      308.000       0.0000000
      318.000       0.0000000
      328.000       0.0000000
      338.000       0.0000000
      348.000       0.0000000
      357.000       0.0000000
      366.000       0.0000000
      375.000       0.0000000
      385.000       0.0000000
      395.000       0.0000000
      405.000       0.0000000
      414.000       0.0000000
      422.000       0.0000000
      430.000       0.0000000
      441.000       0.0000000
      451.000       0.0000000
      460.000       0.0000000
      470.000       0.0000000
      480.000       0.0000000
      490.000       0.0000000
      500.000       0.0000000
      506.000       0.0000000
      512.000       0.0000000
      520.000       0.0000000
      530.000       0.0000000
      540.000       0.0000000
      550.000       0.0000000
      560.000       0.0000000
      570.000       0.0000000
      580.000       0.0000000
      590.000       0.0000000
      600.000       0.0000000
      610.000       0.0000000
      620.000       0.0000000
      630.000       0.0000000
      640.000       0.0000000
      650.000       0.0000000
      658.000       0.0000000
      665.000       0.0000000
      675.000       0.0000000
      685.000       0.0000000
      695.000       0.0000000
      705.000       0.0000000
      716.000       0.0000000
      726.000       0.0000000
      735.000       0.0000000
      745.000       0.0000000
      755.000       0.0000000
      765.000       0.0000000
      775.000       0.0000000
      785.000       0.0000000
      795.000       0.0000000
      805.000       0.0000000
      815.000       0.0000000
      825.000       0.0000000
      835.000       0.0000000
      845.000       0.0000000
      855.000       0.0000000
      865.000       0.0000000
      875.000       0.0000000
      885.000       0.0000000
      895.000       0.0000000
      905.000       0.0000000
      915.000   6.8045701e+23
      925.000   1.8200489e+24
      935.000   3.1612447e+24
      945.000   4.5011925e+24
      955.000   5.6967777e+24
      965.000   6.4235381e+24
      975.000   2.3824290e+24
      985.000   5.4873632e+24
      995.000   6.4016646e+24
      1005.00   9.2383345e+24
      1015.00   1.0185907e+25
      1025.00   7.9617313e+24
      1035.00   1.0336257e+25
      1045.00   1.7067618e+25
      1055.00   1.9491073e+25
      1065.00   1.8163019e+25
      1075.00   2.2888526e+25
      1085.00   2.2194837e+25
      1095.00   2.8661661e+25
      1105.00   3.6513446e+25
      1115.00   4.1076206e+25
      1125.00   4.2413829e+25
      1135.00   5.3559612e+25
      1145.00   5.4113006e+25
      1155.00   5.8897952e+25
      1165.00   6.2594170e+25
      1175.00   4.5526976e+25
      1185.00   5.5697825e+25
      1195.00   4.0908543e+25
      1205.00   3.5304744e+25
      1215.00   5.6305816e+26
      1225.00   5.0658848e+25
      1235.00   7.1810684e+25
      1245.00   9.5728094e+25
      1255.00   1.1809488e+26
      1265.00   1.1559746e+26
      1275.00   1.7847249e+26
      1285.00   2.1621985e+26
      1295.00   2.0864122e+26
      1305.00   2.0196205e+26
      1315.00   2.6585990e+26
      1325.00   2.8154267e+26
      1335.00   2.8586919e+26
      1345.00   3.3395603e+26
      1355.00   3.3311300e+26
      1365.00   3.1895087e+26
      1375.00   3.5395626e+26
      1385.00   3.7210632e+26
      1395.00   3.6183834e+26
      1405.00   3.7417425e+26
      1415.00   3.9672090e+26
      1425.00   4.1963964e+26
      1435.00   4.1983271e+26
      1442.00   4.5932229e+26
      1447.00   4.8302066e+26
      1455.00   4.8715894e+26
      1465.00   4.7126639e+26
      1475.00   4.8058683e+26
      1485.00   5.0840006e+26
      1495.00   5.3589873e+26
      1505.00   5.4510736e+26
      1512.00   5.2233152e+26
      1517.00   5.5761346e+26
      1525.00   5.3029393e+26
      1535.00   4.9731367e+26
      1545.00   5.5712446e+26
      1555.00   5.3963514e+26
      1565.00   5.4074321e+26
      1575.00   5.8925737e+26
      1585.00   6.3759351e+26
      1595.00   6.7438641e+26
      1605.00   6.6164383e+26
      1615.00   6.7697557e+26
      1625.00   6.5056975e+26
      1635.00   6.9709527e+26
      1645.00   7.2888456e+26
      1655.00   6.7094501e+26
      1665.00   7.6231857e+26
      1672.00   6.7076052e+26
      1677.00   7.6934388e+26
      1685.00   8.2495496e+26
      1695.00   7.9203121e+26
      1705.00   7.8834919e+26
      1715.00   7.9008636e+26
      1725.00   7.9628476e+26
      1735.00   8.5534010e+26
      1745.00   8.5465196e+26
      1755.00   9.2214385e+26
      1765.00   8.5848393e+26
      1775.00   9.2444331e+26
      1785.00   9.4299521e+26
      1795.00   1.0127342e+27
      1805.00   1.0140391e+27
      1815.00   9.9756605e+26
      1825.00   1.0028262e+27
      1835.00   9.9850297e+26
      1845.00   9.5746633e+26
      1855.00   9.9902937e+26
      1865.00   1.0301018e+27
      1875.00   1.0929870e+27
      1885.00   1.0805762e+27
      1895.00   1.0815128e+27
      1905.00   1.1306988e+27
      1915.00   1.1171194e+27
      1925.00   1.1301996e+27
      1935.00   1.1468116e+27
      1945.00   1.2180195e+27
      1955.00   1.2000054e+27
      1967.00   1.2782662e+27
      1976.00   1.2960229e+27
      1984.00   1.2806816e+27
      1995.00   1.2720632e+27
      2005.00   1.2999386e+27
      2015.00   1.2792628e+27
      2025.00   1.3228570e+27
      2035.00   1.3342869e+27
      2045.00   1.3896098e+27
      2055.00   1.3432681e+27
      2065.00   1.3673230e+27
      2074.00   1.4565823e+27
      2078.00   1.4558258e+27
      2085.00   1.4908720e+27
      2095.00   1.4581023e+27
      2105.00   1.4754373e+27
      2115.00   1.5044173e+27
      2125.00   1.5358152e+27
      2135.00   1.4455175e+27
      2145.00   1.5461639e+27
      2155.00   1.5857246e+27
      2165.00   1.5494181e+27
      2175.00   1.5639252e+27
      2185.00   1.5805250e+27
      2195.00   1.6819676e+27
      2205.00   1.6503112e+27
      2215.00   1.5887419e+27
      2225.00   1.5869210e+27
      2235.00   1.7265859e+27
      2245.00   1.6576261e+27
      2255.00   1.6340549e+27
      2265.00   1.6661039e+27
      2275.00   1.7559505e+27
      2285.00   1.8200925e+27
      2295.00   1.7509486e+27
      2305.00   1.7848223e+27
      2315.00   1.7568202e+27
      2325.00   1.6402450e+27
      2335.00   1.7334754e+27
      2345.00   1.6646404e+27
      2355.00   1.8255190e+27
      2365.00   1.7119815e+27
      2375.00   1.8005693e+27
      2385.00   1.6749963e+27
      2395.00   1.8139878e+27
      2405.00   1.7776458e+27
      2415.00   1.8390069e+27
      2425.00   1.9603534e+27
      2435.00   1.9135123e+27
      2445.00   2.0436348e+27
      2455.00   2.0283772e+27
      2465.00   2.0407897e+27
      2475.00   1.9966534e+27
      2485.00   2.0772315e+27
      2495.00   2.0017562e+27
      2505.00   2.2367501e+27
      2513.00   2.0774098e+27
      2518.00   2.1049684e+27
      2525.00   2.0348471e+27
      2535.00   2.0803806e+27
      2545.00   2.1006764e+27
      2555.00   2.2673843e+27
      2565.00   2.2546149e+27
      2575.00   2.3991194e+27
      2585.00   2.4158827e+27
      2595.00   2.4175668e+27
      2605.00   2.3671926e+27
      2615.00   2.3727847e+27
      2625.00   2.4978897e+27
      2635.00   2.5929795e+27
      2645.00   2.8431813e+27
      2655.00   2.9092672e+27
      2665.00   2.7458247e+27
      2675.00   2.8748395e+27
      2685.00   2.9300122e+27
      2695.00   2.8382340e+27
      2705.00   2.9317254e+27
      2715.00   2.8335964e+27
      2725.00   2.8681766e+27
      2735.00   3.0379882e+27
      2745.00   2.7278230e+27
      2755.00   2.8152184e+27
      2765.00   2.9683630e+27
      2775.00   3.1214384e+27
      2785.00   3.0190850e+27
      2795.00   2.4426506e+27
      2805.00   2.6507183e+27
      2815.00   3.2719265e+27
      2825.00   3.4266007e+27
      2835.00   3.3830851e+27
      2845.00   3.3242796e+27
      2855.00   3.2362883e+27
      2865.00   3.5421329e+27
      2875.00   3.5805132e+27
      2885.00   3.6352676e+27
      2895.00   3.6555164e+27
      2910.00   3.9775527e+27
      2930.00   3.9454724e+27
      2950.00   4.0063959e+27
      2970.00   4.1451200e+27
      2990.00   4.2555267e+27
      3010.00   4.4177864e+27
      3030.00   4.5112096e+27
      3050.00   4.6260145e+27
      3070.00   4.7008901e+27
      3090.00   4.8341024e+27
      3110.00   4.9227210e+27
      3130.00   4.9856726e+27
      3150.00   5.0943347e+27
      3170.00   5.2352469e+27
      3190.00   5.1711853e+27
      3210.00   5.4320227e+27
      3230.00   5.3901143e+27
      3250.00   5.7301826e+27
      3270.00   5.9973622e+27
      3290.00   6.0969800e+27
      3310.00   6.2255590e+27
      3330.00   6.3050288e+27
      3350.00   6.3661516e+27
      3370.00   6.2876357e+27
      3390.00   6.5233004e+27
      3410.00   6.7284734e+27
      3430.00   6.9100742e+27
      3450.00   7.0905670e+27
      3470.00   7.2144158e+27
      3490.00   7.4264023e+27
      3510.00   7.6749060e+27
      3530.00   7.7141409e+27
      3550.00   8.0866169e+27
      3570.00   7.8492156e+27
      3590.00   7.9363779e+27
      3610.00   8.2650371e+27
      3630.00   8.4519532e+27
      3640.00   8.5496012e+27
      3650.00   8.8590006e+27
      3670.00   8.8411508e+27
      3690.00   8.5212244e+27
      3710.00   9.5565825e+27
      3730.00   1.3764562e+28
      3750.00   1.1834904e+28
      3770.00   1.2770340e+28
      3790.00   1.5090435e+28
      3810.00   1.7347217e+28
      3830.00   1.4192137e+28
      3850.00   1.9152109e+28
      3870.00   2.2005847e+28
      3890.00   1.4317592e+28
      3910.00   2.2497314e+28
      3930.00   2.1028425e+28
      3950.00   2.2661421e+28
      3970.00   1.3985965e+28
      3990.00   2.3881648e+28
      4010.00   2.6658787e+28
      4030.00   2.7115639e+28
      4050.00   2.7338067e+28
      4070.00   2.6873839e+28
      4090.00   2.3204199e+28
      4110.00   1.9467523e+28
      4130.00   2.7414378e+28
      4150.00   2.8951223e+28
      4170.00   2.9416647e+28
      4190.00   2.9611602e+28
      4210.00   2.9911187e+28
      4230.00   2.9877260e+28
      4250.00   3.0268700e+28
      4270.00   3.0068750e+28
      4290.00   2.9919001e+28
      4310.00   2.8298687e+28
      4330.00   2.5160741e+28
      4350.00   2.2774866e+28
      4370.00   3.1192219e+28
      4390.00   3.1852539e+28
      4410.00   3.2763076e+28
      4430.00   3.3514294e+28
      4450.00   3.3970878e+28
      4470.00   3.4666211e+28
      4490.00   3.4802814e+28
      4510.00   3.6148266e+28
      4530.00   3.5485456e+28
      4550.00   3.5868708e+28
      4570.00   3.7090196e+28
      4590.00   3.6742236e+28
      4610.00   3.7557947e+28
      4630.00   3.7519546e+28
      4650.00   3.8097681e+28
      4670.00   3.8680860e+28
      4690.00   3.8735150e+28
      4710.00   3.8408623e+28
      4730.00   3.9516692e+28
      4750.00   4.0122264e+28
      4770.00   4.0199458e+28
      4790.00   4.0432816e+28
      4810.00   4.0392945e+28
      4830.00   3.9989287e+28
      4850.00   3.4759025e+28
      4870.00   3.0812398e+28
      4890.00   4.0030612e+28
      4910.00   4.1761451e+28
      4930.00   4.2047517e+28
      4950.00   4.3072550e+28
      4970.00   4.3532625e+28
      4990.00   4.2982902e+28
      5010.00   5.9872452e+28
      5030.00   4.3782658e+28
      5050.00   4.3903062e+28
      5070.00   4.4992872e+28
      5090.00   4.4800264e+28
      5110.00   4.5428606e+28
      5130.00   4.5281658e+28
      5150.00   4.5066909e+28
      5170.00   4.4731584e+28
      5190.00   4.5321335e+28
      5210.00   4.6203458e+28
      5230.00   4.7046973e+28
      5250.00   4.7970233e+28
      5270.00   4.6719178e+28
      5290.00   4.8787851e+28
      5310.00   4.9596565e+28
      5330.00   4.8498355e+28
      5350.00   5.0041739e+28
      5370.00   5.0253125e+28
      5390.00   5.0398049e+28
      5410.00   5.0354700e+28
      5430.00   5.1021705e+28
      5450.00   5.1755038e+28
      5470.00   5.1781108e+28
      5490.00   5.2266489e+28
      5510.00   5.2528492e+28
      5530.00   5.3333780e+28
      5550.00   5.3885401e+28
      5570.00   5.3774568e+28
      5590.00   5.3916567e+28
      5610.00   5.4594437e+28
      5630.00   5.5069899e+28
      5650.00   5.5579669e+28
      5670.00   5.5451824e+28
      5690.00   5.6420206e+28
      5710.00   5.6164596e+28
      5730.00   5.7914401e+28
      5750.00   5.7696283e+28
      5770.00   5.8189178e+28
      5790.00   5.8002388e+28
      5810.00   5.8884576e+28
      5830.00   5.9697600e+28
      5850.00   5.9525906e+28
      5870.00   6.0342107e+28
      5890.00   5.8255626e+28
      5910.00   6.0265169e+28
      5930.00   6.0748193e+28
      5950.00   6.1146003e+28
      5970.00   6.1796916e+28
      5990.00   6.1889467e+28
      6010.00   6.2015392e+28
      6030.00   6.2883654e+28
      6050.00   6.3715320e+28
      6070.00   6.4056153e+28
      6090.00   6.3842912e+28
      6110.00   6.4214615e+28
      6130.00   6.3410985e+28
      6150.00   6.3998836e+28
      6170.00   6.3533301e+28
      6190.00   6.5033557e+28
      6210.00   6.5231826e+28
      6230.00   6.4926632e+28
      6250.00   6.4351939e+28
      6270.00   6.6136453e+28
      6290.00   6.7126256e+28
      6310.00   6.5654496e+28
      6330.00   6.6024968e+28
      6350.00   6.6384540e+28
      6370.00   6.6847584e+28
      6390.00   6.7626692e+28
      6410.00   6.7387287e+28
      6430.00   6.8108429e+28
      6450.00   6.8336766e+28
      6470.00   6.8779366e+28
      6490.00   6.8486203e+28
      6510.00   6.9596763e+28
      6530.00   6.9336853e+28
      6550.00   7.0014577e+28
      6570.00   7.1902538e+28
      6590.00   7.5075844e+28
      6610.00   7.1293949e+28
      6630.00   7.1941305e+28
      6650.00   7.2346315e+28
      6670.00   7.2440087e+28
      6690.00   7.3099344e+28
      6710.00   7.6536440e+28
      6730.00   7.8180189e+28
      6750.00   7.3448552e+28
      6770.00   7.3963557e+28
      6790.00   7.4131212e+28
      6810.00   7.4624022e+28
      6830.00   7.5317119e+28
      6850.00   7.5125854e+28
      6870.00   7.6020321e+28
      6890.00   7.6920714e+28
      6910.00   7.7265100e+28
      6930.00   7.7604276e+28
      6950.00   7.8009819e+28
      6970.00   7.8917766e+28
      6990.00   7.9320287e+28
      7010.00   7.9350043e+28
      7030.00   8.0262064e+28
      7050.00   8.0503381e+28
      7070.00   7.9902931e+28
      7090.00   7.9202955e+28
      7110.00   7.8561696e+28
      7130.00   8.0667588e+28
      7150.00   7.9151163e+28
      7170.00   7.9574347e+28
      7190.00   7.9174535e+28
      7210.00   8.0222023e+28
      7230.00   8.1269787e+28
      7250.00   8.2020858e+28
      7270.00   8.2733185e+28
      7290.00   8.2801426e+28
      7310.00   8.4321180e+28
      7330.00   8.5457196e+28
      7350.00   8.6012889e+28
      7370.00   8.7438181e+28
      7390.00   8.7137852e+28
      7410.00   8.7378743e+28
      7430.00   8.8861901e+28
      7450.00   8.9415423e+28
      7470.00   9.0430490e+28
      7490.00   9.0820943e+28
      7510.00   9.1631828e+28
      7530.00   9.2696988e+28
      7550.00   9.3478626e+28
      7570.00   9.3685749e+28
      7590.00   9.3132432e+28
      7610.00   9.2569252e+28
      7630.00   9.1589216e+28
      7650.00   9.0710225e+28
      7670.00   8.9186572e+28
      7690.00   9.0369323e+28
      7710.00   8.9930063e+28
      7730.00   9.0483191e+28
      7750.00   9.0557800e+28
      7770.00   9.0931709e+28
      7790.00   9.2180128e+28
      7810.00   9.2710179e+28
      7830.00   9.2756702e+28
      7850.00   9.2562196e+28
      7870.00   9.3782829e+28
      7890.00   9.3811046e+28
      7910.00   9.3333201e+28
      7930.00   9.3972284e+28
      7950.00   9.4271828e+28
      7970.00   9.6060009e+28
      7990.00   9.6350776e+28
      8010.00   9.8163417e+28
      8030.00   9.8806751e+28
      8050.00   9.9234222e+28
      8070.00   1.0050800e+29
      8090.00   1.0080921e+29
      8110.00   1.0182750e+29
      8130.00   1.0340254e+29
      8150.00   1.0440097e+29
      8170.00   1.0525014e+29
      8190.00   1.0434224e+29
      8210.00   1.0394325e+29
      8230.00   1.0441638e+29
      8250.00   1.0475297e+29
      8270.00   1.0560277e+29
      8290.00   1.0546399e+29
      8310.00   1.0444099e+29
      8330.00   1.0389827e+29
      8350.00   1.0455460e+29
      8370.00   1.0488043e+29
      8390.00   1.0347113e+29
      8410.00   1.0496558e+29
      8430.00   1.0283288e+29
      8450.00   1.0118719e+29
      8470.00   1.0074995e+29
      8490.00   1.0255302e+29
      8510.00   9.8514465e+28
      8530.00   1.0383044e+29
      8550.00   9.3608973e+28
      8570.00   1.0788635e+29
      8590.00   1.0491027e+29
      8610.00   1.0533341e+29
      8630.00   1.1153735e+29
      8650.00   1.0976024e+29
      8670.00   9.7041107e+28
      8690.00   1.1134420e+29
      8710.00   1.1546726e+29
      8730.00   1.1458052e+29
      8750.00   1.0716791e+29
      8770.00   1.1445455e+29
      8790.00   1.1884358e+29
      8810.00   1.1885108e+29
      8830.00   1.1858568e+29
      8850.00   1.1471325e+29
      8870.00   1.0789342e+29
      8890.00   1.1665877e+29
      8910.00   1.1955951e+29
      8930.00   1.1969272e+29
      8950.00   1.2037058e+29
      8970.00   1.2055691e+29
      8990.00   1.1933750e+29
      9010.00   1.1088352e+29
      9030.00   1.1642937e+29
      9050.00   1.2874861e+29
      9070.00   1.7375753e+29
      9090.00   1.2717252e+29
      9110.00   1.2580169e+29
      9130.00   1.2709509e+29
      9150.00   1.2710201e+29
      9170.00   1.2708551e+29
      9190.00   1.2712726e+29
      9210.00   1.2209661e+29
      9230.00   1.1325468e+29
      9250.00   1.1993684e+29
      9270.00   1.2349290e+29
      9290.00   1.2432264e+29
      9310.00   1.2529030e+29
      9330.00   1.2597248e+29
      9350.00   1.2593658e+29
      9370.00   1.2537745e+29
      9390.00   1.2684719e+29
      9410.00   1.2556069e+29
      9430.00   1.2771617e+29
      9450.00   1.2739196e+29
      9470.00   1.2884269e+29
      9490.00   1.2888116e+29
      9510.00   1.2746772e+29
      9530.00   1.2520317e+29
      9550.00   1.1809177e+29
      9570.00   1.2579523e+29
      9590.00   1.2947521e+29
      9610.00   1.2955315e+29
      9630.00   1.3019671e+29
      9650.00   1.2978552e+29
      9670.00   1.2995945e+29
      9690.00   1.3138195e+29
      9710.00   1.3097098e+29
      9730.00   1.3071986e+29
      9750.00   1.3076399e+29
      9770.00   1.3148938e+29
      9790.00   1.3100835e+29
      9810.00   1.3267435e+29
      9830.00   1.3237628e+29
      9850.00   1.3311996e+29
      9870.00   1.3298545e+29
      9890.00   1.3309922e+29
      9910.00   1.3301100e+29
      9930.00   1.3359057e+29
      9950.00   1.3395084e+29
      9970.00   1.3418879e+29
      9990.00   1.3402108e+29
      10025.0   1.3117547e+29
      10075.0   1.2972424e+29
      10125.0   1.3531707e+29
      10175.0   1.3548881e+29
      10225.0   1.3641723e+29
      10275.0   1.3726961e+29
      10325.0   1.4003976e+29
      10375.0   1.3702465e+29
      10425.0   1.3799361e+29
      10475.0   1.3711301e+29
      10525.0   1.3668207e+29
      10575.0   1.3577668e+29
      10625.0   1.3563385e+29
      10675.0   1.3505487e+29
      10725.0   1.3634472e+29
      10775.0   1.3654533e+29
      10825.0   1.4071887e+29
      10875.0   1.3600679e+29
      10925.0   1.3259157e+29
      10975.0   1.3435105e+29
      11025.0   1.3663858e+29
      11075.0   1.3639270e+29
      11125.0   1.3652690e+29
      11175.0   1.3635514e+29
      11225.0   1.3688653e+29
      11275.0   1.3608796e+29
      11325.0   1.3639391e+29
      11375.0   1.3644138e+29
      11425.0   1.3600722e+29
      11475.0   1.3748177e+29
      11525.0   1.3769373e+29
      11575.0   1.3713738e+29
      11625.0   1.3610129e+29
      11675.0   1.3638383e+29
      11725.0   1.3733548e+29
      11775.0   1.3552106e+29
      11825.0   1.3545487e+29
      11875.0   1.3428538e+29
      11925.0   1.3617540e+29
      11975.0   1.3385330e+29
      12025.0   1.3588377e+29
      12075.0   1.3560066e+29
      12125.0   1.3617894e+29
      12175.0   1.3671791e+29
      12225.0   1.3662831e+29
      12275.0   1.3633252e+29
      12325.0   1.3626659e+29
      12375.0   1.3637294e+29
      12425.0   1.3569741e+29
      12475.0   1.3579999e+29
      12525.0   1.3543382e+29
      12575.0   1.3547108e+29
      12625.0   1.3536151e+29
      12675.0   1.3506900e+29
      12725.0   1.3529158e+29
      12775.0   1.3504595e+29
      12825.0   1.3295978e+29
      12875.0   1.3431835e+29
      12925.0   1.3434484e+29
      12975.0   1.3550056e+29
      13025.0   1.3491499e+29
      13075.0   1.3532567e+29
      13125.0   1.3381923e+29
      13175.0   1.3359575e+29
      13225.0   1.3378615e+29
      13275.0   1.3245077e+29
      13325.0   1.3275550e+29
      13375.0   1.3199143e+29
      13425.0   1.3227222e+29
      13475.0   1.3169249e+29
      13525.0   1.3131691e+29
      13575.0   1.3024921e+29
      13625.0   1.3017588e+29
      13675.0   1.3100233e+29
      13725.0   1.3156023e+29
      13775.0   1.3188304e+29
      13825.0   1.3227623e+29
      13875.0   1.3165029e+29
      13925.0   1.2826183e+29
      13975.0   1.2809485e+29
      14025.0   1.2747915e+29
      14075.0   1.2840257e+29
      14125.0   1.2780127e+29
      14175.0   1.2875809e+29
      14225.0   1.2809137e+29
      14275.0   1.2740719e+29
      14325.0   1.2913035e+29
      14375.0   1.2974790e+29
      14425.0   1.2803519e+29
      14475.0   1.3018167e+29
      14525.0   1.2948446e+29
      14570.0   1.3038892e+29
      14620.0   1.2898839e+29
      14675.0   1.2908666e+29
      14725.0   1.2854663e+29
      14775.0   1.2950450e+29
      14825.0   1.3016011e+29
      14875.0   1.2976601e+29
      14925.0   1.3208175e+29
      14975.0   1.3158860e+29
      15025.0   1.3125942e+29
      15075.0   1.3132004e+29
      15125.0   1.3325637e+29
      15175.0   1.3385260e+29
      15225.0   1.3422040e+29
      15275.0   1.3499373e+29
      15325.0   1.3508057e+29
      15375.0   1.3562031e+29
      15425.0   1.3486354e+29
      15475.0   1.3608876e+29
      15525.0   1.3587151e+29
      15575.0   1.3212680e+29
      15625.0   1.3455954e+29
      15675.0   1.3440383e+29
      15725.0   1.3600005e+29
      15775.0   1.3196244e+29
      15825.0   1.3249116e+29
      15875.0   1.3094257e+29
      15925.0   1.3606437e+29
      15975.0   1.3455300e+29
      16050.0   1.3445430e+29
      16150.0   1.3538616e+29
      16250.0   1.3481013e+29
      16350.0   1.3802781e+29
      16450.0   1.3317520e+29
      16550.0   1.3773702e+29
      16650.0   1.3452465e+29
      16750.0   1.3493681e+29
      16850.0   1.3165087e+29
      16950.0   1.3443951e+29
      17050.0   1.3276075e+29
      17150.0   1.3162588e+29
      17250.0   1.2979975e+29
      17350.0   1.2463847e+29
      17450.0   1.2572351e+29
      17550.0   1.2391456e+29
      17650.0   1.2233969e+29
      17750.0   1.1981970e+29
      17850.0   1.1832562e+29
      17950.0   1.1627707e+29
      18050.0   1.1383612e+29
      18150.0   1.1111181e+29
      18250.0   1.1137868e+29
      18350.0   1.1080943e+29
      18450.0   1.0962431e+29
      18550.0   1.0888742e+29
      18650.0   1.0698322e+29
      18750.0   1.1411792e+29
      18850.0   1.0519433e+29
      18950.0   1.0300429e+29
      19050.0   1.0392670e+29
      19150.0   1.0254728e+29
      19250.0   1.0176505e+29
      19350.0   9.9764467e+28
      19450.0   9.7472468e+28
      19550.0   9.7953113e+28
      19650.0   9.6886933e+28
      19750.0   9.5151979e+28
      19850.0   9.4621318e+28
      19950.0   9.3944357e+28
      20050.0   9.3842256e+28
      20150.0   9.3134857e+28
      20250.0   9.1811853e+28
      20350.0   9.1335109e+28
      20450.0   9.1517700e+28
      20550.0   9.0946635e+28
      20650.0   9.0097365e+28
      20750.0   8.9703597e+28
      20850.0   8.9161948e+28
      20950.0   8.8330396e+28
      21050.0   8.8317241e+28
      21150.0   8.7528314e+28
      21250.0   8.7165181e+28
      21350.0   8.6680866e+28
      21450.0   8.6063253e+28
      21550.0   8.5147389e+28
      21650.0   8.4188314e+28
      21750.0   8.3413230e+28
      21850.0   8.2958671e+28
      21950.0   8.2493878e+28
      22050.0   8.1142190e+28
      22150.0   8.1099187e+28
      22250.0   7.9797730e+28
      22350.0   7.9224041e+28
      22450.0   7.8493572e+28
      22550.0   7.7978968e+28
      22650.0   7.6854644e+28
      22750.0   7.6626019e+28
      22850.0   7.5503056e+28
      22950.0   6.6369269e+28
      23050.0   6.9330461e+28
      23150.0   6.9068378e+28
      23250.0   6.1818649e+28
      23350.0   6.5240951e+28
      23450.0   6.3194703e+28
      23550.0   5.8197628e+28
      23650.0   6.1624558e+28
      23750.0   5.9613029e+28
      23850.0   5.5870286e+28
      23950.0   5.8296420e+28
      24050.0   5.7186496e+28
      24150.0   5.3704615e+28
      24250.0   5.5149678e+28
      24350.0   5.3987290e+28
      24450.0   5.1775338e+28
      24550.0   5.1219015e+28
      24650.0   5.1420481e+28
      24750.0   4.9910840e+28
      24850.0   4.7084471e+28
      24950.0   4.6750519e+28
      25050.0   4.7496828e+28
      25150.0   4.5107086e+28
      25250.0   4.5799074e+28
      25350.0   4.5851813e+28
      25450.0   4.5299061e+28
      25550.0   4.4896090e+28
      25650.0   4.4819682e+28
      25750.0   4.5328993e+28
      25850.0   4.4203114e+28
      25950.0   4.4535136e+28
      26050.0   4.4664670e+28
      26150.0   4.3829499e+28
      26250.0   4.4832892e+28
      26350.0   4.3864055e+28
      26450.0   4.3759999e+28
      26550.0   4.3345470e+28
      26650.0   4.2742531e+28
      26750.0   4.2943054e+28
      26850.0   4.2913147e+28
      26950.0   4.2268124e+28
      27050.0   4.2466179e+28
      27150.0   4.2204983e+28
      27250.0   4.2185575e+28
      27350.0   4.1482127e+28
      27450.0   4.1561781e+28
      27550.0   4.1152779e+28
      27650.0   4.0979373e+28
      27750.0   4.0648529e+28
      27850.0   4.0731359e+28
      27950.0   4.0687057e+28
      28050.0   4.0405799e+28
      28150.0   3.9972857e+28
      28250.0   3.9891492e+28
      28350.0   3.9828284e+28
      28450.0   3.9500001e+28
      28550.0   3.9040000e+28
      28650.0   3.8569999e+28
      28750.0   3.7880000e+28
      28850.0   3.7880000e+28
      28950.0   3.7539999e+28
      29050.0   3.7140000e+28
      29150.0   3.6820001e+28
      29250.0   3.6250000e+28
      29350.0   3.6110000e+28
      29450.0   3.5649999e+28
      29550.0   3.5310001e+28
      29650.0   3.5039999e+28
      29750.0   3.4689999e+28
      29850.0   3.4280001e+28
      29950.0   3.3940000e+28
      30050.0   3.3610001e+28
      30150.0   3.3380000e+28
      30250.0   3.3010000e+28
      30350.0   3.2390001e+28
      30450.0   3.2340001e+28
      30550.0   3.2170000e+28
      30650.0   3.1910001e+28
      30750.0   3.1690000e+28
      30850.0   3.1349999e+28
      30950.0   3.1130000e+28
      31050.0   3.0930001e+28
      31150.0   3.0520001e+28
      31250.0   3.0360000e+28
      31350.0   3.0100000e+28
      31450.0   2.9829999e+28
      31550.0   2.9540001e+28
      31650.0   2.9250000e+28
      31750.0   2.9060001e+28
      31850.0   2.8799999e+28
      31950.0   2.8580000e+28
      32100.0   2.8189999e+28
      32300.0   2.7690000e+28
      32500.0   2.7230001e+28
      32700.0   2.6710000e+28
      32900.0   2.6040000e+28
      33100.0   2.5720001e+28
      33300.0   2.5269999e+28
      33500.0   2.4860001e+28
      33700.0   2.4390000e+28
      33900.0   2.3910000e+28
      34100.0   2.3449999e+28
      34300.0   2.3060000e+28
      34500.0   2.2630000e+28
      34700.0   2.2200001e+28
      34900.0   2.1800000e+28
      35100.0   2.1400001e+28
      35300.0   2.0969999e+28
      35500.0   2.0599999e+28
      35700.0   2.0190001e+28
      35900.0   1.9820001e+28
      36100.0   1.9480000e+28
      36300.0   1.9120000e+28
      36500.0   1.8720000e+28
      36700.0   1.8380001e+28
      36900.0   1.7980000e+28
      37100.0   1.7650001e+28
      37300.0   1.7330000e+28
      37500.0   1.6910000e+28
      37700.0   1.6740001e+28
      37900.0   1.6420000e+28
      38100.0   1.6099999e+28
      38300.0   1.5830001e+28
      38500.0   1.5560000e+28
      38700.0   1.5230000e+28
      38900.0   1.4950001e+28
      39100.0   1.4660000e+28
      39300.0   1.4410000e+28
      39500.0   1.4110000e+28
      39700.0   1.3860000e+28
      39900.0   1.3549999e+28
      40100.0   1.3310001e+28
      40300.0   1.3080002e+28
      40500.0   1.4994042e+28
      40700.0   1.2610049e+28
      40900.0   1.2390000e+28
      41100.0   1.2170000e+28
      41300.0   1.1950000e+28
      41500.0   1.1720000e+28
      41700.0   1.1470000e+28
      41900.0   1.1300000e+28
      42100.0   1.1090000e+28
      42300.0   1.0930000e+28
      42500.0   1.0720000e+28
      42700.0   1.0540000e+28
      42900.0   1.0059999e+28
      43100.0   9.5499998e+27
      43300.0   9.5110002e+27
      43500.0   9.0570001e+27
      43700.0   8.7870000e+27
      43900.0   8.5919999e+27
      44100.0   8.2940003e+27
      44300.0   8.0929998e+27
      44500.0   7.9370000e+27
      44700.0   7.7419999e+27
      44900.0   7.6610001e+27
      45100.0   7.5149999e+27
      45300.0   7.3509998e+27
      45500.0   7.2770003e+27
      45700.0   7.1549997e+27
      45900.0   6.9480001e+27
      46100.0   6.9440003e+27
      46300.0   6.8059997e+27
      46500.0   6.6819998e+27
      46700.0   6.6539997e+27
      46900.0   6.5550000e+27
      47100.0   6.4440002e+27
      47300.0   6.4310001e+27
      47500.0   6.2670000e+27
      47700.0   6.2269998e+27
      47900.0   6.1470000e+27
      48100.0   5.9870003e+27
      48300.0   6.0100000e+27
      48500.0   5.8639998e+27
      48700.0   5.7589997e+27
      48900.0   5.6850002e+27
      49100.0   5.5930003e+27
      49300.0   5.5350002e+27
      49500.0   5.4270002e+27
      49700.0   5.3990001e+27
      49900.0   5.3090001e+27
      50100.0   5.2480001e+27
      50300.0   5.1750000e+27
      50500.0   5.0719999e+27
      50700.0   5.0259999e+27
      50900.0   4.9560003e+27
      51100.0   4.8700001e+27
      51300.0   4.8030000e+27
      51500.0   4.7420000e+27
      51700.0   4.7149999e+27
      51900.0   4.6340001e+27
      52100.0   4.5789999e+27
      52300.0   4.5050001e+27
      52500.0   4.4629999e+27
      52700.0   4.4360001e+27
      52900.0   4.3390000e+27
      53100.0   4.2780001e+27
      53300.0   4.2410000e+27
      53500.0   4.1860001e+27
      53700.0   4.1369999e+27
      53900.0   4.0880001e+27
      54100.0   4.0389999e+27
      54300.0   3.9680000e+27
      54500.0   3.9450000e+27
      54700.0   3.8760001e+27
      54900.0   3.8380001e+27
      55100.0   3.7819999e+27
      55300.0   3.7830001e+27
      55500.0   3.6899999e+27
      55700.0   3.6749999e+27
      55900.0   3.6149999e+27
      56100.0   3.5880000e+27
      56300.0   3.5220000e+27
      56500.0   3.5009999e+27
      56700.0   3.4559999e+27
      56900.0   3.3960001e+27
      57100.0   3.3789999e+27
      57300.0   3.3370001e+27
      57500.0   3.2949999e+27
      57700.0   3.2530001e+27
      57900.0   3.2269999e+27
      58100.0   3.1800000e+27
      58300.0   3.1449999e+27
      58500.0   3.1080001e+27
      58700.0   3.0599999e+27
      58900.0   3.0250001e+27
      59100.0   2.9800001e+27
      59300.0   2.9609999e+27
      59500.0   2.9200001e+27
      59700.0   2.8960001e+27
      59900.0   2.8619999e+27
      60100.0   2.8280001e+27
      60300.0   2.7939999e+27
      60500.0   2.7550000e+27
      60700.0   2.7240000e+27
      60900.0   2.6920001e+27
      61100.0   2.6570000e+27
      61300.0   2.6320000e+27
      61500.0   2.6039999e+27
      61700.0   2.5780001e+27
      61900.0   2.5460001e+27
      62100.0   2.5200000e+27
      62300.0   2.4860001e+27
      62500.0   2.4530001e+27
      62700.0   2.4259999e+27
      62900.0   2.4000001e+27
      63100.0   2.3710000e+27
      63300.0   2.3499999e+27
      63500.0   2.3190000e+27
      63700.0   2.2990000e+27
      63900.0   2.2660000e+27
      64200.0   2.2310000e+27
      64600.0   2.1790000e+27
      65000.0   2.1310000e+27
      65400.0   2.0830000e+27
      65800.0   2.0389999e+27
      66200.0   1.9920000e+27
      66600.0   1.9490000e+27
      67000.0   1.9070001e+27
      67400.0   1.8640000e+27
      67800.0   1.8230001e+27
      68200.0   1.7830000e+27
      68600.0   1.7460000e+27
      69000.0   1.7080000e+27
      69400.0   1.6709999e+27
      69800.0   1.6360000e+27
      70200.0   1.6000000e+27
      70600.0   1.5670000e+27
      71000.0   1.5340000e+27
      71400.0   1.5020000e+27
      71800.0   1.4699999e+27
      72200.0   1.4400001e+27
      72600.0   1.4100001e+27
      73000.0   1.3810000e+27
      73400.0   1.3530001e+27
      73800.0   1.3250000e+27
      74200.0   1.2970000e+27
      74600.0   1.2670000e+27
      75000.0   1.2419999e+27
      75400.0   1.2200000e+27
      75800.0   1.1970000e+27
      76200.0   1.1730000e+27
      76600.0   1.1500000e+27
      77000.0   1.1270000e+27
      77400.0   1.1050000e+27
      77800.0   1.0840000e+27
      78200.0   1.0630000e+27
      78600.0   1.0420000e+27
      79000.0   1.0220000e+27
      79400.0   1.0030000e+27
      79800.0   9.8379998e+26
      80200.0   9.6479999e+26
      80600.0   9.4659998e+26
      81000.0   9.2919998e+26
      81400.0   9.1170000e+26
      81800.0   8.9500001e+26
      82200.0   8.7849999e+26
      82600.0   8.6220001e+26
      83000.0   8.4649998e+26
      83400.0   8.3090001e+26
      83800.0   8.1580003e+26
      84200.0   8.0130000e+26
      84600.0   7.8679997e+26
      85000.0   7.7270002e+26
      85400.0   7.5899999e+26
      85800.0   7.4559998e+26
      86200.0   7.3259997e+26
      86600.0   7.1970002e+26
      87000.0   7.0700002e+26
      87400.0   6.9480001e+26
      87800.0   6.8269998e+26
      88200.0   6.7079998e+26
      88600.0   6.5929999e+26
      89000.0   6.4800003e+26
      89400.0   6.3710000e+26
      89800.0   6.2600000e+26
      90200.0   6.1570000e+26
      90600.0   6.0540000e+26
      91000.0   5.9490001e+26
      91400.0   5.8500001e+26
      91800.0   5.7539999e+26
      92200.0   5.6609999e+26
      92600.0   5.5670001e+26
      93000.0   5.4760001e+26
      93400.0   5.3859999e+26
      93800.0   5.2989999e+26
      94200.0   5.2130001e+26
      94600.0   5.1280001e+26
      95000.0   5.0459999e+26
      95400.0   4.9660000e+26
      95800.0   4.8870000e+26
      96200.0   4.8090001e+26
      96600.0   4.7329999e+26
      97000.0   4.6590001e+26
      97400.0   4.5829999e+26
      97800.0   4.5140002e+26
      98200.0   4.4439999e+26
      98600.0   4.3749999e+26
      99000.0   4.3079999e+26
      99400.0   4.2420000e+26
      99800.0   4.1769999e+26
      100200.   4.1130001e+26
      200000.   2.8980001e+25
      400000.   2.2640000e+24
      600000.   5.9479999e+23
      800000.   2.5680001e+23
  1.00000e+06   1.4260000e+23
  1.20000e+06   9.2289997e+22
  1.40000e+06   6.5100001e+22
  1.60000e+06   4.8629999e+22
