      91.0000      0.00000
      94.0000      0.00000
      96.0000      0.00000
      98.0000      0.00000
      100.000      0.00000
      102.000      0.00000
      104.000      0.00000
      106.000      0.00000
      108.000      0.00000
      110.000      0.00000
      114.000      0.00000
      118.000      0.00000
      121.000      0.00000
      125.000      0.00000
      127.000      0.00000
      128.000      0.00000
      131.000      0.00000
      132.000      0.00000
      134.000      0.00000
      137.000      0.00000
      140.000      0.00000
      143.000      0.00000
      147.000      0.00000
      151.000      0.00000
      155.000      0.00000
      159.000      0.00000
      162.000      0.00000
      166.000      0.00000
      170.000      0.00000
      173.000      0.00000
      177.000      0.00000
      180.000      0.00000
      182.000      0.00000
      186.000      0.00000
      191.000      0.00000
      194.000      0.00000
      198.000      0.00000
      202.000      0.00000
      205.000      0.00000
      210.000      0.00000
      216.000      0.00000
      220.000      0.00000
      223.000      0.00000
      227.000      0.00000
      230.000      0.00000
      234.000      0.00000
      240.000      0.00000
      246.000      0.00000
      252.000      0.00000
      257.000      0.00000
      260.000      0.00000
      264.000      0.00000
      269.000      0.00000
      274.000      0.00000
      279.000      0.00000
      284.000      0.00000
      290.000      0.00000
      296.000      0.00000
      301.000      0.00000
      308.000      0.00000
      318.000      0.00000
      328.000      0.00000
      338.000      0.00000
      348.000      0.00000
      357.000      0.00000
      366.000      0.00000
      375.000      0.00000
      385.000      0.00000
      395.000      0.00000
      405.000      0.00000
      414.000      0.00000
      422.000      0.00000
      430.000      0.00000
      441.000      0.00000
      451.000      0.00000
      460.000      0.00000
      470.000      0.00000
      480.000      0.00000
      490.000      0.00000
      500.000      0.00000
      506.000      0.00000
      512.000      0.00000
      520.000      0.00000
      530.000      0.00000
      540.000      0.00000
      550.000      0.00000
      560.000      0.00000
      570.000      0.00000
      580.000      0.00000
      590.000      0.00000
      600.000      0.00000
      610.000      0.00000
      620.000      0.00000
      630.000      0.00000
      640.000      0.00000
      650.000      0.00000
      658.000      0.00000
      665.000      0.00000
      675.000      0.00000
      685.000      0.00000
      695.000      0.00000
      705.000      0.00000
      716.000      0.00000
      726.000      0.00000
      735.000      0.00000
      745.000      0.00000
      755.000      0.00000
      765.000      0.00000
      775.000      0.00000
      785.000      0.00000
      795.000      0.00000
      805.000      0.00000
      815.000      0.00000
      825.000      0.00000
      835.000      0.00000
      845.000      0.00000
      855.000      0.00000
      865.000      0.00000
      875.000      0.00000
      885.000      0.00000
      895.000      0.00000
      905.000      0.00000
      915.000  6.02000e+28
      925.000  1.38000e+29
      935.000  2.10300e+29
      945.000  2.88600e+29
      955.000  3.34100e+29
      965.000  3.76100e+29
      975.000  1.63900e+29
      985.000  3.41600e+29
      995.000  3.21400e+29
      1005.00  3.75400e+29
      1015.00  3.65500e+29
      1025.00  2.34400e+29
      1035.00  3.23100e+29
      1045.00  4.32400e+29
      1055.00  4.24800e+29
      1065.00  3.75500e+29
      1075.00  4.05700e+29
      1085.00  3.61800e+29
      1095.00  4.10500e+29
      1105.00  3.97400e+29
      1115.00  3.92600e+29
      1125.00  3.60400e+29
      1135.00  4.02500e+29
      1145.00  3.79000e+29
      1155.00  3.81100e+29
      1165.00  3.81400e+29
      1175.00  2.91600e+29
      1185.00  3.58500e+29
      1195.00  3.03800e+29
      1205.00  2.63100e+29
      1215.00  1.85800e+29
      1225.00  2.78400e+29
      1235.00  3.41000e+29
      1245.00  3.60600e+29
      1255.00  3.57300e+29
      1265.00  3.35300e+29
      1275.00  3.75600e+29
      1285.00  3.82700e+29
      1295.00  3.44200e+29
      1305.00  3.38400e+29
      1315.00  3.73800e+29
      1325.00  3.61800e+29
      1335.00  3.63379e+29
      1345.00  3.63200e+29
      1355.00  3.52300e+29
      1365.00  3.30300e+29
      1375.00  3.32300e+29
      1385.00  3.31100e+29
      1395.00  2.84200e+29
      1405.00  2.79400e+29
      1415.00  3.10200e+29
      1425.00  3.04900e+29
      1435.00  3.08100e+29
      1442.00  3.15400e+29
      1447.00  3.16700e+29
      1455.00  3.10200e+29
      1465.00  2.98000e+29
      1475.00  2.96000e+29
      1485.00  2.97800e+29
      1495.00  2.97600e+29
      1505.00  2.90300e+29
      1512.00  2.73800e+29
      1517.00  2.82500e+29
      1525.00  2.77400e+29
      1535.00  2.52600e+29
      1545.00  2.50600e+29
      1555.00  2.44400e+29
      1565.00  2.55600e+29
      1575.00  2.68300e+29
      1585.00  2.74200e+29
      1595.00  2.77400e+29
      1605.00  2.67300e+29
      1615.00  2.64300e+29
      1625.00  2.57200e+29
      1635.00  2.64800e+29
      1645.00  2.64200e+29
      1655.00  2.54100e+29
      1665.00  2.66412e+29
      1672.00  2.45700e+29
      1677.00  2.67400e+29
      1685.00  2.69600e+29
      1695.00  2.58500e+29
      1705.00  2.51300e+29
      1715.00  2.43200e+29
      1725.00  2.39800e+29
      1735.00  2.48800e+29
      1745.00  2.43600e+29
      1755.00  2.50000e+29
      1765.00  2.36500e+29
      1775.00  2.39200e+29
      1785.00  2.40200e+29
      1795.00  2.45500e+29
      1805.00  2.43200e+29
      1815.00  2.32400e+29
      1825.00  2.32400e+29
      1835.00  2.27000e+29
      1845.00  2.13600e+29
      1855.00  2.13900e+29
      1865.00  2.16100e+29
      1875.00  2.22300e+29
      1885.00  2.10200e+29
      1895.00  2.03100e+29
      1905.00  2.27011e+29
      1915.00  2.02805e+29
      1925.00  1.97100e+29
      1935.00  2.00000e+29
      1945.00  2.04800e+29
      1955.00  1.93200e+29
      1967.00  2.01600e+29
      1976.00  2.03700e+29
      1984.00  1.95100e+29
      1995.00  1.89500e+29
      2005.00  1.90800e+29
      2015.00  1.86600e+29
      2025.00  1.88800e+29
      2035.00  1.81800e+29
      2045.00  1.83200e+29
      2055.00  1.68500e+29
      2065.00  1.72000e+29
      2074.00  1.82100e+29
      2078.00  1.76400e+29
      2085.00  1.78200e+29
      2095.00  1.70600e+29
      2105.00  1.70700e+29
      2115.00  1.70500e+29
      2125.00  1.71200e+29
      2135.00  1.63639e+29
      2145.00  1.65146e+29
      2155.00  1.67300e+29
      2165.00  1.62600e+29
      2175.00  1.61500e+29
      2185.00  1.59500e+29
      2195.00  1.63600e+29
      2205.00  1.59900e+29
      2215.00  1.54400e+29
      2225.00  1.51500e+29
      2235.00  1.56600e+29
      2245.00  1.51800e+29
      2255.00  1.48200e+29
      2265.00  1.49300e+29
      2275.00  1.51400e+29
      2285.00  1.52700e+29
      2295.00  1.46400e+29
      2305.00  1.46800e+29
      2315.00  1.43901e+29
      2325.00  1.65914e+29
      2335.00  1.38724e+29
      2345.00  1.34800e+29
      2355.00  1.40400e+29
      2365.00  1.33900e+29
      2375.00  1.35800e+29
      2385.00  1.28500e+29
      2395.00  1.33200e+29
      2405.00  1.29900e+29
      2415.00  1.30500e+29
      2425.00  1.34100e+29
      2435.00  1.30200e+29
      2445.00  1.33700e+29
      2455.00  1.31800e+29
      2465.00  1.30800e+29
      2475.00  1.27600e+29
      2485.00  1.29100e+29
      2495.00  1.20500e+29
      2505.00  1.31000e+29
      2513.00  1.22400e+29
      2518.00  1.24500e+29
      2525.00  1.21100e+29
      2535.00  1.20900e+29
      2545.00  1.19500e+29
      2555.00  1.23400e+29
      2565.00  1.21600e+29
      2575.00  1.24700e+29
      2585.00  1.23800e+29
      2595.00  1.22300e+29
      2605.00  1.19200e+29
      2615.00  1.17600e+29
      2625.00  1.20000e+29
      2635.00  1.20800e+29
      2645.00  1.26200e+29
      2655.00  1.26400e+29
      2665.00  1.20200e+29
      2675.00  1.22100e+29
      2685.00  1.22000e+29
      2695.00  1.17700e+29
      2705.00  1.18900e+29
      2715.00  1.14900e+29
      2725.00  1.14200e+29
      2735.00  1.16700e+29
      2745.00  1.08200e+29
      2755.00  1.08900e+29
      2765.00  1.10800e+29
      2775.00  1.13200e+29
      2785.00  1.09700e+29
      2795.00  1.00711e+29
      2805.00  9.97983e+28
      2815.00  1.11200e+29
      2825.00  1.12400e+29
      2835.00  1.09500e+29
      2845.00  1.07300e+29
      2855.00  1.04900e+29
      2865.00  1.09100e+29
      2875.00  1.08400e+29
      2885.00  1.08300e+29
      2895.00  1.07200e+29
      2910.00  1.11200e+29
      2930.00  1.08000e+29
      2950.00  1.06100e+29
      2970.00  1.05900e+29
      2990.00  1.05100e+29
      3010.00  1.04800e+29
      3030.00  1.04000e+29
      3050.00  1.03300e+29
      3070.00  1.02400e+29
      3090.00  1.01800e+29
      3110.00  1.00800e+29
      3130.00  9.92000e+28
      3150.00  9.86800e+28
      3170.00  9.81200e+28
      3190.00  9.47500e+28
      3210.00  9.57100e+28
      3230.00  9.31600e+28
      3250.00  9.50700e+28
      3270.00  9.59200e+28
      3290.00  9.50300e+28
      3310.00  9.42000e+28
      3330.00  9.30900e+28
      3350.00  9.15600e+28
      3370.00  8.89300e+28
      3390.00  8.89900e+28
      3410.00  8.88900e+28
      3430.00  8.82000e+28
      3450.00  8.78400e+28
      3470.00  8.72900e+28
      3490.00  8.74600e+28
      3510.00  8.78300e+28
      3530.00  8.61400e+28
      3550.00  8.72400e+28
      3570.00  8.30900e+28
      3590.00  8.21800e+28
      3610.00  8.34500e+28
      3630.00  8.32800e+28
      3640.00  8.32900e+28
      3650.00  8.08100e+28
      3670.00  7.92300e+28
      3690.00  7.64860e+28
      3710.00  8.28289e+28
      3730.00  3.15428e+29
      3750.00  9.45449e+28
      3770.00  9.92540e+28
      3790.00  1.07032e+29
      3810.00  1.15916e+29
      3830.00  9.80748e+28
      3850.00  1.19704e+29
      3870.00  1.57766e+29
      3890.00  1.02326e+29
      3910.00  1.30100e+29
      3930.00  1.15900e+29
      3950.00  1.25400e+29
      3970.00  9.86593e+28
      3990.00  1.28200e+29
      4010.00  1.37200e+29
      4030.00  1.35900e+29
      4050.00  1.35000e+29
      4070.00  1.34212e+29
      4090.00  1.16809e+29
      4110.00  1.00477e+29
      4130.00  1.26300e+29
      4150.00  1.29500e+29
      4170.00  1.29100e+29
      4190.00  1.27500e+29
      4210.00  1.26900e+29
      4230.00  1.24800e+29
      4250.00  1.24200e+29
      4270.00  1.21000e+29
      4290.00  1.18800e+29
      4310.00  1.11200e+29
      4330.00  1.04487e+29
      4350.00  9.43404e+28
      4370.00  1.17014e+29
      4390.00  1.15800e+29
      4410.00  1.16900e+29
      4430.00  1.17900e+29
      4450.00  1.17500e+29
      4470.00  1.21711e+29
      4490.00  1.16901e+29
      4510.00  1.19800e+29
      4530.00  1.15200e+29
      4550.00  1.14600e+29
      4570.00  1.16800e+29
      4590.00  1.13700e+29
      4610.00  1.14500e+29
      4630.00  1.12400e+29
      4650.00  1.12200e+29
      4670.00  1.12400e+29
      4690.00  1.10500e+29
      4710.00  1.07700e+29
      4730.00  1.09400e+29
      4750.00  1.09600e+29
      4770.00  1.08500e+29
      4790.00  1.07400e+29
      4810.00  1.05700e+29
      4830.00  1.03700e+29
      4850.00  9.74920e+28
      4870.00  9.45819e+28
      4890.00  9.92700e+28
      4910.00  1.01100e+29
      4930.00  9.97900e+28
      4950.00  1.01400e+29
      4970.00  1.00800e+29
      4990.00  9.88503e+28
      5010.00  4.10289e+29
      5030.00  9.67300e+28
      5050.00  9.55500e+28
      5070.00  9.67700e+28
      5090.00  9.45600e+28
      5110.00  9.45600e+28
      5130.00  9.27800e+28
      5150.00  9.09200e+28
      5170.00  8.87100e+28
      5190.00  8.93323e+28
      5210.00  8.99051e+28
      5230.00  8.99500e+28
      5250.00  9.07000e+28
      5270.00  8.64500e+28
      5290.00  8.96900e+28
      5310.00  9.02600e+28
      5330.00  8.65100e+28
      5350.00  8.85700e+28
      5370.00  8.77200e+28
      5390.00  8.66100e+28
      5410.00  8.52800e+28
      5430.00  8.53100e+28
      5450.00  8.59700e+28
      5470.00  8.46600e+28
      5490.00  8.42300e+28
      5510.00  8.36200e+28
      5530.00  8.37600e+28
      5550.00  8.37100e+28
      5570.00  8.23500e+28
      5590.00  8.13300e+28
      5610.00  8.18200e+28
      5630.00  8.13000e+28
      5650.00  8.10400e+28
      5670.00  7.97100e+28
      5690.00  8.01600e+28
      5710.00  7.86400e+28
      5730.00  8.04901e+28
      5750.00  7.95732e+28
      5770.00  7.89576e+28
      5790.00  7.75000e+28
      5810.00  7.80500e+28
      5830.00  7.83100e+28
      5850.00  7.70506e+28
      5870.00  8.26177e+28
      5890.00  7.41310e+28
      5910.00  7.54400e+28
      5930.00  7.51900e+28
      5950.00  7.47900e+28
      5970.00  7.48400e+28
      5990.00  7.39500e+28
      6010.00  7.31300e+28
      6030.00  7.33100e+28
      6050.00  7.35200e+28
      6070.00  7.30000e+28
      6090.00  7.17200e+28
      6110.00  7.13900e+28
      6130.00  6.95400e+28
      6150.00  6.96100e+28
      6170.00  6.83900e+28
      6190.00  6.95400e+28
      6210.00  6.90700e+28
      6230.00  6.78300e+28
      6250.00  6.63500e+28
      6270.00  6.76201e+28
      6290.00  7.00708e+28
      6310.00  7.06584e+28
      6330.00  6.66509e+28
      6350.00  6.63200e+28
      6370.00  6.59600e+28
      6390.00  6.60000e+28
      6410.00  6.50000e+28
      6430.00  6.50000e+28
      6450.00  6.45300e+28
      6470.00  6.42100e+28
      6490.00  6.31500e+28
      6510.00  6.36200e+28
      6530.00  6.28813e+28
      6550.00  9.54636e+28
      6570.00  1.55263e+29
      6590.00  1.03941e+29
      6610.00  6.19070e+28
      6630.00  6.17900e+28
      6650.00  6.14904e+28
      6670.00  6.20200e+28
      6690.00  6.16339e+28
      6710.00  8.65037e+28
      6730.00  9.15232e+28
      6750.00  5.99940e+28
      6770.00  5.96000e+28
      6790.00  5.91500e+28
      6810.00  5.88800e+28
      6830.00  5.88800e+28
      6850.00  5.79700e+28
      6870.00  5.81100e+28
      6890.00  5.82300e+28
      6910.00  5.78400e+28
      6930.00  5.74600e+28
      6950.00  5.70500e+28
      6970.00  5.71100e+28
      6990.00  5.68000e+28
      7010.00  5.60700e+28
      7030.00  5.62700e+28
      7050.00  5.60100e+28
      7070.00  5.50700e+28
      7090.00  5.45100e+28
      7110.00  5.38724e+28
      7130.00  6.49618e+28
      7150.00  5.47177e+28
      7170.00  5.31001e+28
      7190.00  5.21700e+28
      7210.00  5.25400e+28
      7230.00  5.27000e+28
      7250.00  5.26300e+28
      7270.00  5.24900e+28
      7290.00  5.17900e+28
      7310.00  5.22960e+28
      7330.00  5.48329e+28
      7350.00  5.22960e+28
      7370.00  5.26700e+28
      7390.00  5.18700e+28
      7410.00  5.14600e+28
      7430.00  5.20200e+28
      7450.00  5.18800e+28
      7470.00  5.20800e+28
      7490.00  5.18300e+28
      7510.00  5.18700e+28
      7530.00  5.20700e+28
      7550.00  5.21400e+28
      7570.00  5.18100e+28
      7590.00  5.10600e+28
      7610.00  5.03500e+28
      7630.00  4.96500e+28
      7650.00  4.89400e+28
      7670.00  4.76900e+28
      7690.00  4.81800e+28
      7710.00  4.74800e+28
      7730.00  4.74800e+28
      7750.00  4.70800e+28
      7770.00  4.70900e+28
      7790.00  4.72100e+28
      7810.00  4.71200e+28
      7830.00  4.67700e+28
      7850.00  4.63900e+28
      7870.00  4.64700e+28
      7890.00  4.60300e+28
      7910.00  4.53200e+28
      7930.00  4.52100e+28
      7950.00  4.49200e+28
      7970.00  4.55500e+28
      7990.00  4.52800e+28
      8010.00  4.57400e+28
      8030.00  4.57600e+28
      8050.00  4.55300e+28
      8070.00  4.58100e+28
      8090.00  4.55400e+28
      8110.00  4.56400e+28
      8130.00  4.60800e+28
      8150.00  4.62600e+28
      8170.00  4.62700e+28
      8190.00  4.55400e+28
      8210.00  4.44200e+28
      8230.00  4.41800e+28
      8250.00  4.40800e+28
      8270.00  4.40800e+28
      8290.00  4.37100e+28
      8310.00  4.30100e+28
      8330.00  4.25600e+28
      8350.00  4.25500e+28
      8370.00  4.24000e+28
      8390.00  4.16300e+28
      8410.00  4.20700e+28
      8430.00  4.13100e+28
      8450.00  4.08000e+28
      8470.00  4.02400e+28
      8490.00  4.08000e+28
      8510.00  3.88100e+28
      8530.00  4.06800e+28
      8550.00  3.63200e+28
      8570.00  4.15700e+28
      8590.00  4.01800e+28
      8610.00  4.00400e+28
      8630.00  4.18600e+28
      8650.00  4.10600e+28
      8670.00  3.61600e+28
      8690.00  4.10000e+28
      8710.00  4.20600e+28
      8730.00  4.16253e+28
      8750.00  3.93480e+28
      8770.00  4.11859e+28
      8790.00  4.22500e+28
      8810.00  4.19400e+28
      8830.00  4.16808e+28
      8850.00  4.03291e+28
      8870.00  3.78880e+28
      8890.00  3.99264e+28
      8910.00  4.05100e+28
      8930.00  4.02900e+28
      8950.00  4.02600e+28
      8970.00  4.01100e+28
      8990.00  3.95905e+28
      9010.00  3.74305e+28
      9030.00  3.86515e+28
      9050.00  5.54347e+28
      9070.00  1.75650e+29
      9090.00  4.93336e+28
      9110.00  4.04350e+28
      9130.00  4.05800e+28
      9150.00  4.03900e+28
      9170.00  4.01800e+28
      9190.00  4.00102e+28
      9210.00  3.87408e+28
      9230.00  3.69163e+28
      9250.00  3.76742e+28
      9270.00  3.84001e+28
      9290.00  3.84300e+28
      9310.00  3.84400e+28
      9330.00  3.84600e+28
      9350.00  3.82800e+28
      9370.00  3.78700e+28
      9390.00  3.81000e+28
      9410.00  3.75300e+28
      9430.00  3.80200e+28
      9450.00  3.77100e+28
      9470.00  3.79300e+28
      9490.00  3.77300e+28
      9510.00  3.70814e+28
      9530.00  3.67991e+28
      9550.00  3.57708e+28
      9570.00  3.63542e+28
      9590.00  3.70100e+28
      9610.00  3.68200e+28
      9630.00  3.68100e+28
      9650.00  3.65600e+28
      9670.00  3.64400e+28
      9690.00  3.65800e+28
      9710.00  3.62200e+28
      9730.00  3.59300e+28
      9750.00  3.57600e+28
      9770.00  3.57400e+28
      9790.00  3.54600e+28
      9810.00  3.56700e+28
      9830.00  3.54700e+28
      9850.00  3.53900e+28
      9870.00  3.51600e+28
      9890.00  3.50200e+28
      9910.00  3.49300e+28
      9930.00  3.49100e+28
      9950.00  3.48500e+28
      9970.00  3.47400e+28
      9990.00  3.45400e+28
      10025.0  3.37830e+28
      10075.0  3.30289e+28
      10125.0  3.38100e+28
      10175.0  3.34800e+28
      10225.0  3.33600e+28
      10275.0  3.32100e+28
      10325.0  3.91877e+28
      10375.0  3.24306e+28
      10425.0  3.23000e+28
      10475.0  3.18200e+28
      10525.0  3.15500e+28
      10575.0  3.10900e+28
      10625.0  3.07400e+28
      10675.0  3.05664e+28
      10725.0  3.02558e+28
      10775.0  2.99100e+28
      10825.0  3.81231e+28
      10875.0  2.91617e+28
      10925.0  2.98895e+28
      10975.0  2.82830e+28
      11025.0  2.84500e+28
      11075.0  2.81800e+28
      11125.0  2.79400e+28
      11175.0  2.76600e+28
      11225.0  2.75300e+28
      11275.0  2.71200e+28
      11325.0  2.69500e+28
      11375.0  2.67400e+28
      11425.0  2.64200e+28
      11475.0  2.64600e+28
      11525.0  2.62700e+28
      11575.0  2.59500e+28
      11625.0  2.55500e+28
      11675.0  2.54000e+28
      11725.0  2.54000e+28
      11775.0  2.49100e+28
      11825.0  2.47000e+28
      11875.0  2.43300e+28
      11925.0  2.44900e+28
      11975.0  2.38800e+28
      12025.0  2.40200e+28
      12075.0  2.37600e+28
      12125.0  2.36500e+28
      12175.0  2.35700e+28
      12225.0  2.33600e+28
      12275.0  2.31400e+28
      12325.0  2.29700e+28
      12375.0  2.28000e+28
      12425.0  2.25800e+28
      12475.0  2.24300e+28
      12525.0  2.22200e+28
      12575.0  2.20500e+28
      12625.0  2.18800e+28
      12675.0  2.16900e+28
      12725.0  2.15700e+28
      12775.0  2.17979e+28
      12825.0  2.58910e+28
      12875.0  2.09703e+28
      12925.0  2.08500e+28
      12975.0  2.08600e+28
      13025.0  2.06400e+28
      13075.0  2.05400e+28
      13125.0  2.02200e+28
      13175.0  2.00400e+28
      13225.0  1.99400e+28
      13275.0  1.96200e+28
      13325.0  1.95500e+28
      13375.0  1.93400e+28
      13425.0  1.92600e+28
      13475.0  1.90600e+28
      13525.0  1.88900e+28
      13575.0  1.85900e+28
      13625.0  1.84800e+28
      13675.0  1.84700e+28
      13725.0  1.84200e+28
      13775.0  1.83600e+28
      13825.0  1.82900e+28
      13875.0  1.81200e+28
      13925.0  1.74700e+28
      13975.0  1.73400e+28
      14025.0  1.71500e+28
      14075.0  1.71800e+28
      14125.0  1.70100e+28
      14175.0  1.70400e+28
      14225.0  1.68400e+28
      14275.0  1.66800e+28
      14325.0  1.68000e+28
      14375.0  1.68100e+28
      14425.0  1.64600e+28
      14475.0  1.66700e+28
      14525.0  1.64700e+28
      14570.0  1.65100e+28
      14620.0  1.61600e+28
      14675.0  1.60800e+28
      14725.0  1.59200e+28
      14775.0  1.59500e+28
      14825.0  1.59400e+28
      14875.0  1.58200e+28
      14925.0  1.59900e+28
      14975.0  1.58600e+28
      15025.0  1.57400e+28
      15075.0  1.56600e+28
      15125.0  1.58200e+28
      15175.0  1.58200e+28
      15225.0  1.57700e+28
      15275.0  1.57800e+28
      15325.0  1.57000e+28
      15375.0  1.56600e+28
      15425.0  1.54900e+28
      15475.0  1.55500e+28
      15525.0  1.54500e+28
      15575.0  1.50300e+28
      15625.0  1.52100e+28
      15675.0  1.50900e+28
      15725.0  1.51600e+28
      15775.0  1.47300e+28
      15825.0  1.46800e+28
      15875.0  1.44100e+28
      15925.0  1.49200e+28
      15975.0  1.47200e+28
      16050.0  1.45800e+28
      16150.0  1.45600e+28
      16250.0  1.43500e+28
      16350.0  1.45300e+28
      16450.0  1.47198e+28
      16550.0  1.42700e+28
      16650.0  1.39000e+28
      16750.0  1.37700e+28
      16850.0  1.33700e+28
      16950.0  1.35100e+28
      17050.0  1.32300e+28
      17150.0  1.30100e+28
      17250.0  1.27300e+28
      17350.0  1.21600e+28
      17450.0  1.21300e+28
      17550.0  1.18900e+28
      17650.0  1.16200e+28
      17750.0  1.13000e+28
      17850.0  1.10600e+28
      17950.0  1.07700e+28
      18050.0  1.04800e+28
      18150.0  1.01200e+28
      18250.0  1.00800e+28
      18350.0  9.97200e+27
      18450.0  9.77100e+27
      18550.0  9.63000e+27
      18650.0  9.39000e+27
      18750.0  1.67464e+28
      18850.0  9.11501e+27
      18950.0  8.86800e+27
      19050.0  8.87600e+27
      19150.0  8.71700e+27
      19250.0  8.59200e+27
      19350.0  8.39300e+27
      19450.0  8.55576e+27
      19550.0  8.12900e+27
      19650.0  7.98700e+27
      19750.0  7.81400e+27
      19850.0  7.70700e+27
      19950.0  7.60500e+27
      20050.0  7.54200e+27
      20150.0  7.44800e+27
      20250.0  7.30500e+27
      20350.0  7.21600e+27
      20450.0  7.19300e+27
      20550.0  7.19198e+27
      20650.0  7.00502e+27
      20750.0  6.93700e+27
      20850.0  6.86000e+27
      20950.0  6.76200e+27
      21050.0  6.72200e+27
      21150.0  6.62726e+27
      21250.0  6.74497e+27
      21350.0  6.49000e+27
      21450.0  6.41200e+27
      21550.0  6.32200e+27
      21650.0  6.75846e+27
      21750.0  6.12605e+27
      21850.0  6.06200e+27
      21950.0  5.99700e+27
      22050.0  5.87800e+27
      22150.0  5.83500e+27
      22250.0  5.72200e+27
      22350.0  5.65000e+27
      22450.0  5.57500e+27
      22550.0  5.49800e+27
      22650.0  5.40600e+27
      22750.0  5.35100e+27
      22850.0  5.24500e+27
      22950.0  4.62200e+27
      23050.0  4.81400e+27
      23150.0  4.77500e+27
      23250.0  4.26000e+27
      23350.0  4.46800e+27
      23450.0  4.32300e+27
      23550.0  3.96500e+27
      23650.0  4.16700e+27
      23750.0  4.03200e+27
      23850.0  3.75300e+27
      23950.0  3.88800e+27
      24050.0  3.81400e+27
      24150.0  3.56200e+27
      24250.0  3.62800e+27
      24350.0  3.54400e+27
      24450.0  3.37700e+27
      24550.0  3.31700e+27
      24650.0  3.31300e+27
      24750.0  3.19500e+27
      24850.0  2.99300e+27
      24950.0  2.95200e+27
      25050.0  2.97800e+27
      25150.0  2.81600e+27
      25250.0  2.83900e+27
      25350.0  2.83200e+27
      25450.0  2.77800e+27
      25550.0  2.74400e+27
      25650.0  2.72700e+27
      25750.0  2.74500e+27
      25850.0  2.66500e+27
      25950.0  2.67400e+27
      26050.0  2.66300e+27
      26150.0  2.60048e+27
      26250.0  3.44263e+27
      26350.0  2.57385e+27
      26450.0  2.55400e+27
      26550.0  2.51600e+27
      26650.0  2.47100e+27
      26750.0  2.46700e+27
      26850.0  2.45700e+27
      26950.0  2.41300e+27
      27050.0  2.40600e+27
      27150.0  2.38100e+27
      27250.0  2.36300e+27
      27350.0  2.31900e+27
      27450.0  2.30800e+27
      27550.0  2.27000e+27
      27650.0  2.25000e+27
      27750.0  2.22700e+27
      27850.0  2.21400e+27
      27950.0  2.20000e+27
      28050.0  2.17400e+27
      28150.0  2.14600e+27
      28250.0  2.12800e+27
      28350.0  2.11300e+27
      28450.0  2.08800e+27
      28550.0  2.06500e+27
      28650.0  2.04000e+27
      28750.0  2.00200e+27
      28850.0  2.00300e+27
      28950.0  1.98600e+27
      29050.0  1.96600e+27
      29150.0  1.94800e+27
      29250.0  1.92100e+27
      29350.0  1.91100e+27
      29450.0  1.88700e+27
      29550.0  1.87000e+27
      29650.0  1.85500e+27
      29750.0  1.83600e+27
      29850.0  1.81700e+27
      29950.0  1.79900e+27
      30050.0  1.78200e+27
      30150.0  1.76900e+27
      30250.0  1.75100e+27
      30350.0  1.71700e+27
      30450.0  1.71600e+27
      30550.0  1.70800e+27
      30650.0  1.69400e+27
      30750.0  1.68400e+27
      30850.0  1.66700e+27
      30950.0  1.65500e+27
      31050.0  1.64500e+27
      31150.0  1.62400e+27
      31250.0  1.61600e+27
      31350.0  1.60300e+27
      31450.0  1.58900e+27
      31550.0  1.57300e+27
      31650.0  1.56000e+27
      31750.0  1.54800e+27
      31850.0  1.53500e+27
      31950.0  1.52400e+27
      32100.0  1.50400e+27
      32300.0  1.47900e+27
      32500.0  1.45500e+27
      32700.0  1.42900e+27
      32900.0  1.39000e+27
      33100.0  1.37500e+27
      33300.0  1.35100e+27
      33500.0  1.33000e+27
      33700.0  1.30500e+27
      33900.0  1.28000e+27
      34100.0  1.25600e+27
      34300.0  1.23500e+27
      34500.0  1.21300e+27
      34700.0  1.18900e+27
      34900.0  1.16800e+27
      35100.0  1.14600e+27
      35300.0  1.12300e+27
      35500.0  1.10300e+27
      35700.0  1.08200e+27
      35900.0  1.06200e+27
      36100.0  1.04300e+27
      36300.0  1.02400e+27
      36500.0  1.00200e+27
      36700.0  9.84000e+26
      36900.0  9.62600e+26
      37100.0  9.44800e+26
      37300.0  9.27000e+26
      37500.0  9.04000e+26
      37700.0  8.94600e+26
      37900.0  8.77400e+26
      38100.0  8.60600e+26
      38300.0  8.45500e+26
      38500.0  8.30900e+26
      38700.0  8.13700e+26
      38900.0  7.98600e+26
      39100.0  7.82800e+26
      39300.0  7.70300e+26
      39500.0  7.54500e+26
      39700.0  7.41000e+26
      39900.0  7.24900e+26
      40100.0  7.12100e+26
      40300.0  6.99701e+26
      40500.0  1.72871e+27
      40700.0  6.75023e+26
      40900.0  6.63700e+26
      41100.0  6.52400e+26
      41300.0  6.41300e+26
      41500.0  6.29300e+26
      41700.0  6.16400e+26
      41900.0  6.07400e+26
      42100.0  5.96400e+26
      42300.0  5.88200e+26
      42500.0  5.77200e+26
      42700.0  5.68200e+26
      42900.0  5.44100e+26
      43100.0  5.22000e+26
      43300.0  5.20700e+26
      43500.0  4.99000e+26
      43700.0  4.86200e+26
      43900.0  4.78300e+26
      44100.0  4.59700e+26
      44300.0  4.54700e+26
      44500.0  4.46300e+26
      44700.0  4.30100e+26
      44900.0  4.29700e+26
      45100.0  4.19900e+26
      45300.0  4.08200e+26
      45500.0  4.06300e+26
      45700.0  4.00900e+26
      45900.0  3.88200e+26
      46100.0  3.88300e+26
      46300.0  3.80700e+26
      46500.0  3.73900e+26
      46700.0  3.70700e+26
      46900.0  3.66000e+26
      47100.0  3.59500e+26
      47300.0  3.58600e+26
      47500.0  3.51500e+26
      47700.0  3.46700e+26
      47900.0  3.42300e+26
      48100.0  3.35200e+26
      48300.0  3.34900e+26
      48500.0  3.28700e+26
      48700.0  3.22800e+26
      48900.0  3.18800e+26
      49100.0  3.14200e+26
      49300.0  3.09800e+26
      49500.0  3.04800e+26
      49700.0  3.02200e+26
      49900.0  2.97600e+26
      50100.0  2.94200e+26
      50300.0  2.90200e+26
      50500.0  2.84500e+26
      50700.0  2.81600e+26
      50900.0  2.78100e+26
      51100.0  2.73200e+26
      51300.0  2.69400e+26
      51500.0  2.66300e+26
      51700.0  2.64800e+26
      51900.0  2.60200e+26
      52100.0  2.57000e+26
      52300.0  2.53100e+26
      52500.0  2.50800e+26
      52700.0  2.49200e+26
      52900.0  2.43800e+26
      53100.0  2.40600e+26
      53300.0  2.38300e+26
      53500.0  2.35300e+26
      53700.0  2.32500e+26
      53900.0  2.29800e+26
      54100.0  2.27000e+26
      54300.0  2.23200e+26
      54500.0  2.21700e+26
      54700.0  2.18200e+26
      54900.0  2.15900e+26
      55100.0  2.12900e+26
      55300.0  2.12500e+26
      55500.0  2.07600e+26
      55700.0  2.06700e+26
      55900.0  2.03400e+26
      56100.0  2.01700e+26
      56300.0  1.98200e+26
      56500.0  1.96900e+26
      56700.0  1.94400e+26
      56900.0  1.91200e+26
      57100.0  1.90000e+26
      57300.0  1.87700e+26
      57500.0  1.85400e+26
      57700.0  1.83000e+26
      57900.0  1.81500e+26
      58100.0  1.78900e+26
      58300.0  1.76900e+26
      58500.0  1.74600e+26
      58700.0  1.72000e+26
      58900.0  1.70100e+26
      59100.0  1.67600e+26
      59300.0  1.66500e+26
      59500.0  1.64300e+26
      59700.0  1.62800e+26
      59900.0  1.60900e+26
      60100.0  1.59100e+26
      60300.0  1.57200e+26
      60500.0  1.55000e+26
      60700.0  1.53300e+26
      60900.0  1.51500e+26
      61100.0  1.49600e+26
      61300.0  1.48200e+26
      61500.0  1.46600e+26
      61700.0  1.45200e+26
      61900.0  1.43400e+26
      62100.0  1.42000e+26
      62300.0  1.40100e+26
      62500.0  1.38300e+26
      62700.0  1.36800e+26
      62900.0  1.35400e+26
      63100.0  1.33800e+26
      63300.0  1.32600e+26
      63500.0  1.30900e+26
      63700.0  1.29700e+26
      63900.0  1.27900e+26
      64200.0  1.26000e+26
      64600.0  1.23100e+26
      65000.0  1.20500e+26
      65400.0  1.17800e+26
      65800.0  1.15400e+26
      66200.0  1.12800e+26
      66600.0  1.10400e+26
      67000.0  1.08100e+26
      67400.0  1.05700e+26
      67800.0  1.03500e+26
      68200.0  1.01300e+26
      68600.0  9.92100e+25
      69000.0  9.71000e+25
      69400.0  9.50900e+25
      69800.0  9.31300e+25
      70200.0  9.11800e+25
      70600.0  8.93400e+25
      71000.0  8.75000e+25
      71400.0  8.57300e+25
      71800.0  8.39800e+25
      72200.0  8.22900e+25
      72600.0  8.06200e+25
      73000.0  7.90200e+25
      73400.0  7.74300e+25
      73800.0  7.59200e+25
      74200.0  7.42100e+25
      74600.0  7.25500e+25
      75000.0  7.11600e+25
      75400.0  6.99100e+25
      75800.0  6.85800e+25
      76200.0  6.72400e+25
      76600.0  6.59300e+25
      77000.0  6.46400e+25
      77400.0  6.34000e+25
      77800.0  6.21900e+25
      78200.0  6.10000e+25
      78600.0  5.98400e+25
      79000.0  5.87100e+25
      79400.0  5.76000e+25
      79800.0  5.65000e+25
      80200.0  5.54100e+25
      80600.0  5.43600e+25
      81000.0  5.33400e+25
      81400.0  5.23300e+25
      81800.0  5.13600e+25
      82200.0  5.04100e+25
      82600.0  4.94700e+25
      83000.0  4.85600e+25
      83400.0  4.76700e+25
      83800.0  4.68000e+25
      84200.0  4.59600e+25
      84600.0  4.51200e+25
      85000.0  4.43100e+25
      85400.0  4.35200e+25
      85800.0  4.27400e+25
      86200.0  4.19900e+25
      86600.0  4.12500e+25
      87000.0  4.05200e+25
      87400.0  3.98100e+25
      87800.0  3.91200e+25
      88200.0  3.84400e+25
      88600.0  3.77800e+25
      89000.0  3.71300e+25
      89400.0  3.65100e+25
      89800.0  3.58800e+25
      90200.0  3.52800e+25
      90600.0  3.46900e+25
      91000.0  3.40900e+25
      91400.0  3.34600e+25
      91800.0  3.29100e+25
      92200.0  3.23700e+25
      92600.0  3.18400e+25
      93000.0  3.13200e+25
      93400.0  3.08100e+25
      93800.0  3.03100e+25
      94200.0  2.98200e+25
      94600.0  2.93600e+25
      95000.0  2.89200e+25
      95400.0  2.84900e+25
      95800.0  2.80800e+25
      96200.0  2.76600e+25
      96600.0  2.72600e+25
      97000.0  2.68600e+25
      97400.0  2.64600e+25
      97800.0  2.60900e+25
      98200.0  2.57200e+25
      98600.0  2.53500e+25
      99000.0  2.49900e+25
      99400.0  2.46300e+25
      99800.0  2.42800e+25
      100200.  2.39500e+25
      200000.  2.27000e+24
      400000.  3.27600e+23
      600000.  1.30100e+23
      800000.  7.18900e+22
  1.00000e+06  4.62300e+22
  1.20000e+06  3.28400e+22
  1.40000e+06  2.45800e+22
  1.60000e+06  1.91100e+22
