      91.0000      0.00000
      94.0000      0.00000
      96.0000      0.00000
      98.0000      0.00000
      100.000      0.00000
      102.000      0.00000
      104.000      0.00000
      106.000      0.00000
      108.000      0.00000
      110.000      0.00000
      114.000      0.00000
      118.000      0.00000
      121.000      0.00000
      125.000      0.00000
      127.000      0.00000
      128.000      0.00000
      131.000      0.00000
      132.000      0.00000
      134.000      0.00000
      137.000      0.00000
      140.000      0.00000
      143.000      0.00000
      147.000      0.00000
      151.000      0.00000
      155.000      0.00000
      159.000      0.00000
      162.000      0.00000
      166.000      0.00000
      170.000      0.00000
      173.000      0.00000
      177.000      0.00000
      180.000      0.00000
      182.000      0.00000
      186.000      0.00000
      191.000      0.00000
      194.000      0.00000
      198.000      0.00000
      202.000      0.00000
      205.000      0.00000
      210.000      0.00000
      216.000      0.00000
      220.000      0.00000
      223.000      0.00000
      227.000      0.00000
      230.000      0.00000
      234.000      0.00000
      240.000      0.00000
      246.000      0.00000
      252.000      0.00000
      257.000      0.00000
      260.000      0.00000
      264.000      0.00000
      269.000      0.00000
      274.000      0.00000
      279.000      0.00000
      284.000      0.00000
      290.000      0.00000
      296.000      0.00000
      301.000      0.00000
      308.000      0.00000
      318.000      0.00000
      328.000      0.00000
      338.000      0.00000
      348.000      0.00000
      357.000      0.00000
      366.000      0.00000
      375.000      0.00000
      385.000      0.00000
      395.000      0.00000
      405.000      0.00000
      414.000      0.00000
      422.000      0.00000
      430.000      0.00000
      441.000      0.00000
      451.000      0.00000
      460.000      0.00000
      470.000      0.00000
      480.000      0.00000
      490.000      0.00000
      500.000      0.00000
      506.000      0.00000
      512.000      0.00000
      520.000      0.00000
      530.000      0.00000
      540.000      0.00000
      550.000      0.00000
      560.000      0.00000
      570.000      0.00000
      580.000      0.00000
      590.000      0.00000
      600.000      0.00000
      610.000      0.00000
      620.000      0.00000
      630.000      0.00000
      640.000      0.00000
      650.000      0.00000
      658.000      0.00000
      665.000      0.00000
      675.000      0.00000
      685.000      0.00000
      695.000      0.00000
      705.000      0.00000
      716.000      0.00000
      726.000      0.00000
      735.000      0.00000
      745.000      0.00000
      755.000      0.00000
      765.000      0.00000
      775.000      0.00000
      785.000      0.00000
      795.000      0.00000
      805.000      0.00000
      815.000      0.00000
      825.000      0.00000
      835.000      0.00000
      845.000      0.00000
      855.000      0.00000
      865.000      0.00000
      875.000      0.00000
      885.000      0.00000
      895.000      0.00000
      905.000      0.00000
      915.000  1.33000e+31
      925.000  3.17500e+31
      935.000  4.95600e+31
      945.000  6.67500e+31
      955.000  7.74200e+31
      965.000  8.46800e+31
      975.000  3.26800e+31
      985.000  6.94400e+31
      995.000  6.63100e+31
      1005.00  8.11100e+31
      1015.00  8.12800e+31
      1025.00  5.39900e+31
      1035.00  7.02200e+31
      1045.00  9.56100e+31
      1055.00  9.14500e+31
      1065.00  7.79800e+31
      1075.00  8.49200e+31
      1085.00  7.43200e+31
      1095.00  8.60700e+31
      1105.00  8.11100e+31
      1115.00  7.89200e+31
      1125.00  6.96300e+31
      1135.00  8.10500e+31
      1145.00  7.60300e+31
      1155.00  7.59700e+31
      1165.00  7.49100e+31
      1175.00  5.20100e+31
      1185.00  7.12100e+31
      1195.00  6.21000e+31
      1205.00  5.19400e+31
      1215.00  4.01000e+31
      1225.00  5.83300e+31
      1235.00  6.89500e+31
      1245.00  7.02200e+31
      1255.00  6.81200e+31
      1265.00  6.57500e+31
      1275.00  7.10500e+31
      1285.00  7.11700e+31
      1295.00  6.18400e+31
      1305.00  6.24000e+31
      1315.00  6.91400e+31
      1325.00  6.56900e+31
      1335.00  6.50660e+31
      1345.00  6.53000e+31
      1355.00  6.34200e+31
      1365.00  5.91700e+31
      1375.00  5.84800e+31
      1385.00  5.77700e+31
      1395.00  4.50800e+31
      1405.00  4.43300e+31
      1415.00  5.35000e+31
      1425.00  5.17200e+31
      1435.00  5.32400e+31
      1442.00  5.37200e+31
      1447.00  5.32800e+31
      1455.00  5.16200e+31
      1465.00  4.90000e+31
      1475.00  4.91700e+31
      1485.00  4.90100e+31
      1495.00  4.82200e+31
      1505.00  4.58500e+31
      1512.00  4.24300e+31
      1517.00  4.35800e+31
      1525.00  4.34300e+31
      1535.00  3.81100e+31
      1545.00  3.51100e+31
      1555.00  3.47900e+31
      1565.00  3.80100e+31
      1575.00  4.00000e+31
      1585.00  4.03800e+31
      1595.00  4.02800e+31
      1605.00  3.92500e+31
      1615.00  3.85200e+31
      1625.00  3.78200e+31
      1635.00  3.90900e+31
      1645.00  3.87600e+31
      1655.00  3.79600e+31
      1665.00  3.89000e+31
      1672.00  3.64900e+31
      1677.00  3.96200e+31
      1685.00  3.90400e+31
      1695.00  3.73000e+31
      1705.00  3.62500e+31
      1715.00  3.44500e+31
      1725.00  3.38000e+31
      1735.00  3.50900e+31
      1745.00  3.42200e+31
      1755.00  3.46100e+31
      1765.00  3.33700e+31
      1775.00  3.25000e+31
      1785.00  3.28700e+31
      1795.00  3.32300e+31
      1805.00  3.31700e+31
      1815.00  3.07600e+31
      1825.00  3.12400e+31
      1835.00  3.04200e+31
      1845.00  2.83800e+31
      1855.00  2.81800e+31
      1865.00  2.84300e+31
      1875.00  2.93300e+31
      1885.00  2.70100e+31
      1895.00  2.56900e+31
      1905.00  2.94179e+31
      1915.00  2.57406e+31
      1925.00  2.46500e+31
      1935.00  2.57400e+31
      1945.00  2.60300e+31
      1955.00  2.39300e+31
      1967.00  2.53400e+31
      1976.00  2.58900e+31
      1984.00  2.45200e+31
      1995.00  2.38600e+31
      2005.00  2.43600e+31
      2015.00  2.38700e+31
      2025.00  2.43700e+31
      2035.00  2.27900e+31
      2045.00  2.29100e+31
      2055.00  2.07400e+31
      2065.00  2.14700e+31
      2074.00  2.30600e+31
      2078.00  2.15400e+31
      2085.00  2.21100e+31
      2095.00  2.10300e+31
      2105.00  2.13300e+31
      2115.00  2.13600e+31
      2125.00  2.13700e+31
      2135.00  2.08648e+31
      2145.00  2.03128e+31
      2155.00  2.07600e+31
      2165.00  2.03400e+31
      2175.00  2.02100e+31
      2185.00  1.96700e+31
      2195.00  2.00000e+31
      2205.00  1.96800e+31
      2215.00  1.91800e+31
      2225.00  1.87700e+31
      2235.00  1.88500e+31
      2245.00  1.86500e+31
      2255.00  1.81500e+31
      2265.00  1.83400e+31
      2275.00  1.82900e+31
      2285.00  1.82300e+31
      2295.00  1.73600e+31
      2305.00  1.75600e+31
      2315.00  1.71501e+31
      2325.00  1.98018e+31
      2335.00  1.65329e+31
      2345.00  1.64400e+31
      2355.00  1.65100e+31
      2365.00  1.61500e+31
      2375.00  1.60300e+31
      2385.00  1.55900e+31
      2395.00  1.58100e+31
      2405.00  1.54700e+31
      2415.00  1.54400e+31
      2425.00  1.55200e+31
      2435.00  1.50900e+31
      2445.00  1.52400e+31
      2455.00  1.51100e+31
      2465.00  1.49100e+31
      2475.00  1.46600e+31
      2485.00  1.46300e+31
      2495.00  1.29800e+31
      2505.00  1.43600e+31
      2513.00  1.37100e+31
      2518.00  1.41400e+31
      2525.00  1.39200e+31
      2535.00  1.38200e+31
      2545.00  1.35400e+31
      2555.00  1.36800e+31
      2565.00  1.35300e+31
      2575.00  1.36100e+31
      2585.00  1.34800e+31
      2595.00  1.33400e+31
      2605.00  1.31200e+31
      2615.00  1.29600e+31
      2625.00  1.29200e+31
      2635.00  1.28600e+31
      2645.00  1.29500e+31
      2655.00  1.28700e+31
      2665.00  1.24800e+31
      2675.00  1.25000e+31
      2685.00  1.24400e+31
      2695.00  1.21300e+31
      2705.00  1.20600e+31
      2715.00  1.19000e+31
      2725.00  1.18100e+31
      2735.00  1.17900e+31
      2745.00  1.14400e+31
      2755.00  1.13800e+31
      2765.00  1.13500e+31
      2775.00  1.14300e+31
      2785.00  1.12700e+31
      2795.00  1.13034e+31
      2805.00  1.09178e+31
      2815.00  1.10600e+31
      2825.00  1.09400e+31
      2835.00  1.06200e+31
      2845.00  1.06100e+31
      2855.00  1.05200e+31
      2865.00  1.05600e+31
      2875.00  1.04300e+31
      2885.00  1.03600e+31
      2895.00  1.02500e+31
      2910.00  1.01800e+31
      2930.00  9.99100e+30
      2950.00  9.76000e+30
      2970.00  9.64900e+30
      2990.00  9.47100e+30
      3010.00  9.29900e+30
      3030.00  9.19900e+30
      3050.00  9.05900e+30
      3070.00  8.91500e+30
      3090.00  8.74200e+30
      3110.00  8.62700e+30
      3130.00  8.46400e+30
      3150.00  8.35700e+30
      3170.00  8.20200e+30
      3190.00  8.01500e+30
      3210.00  7.94100e+30
      3230.00  7.81400e+30
      3250.00  7.72800e+30
      3270.00  7.61000e+30
      3290.00  7.50200e+30
      3310.00  7.40400e+30
      3330.00  7.28000e+30
      3350.00  7.15400e+30
      3370.00  7.04800e+30
      3390.00  6.96100e+30
      3410.00  6.87500e+30
      3430.00  6.69300e+30
      3450.00  6.60400e+30
      3470.00  6.53900e+30
      3490.00  6.45300e+30
      3510.00  6.38800e+30
      3530.00  6.30100e+30
      3550.00  6.23100e+30
      3570.00  6.12600e+30
      3590.00  6.01200e+30
      3610.00  5.94600e+30
      3630.00  5.88400e+30
      3640.00  5.86000e+30
      3650.00  5.37000e+30
      3670.00  5.27800e+30
      3690.00  5.18223e+30
      3710.00  5.35768e+30
      3730.00  3.13740e+31
      3750.00  5.96035e+30
      3770.00  6.08254e+30
      3790.00  6.06236e+30
      3810.00  6.28078e+30
      3830.00  5.86071e+30
      3850.00  6.34743e+30
      3870.00  9.78459e+30
      3890.00  6.34970e+30
      3910.00  6.35800e+30
      3930.00  6.04200e+30
      3950.00  6.10701e+30
      3970.00  6.52876e+30
      3990.00  6.00301e+30
      4010.00  6.10200e+30
      4030.00  5.92900e+30
      4050.00  5.96200e+30
      4070.00  6.24491e+30
      4090.00  5.45904e+30
      4110.00  4.98413e+30
      4130.00  5.50400e+30
      4150.00  5.52700e+30
      4170.00  5.47600e+30
      4190.00  5.42500e+30
      4210.00  5.36500e+30
      4230.00  5.27200e+30
      4250.00  5.20900e+30
      4270.00  5.07100e+30
      4290.00  5.03000e+30
      4310.00  4.85800e+30
      4330.00  4.83503e+30
      4350.00  4.46150e+30
      4370.00  4.82533e+30
      4390.00  4.70300e+30
      4410.00  4.69200e+30
      4430.00  4.66100e+30
      4450.00  4.62601e+30
      4470.00  5.00453e+30
      4490.00  4.52806e+30
      4510.00  4.56200e+30
      4530.00  4.42900e+30
      4550.00  4.37300e+30
      4570.00  4.39000e+30
      4590.00  4.29600e+30
      4610.00  4.27200e+30
      4630.00  4.19100e+30
      4650.00  4.13600e+30
      4670.00  4.13400e+30
      4690.00  4.07200e+30
      4710.00  3.96300e+30
      4730.00  3.98700e+30
      4750.00  3.96400e+30
      4770.00  3.94000e+30
      4790.00  3.88500e+30
      4810.00  3.82100e+30
      4830.00  3.77200e+30
      4850.00  4.19373e+30
      4870.00  4.77585e+30
      4890.00  3.62300e+30
      4910.00  3.61900e+30
      4930.00  3.52500e+30
      4950.00  3.56700e+30
      4970.00  3.52900e+30
      4990.00  3.56775e+30
      5010.00  3.74387e+31
      5030.00  3.36808e+30
      5050.00  3.30900e+30
      5070.00  3.33000e+30
      5090.00  3.25700e+30
      5110.00  3.23300e+30
      5130.00  3.16300e+30
      5150.00  3.11700e+30
      5170.00  3.06600e+30
      5190.00  3.10910e+30
      5210.00  3.06036e+30
      5230.00  3.04500e+30
      5250.00  3.03900e+30
      5270.00  2.93400e+30
      5290.00  2.99500e+30
      5310.00  2.99100e+30
      5330.00  2.89600e+30
      5350.00  2.92900e+30
      5370.00  2.90600e+30
      5390.00  2.85300e+30
      5410.00  2.81500e+30
      5430.00  2.79700e+30
      5450.00  2.80400e+30
      5470.00  2.75500e+30
      5490.00  2.73500e+30
      5510.00  2.70400e+30
      5530.00  2.70300e+30
      5550.00  2.69300e+30
      5570.00  2.66200e+30
      5590.00  2.62400e+30
      5610.00  2.62900e+30
      5630.00  2.59400e+30
      5650.00  2.57600e+30
      5670.00  2.53500e+30
      5690.00  2.54000e+30
      5710.00  2.49400e+30
      5730.00  2.53601e+30
      5750.00  2.54031e+30
      5770.00  2.48095e+30
      5790.00  2.42400e+30
      5810.00  2.44000e+30
      5830.00  2.44700e+30
      5850.00  2.40506e+30
      5870.00  3.02050e+30
      5890.00  2.36332e+30
      5910.00  2.34200e+30
      5930.00  2.32900e+30
      5950.00  2.30700e+30
      5970.00  2.31400e+30
      5990.00  2.27100e+30
      6010.00  2.24700e+30
      6030.00  2.25400e+30
      6050.00  2.25000e+30
      6070.00  2.23600e+30
      6090.00  2.18500e+30
      6110.00  2.17200e+30
      6130.00  2.11800e+30
      6150.00  2.11900e+30
      6170.00  2.08300e+30
      6190.00  2.10900e+30
      6210.00  2.08600e+30
      6230.00  2.04400e+30
      6250.00  1.99800e+30
      6270.00  2.02701e+30
      6290.00  2.29511e+30
      6310.00  2.43684e+30
      6330.00  2.00129e+30
      6350.00  1.97700e+30
      6370.00  1.96100e+30
      6390.00  1.96500e+30
      6410.00  1.94100e+30
      6430.00  1.93500e+30
      6450.00  1.92200e+30
      6470.00  1.91100e+30
      6490.00  1.87200e+30
      6510.00  1.88700e+30
      6530.00  1.86714e+30
      6550.00  5.66544e+30
      6570.00  1.25706e+31
      6590.00  6.40533e+30
      6610.00  1.83381e+30
      6630.00  1.82400e+30
      6650.00  1.81404e+30
      6670.00  1.91567e+30
      6690.00  1.84265e+30
      6710.00  4.55712e+30
      6730.00  5.06466e+30
      6750.00  1.77233e+30
      6770.00  1.73500e+30
      6790.00  1.71200e+30
      6810.00  1.71000e+30
      6830.00  1.70900e+30
      6850.00  1.68100e+30
      6870.00  1.68500e+30
      6890.00  1.69100e+30
      6910.00  1.67700e+30
      6930.00  1.65700e+30
      6950.00  1.63900e+30
      6970.00  1.64400e+30
      6990.00  1.62600e+30
      7010.00  1.60300e+30
      7030.00  1.61200e+30
      7050.00  1.61800e+30
      7070.00  1.58000e+30
      7090.00  1.55800e+30
      7110.00  1.52141e+30
      7130.00  2.72859e+30
      7150.00  1.66967e+30
      7170.00  1.50101e+30
      7190.00  1.47600e+30
      7210.00  1.48800e+30
      7230.00  1.49300e+30
      7250.00  1.49500e+30
      7270.00  1.48900e+30
      7290.00  1.46400e+30
      7310.00  1.48195e+30
      7330.00  1.75944e+30
      7350.00  1.47295e+30
      7370.00  1.48100e+30
      7390.00  1.46000e+30
      7410.00  1.44800e+30
      7430.00  1.45100e+30
      7450.00  1.45000e+30
      7470.00  1.44300e+30
      7490.00  1.43300e+30
      7510.00  1.44000e+30
      7530.00  1.44400e+30
      7550.00  1.44200e+30
      7570.00  1.43000e+30
      7590.00  1.41800e+30
      7610.00  1.41200e+30
      7630.00  1.40300e+30
      7650.00  1.39300e+30
      7670.00  1.35900e+30
      7690.00  1.37200e+30
      7710.00  1.35100e+30
      7730.00  1.34600e+30
      7750.00  1.33800e+30
      7770.00  1.33900e+30
      7790.00  1.34600e+30
      7810.00  1.33900e+30
      7830.00  1.32500e+30
      7850.00  1.30500e+30
      7870.00  1.31200e+30
      7890.00  1.27800e+30
      7910.00  1.25900e+30
      7930.00  1.26100e+30
      7950.00  1.24300e+30
      7970.00  1.27000e+30
      7990.00  1.26500e+30
      8010.00  1.26700e+30
      8030.00  1.26200e+30
      8050.00  1.25400e+30
      8070.00  1.24500e+30
      8090.00  1.22500e+30
      8110.00  1.22000e+30
      8130.00  1.23100e+30
      8150.00  1.22600e+30
      8170.00  1.22700e+30
      8190.00  1.21000e+30
      8210.00  1.16800e+30
      8230.00  1.17800e+30
      8250.00  1.17400e+30
      8270.00  1.18000e+30
      8290.00  1.16800e+30
      8310.00  1.13400e+30
      8330.00  1.13100e+30
      8350.00  1.12900e+30
      8370.00  1.12800e+30
      8390.00  1.10600e+30
      8410.00  1.12700e+30
      8430.00  1.09700e+30
      8450.00  1.08800e+30
      8470.00  1.08100e+30
      8490.00  1.10100e+30
      8510.00  1.04200e+30
      8530.00  1.10100e+30
      8550.00  1.00500e+30
      8570.00  1.11600e+30
      8590.00  1.07600e+30
      8610.00  1.07300e+30
      8630.00  1.11700e+30
      8650.00  1.10500e+30
      8670.00  9.87200e+29
      8690.00  1.08000e+30
      8710.00  1.10800e+30
      8730.00  1.10067e+30
      8750.00  1.08689e+30
      8770.00  1.08976e+30
      8790.00  1.10000e+30
      8810.00  1.08000e+30
      8830.00  1.08308e+30
      8850.00  1.09185e+30
      8870.00  1.06171e+30
      8890.00  1.07766e+30
      8910.00  1.09100e+30
      8930.00  1.06900e+30
      8950.00  1.06600e+30
      8970.00  1.06500e+30
      8990.00  1.05512e+30
      9010.00  1.06105e+30
      9030.00  1.04402e+30
      9050.00  2.63538e+30
      9070.00  1.50726e+31
      9090.00  1.99417e+30
      9110.00  1.03452e+30
      9130.00  1.04700e+30
      9150.00  1.03700e+30
      9170.00  1.03200e+30
      9190.00  1.03602e+30
      9210.00  1.01141e+30
      9230.00  1.07187e+30
      9250.00  9.90452e+29
      9270.00  9.92807e+29
      9290.00  9.92900e+29
      9310.00  9.99600e+29
      9330.00  9.93200e+29
      9350.00  9.87900e+29
      9370.00  9.72100e+29
      9390.00  9.80900e+29
      9410.00  9.57000e+29
      9430.00  9.75400e+29
      9450.00  9.57200e+29
      9470.00  9.68200e+29
      9490.00  9.66900e+29
      9510.00  9.53848e+29
      9530.00  9.82813e+29
      9550.00  1.04322e+30
      9570.00  9.31661e+29
      9590.00  9.47204e+29
      9610.00  9.34300e+29
      9630.00  9.32100e+29
      9650.00  9.18300e+29
      9670.00  9.13500e+29
      9690.00  9.23900e+29
      9710.00  9.15400e+29
      9730.00  9.09200e+29
      9750.00  9.02200e+29
      9770.00  9.03100e+29
      9790.00  8.89100e+29
      9810.00  9.06600e+29
      9830.00  8.96200e+29
      9850.00  9.00100e+29
      9870.00  8.92600e+29
      9890.00  8.88800e+29
      9910.00  8.83500e+29
      9930.00  8.82700e+29
      9950.00  8.79400e+29
      9970.00  8.78300e+29
      9990.00  8.72300e+29
      10025.0  8.61687e+29
      10075.0  8.37274e+29
      10125.0  8.43000e+29
      10175.0  8.31100e+29
      10225.0  8.27200e+29
      10275.0  8.22701e+29
      10325.0  1.46913e+30
      10375.0  7.95357e+29
      10425.0  7.93000e+29
      10475.0  7.82200e+29
      10525.0  7.78500e+29
      10575.0  7.66200e+29
      10625.0  7.60000e+29
      10675.0  7.72497e+29
      10725.0  7.39993e+29
      10775.0  7.29803e+29
      10825.0  1.60220e+30
      10875.0  7.12977e+29
      10925.0  8.84899e+29
      10975.0  6.97029e+29
      11025.0  6.99400e+29
      11075.0  6.94100e+29
      11125.0  6.86500e+29
      11175.0  6.76800e+29
      11225.0  6.73200e+29
      11275.0  6.60000e+29
      11325.0  6.54400e+29
      11375.0  6.47700e+29
      11425.0  6.38700e+29
      11475.0  6.41900e+29
      11525.0  6.36700e+29
      11575.0  6.25800e+29
      11625.0  6.15100e+29
      11675.0  6.11700e+29
      11725.0  6.13500e+29
      11775.0  6.00500e+29
      11825.0  5.95300e+29
      11875.0  5.84200e+29
      11925.0  5.90500e+29
      11975.0  5.70000e+29
      12025.0  5.77100e+29
      12075.0  5.68900e+29
      12125.0  5.66100e+29
      12175.0  5.64500e+29
      12225.0  5.58400e+29
      12275.0  5.52800e+29
      12325.0  5.46700e+29
      12375.0  5.43600e+29
      12425.0  5.38000e+29
      12475.0  5.34700e+29
      12525.0  5.26700e+29
      12575.0  5.23500e+29
      12625.0  5.19400e+29
      12675.0  5.13000e+29
      12725.0  5.11000e+29
      12775.0  5.55406e+29
      12825.0  1.05079e+30
      12875.0  4.95732e+29
      12925.0  4.88400e+29
      12975.0  4.91900e+29
      13025.0  4.84100e+29
      13075.0  4.85100e+29
      13125.0  4.75600e+29
      13175.0  4.73200e+29
      13225.0  4.72100e+29
      13275.0  4.63200e+29
      13325.0  4.65400e+29
      13375.0  4.59200e+29
      13425.0  4.60600e+29
      13475.0  4.56400e+29
      13525.0  4.53600e+29
      13575.0  4.45500e+29
      13625.0  4.42300e+29
      13675.0  4.42200e+29
      13725.0  4.41300e+29
      13775.0  4.37600e+29
      13825.0  4.36800e+29
      13875.0  4.31000e+29
      13925.0  4.31600e+29
      13975.0  4.30400e+29
      14025.0  4.22500e+29
      14075.0  4.24900e+29
      14125.0  4.18400e+29
      14175.0  4.20500e+29
      14225.0  4.13400e+29
      14275.0  4.05900e+29
      14325.0  4.11500e+29
      14375.0  4.11000e+29
      14425.0  3.98600e+29
      14475.0  4.05200e+29
      14525.0  3.99000e+29
      14570.0  4.00200e+29
      14620.0  3.94200e+29
      14675.0  3.92700e+29
      14725.0  3.84800e+29
      14775.0  3.86000e+29
      14825.0  3.84300e+29
      14875.0  3.79800e+29
      14925.0  3.85600e+29
      14975.0  3.79300e+29
      15025.0  3.76400e+29
      15075.0  3.71400e+29
      15125.0  3.75400e+29
      15175.0  3.74800e+29
      15225.0  3.74100e+29
      15275.0  3.73800e+29
      15325.0  3.70100e+29
      15375.0  3.73600e+29
      15425.0  3.69700e+29
      15475.0  3.70200e+29
      15525.0  3.64200e+29
      15575.0  3.46100e+29
      15625.0  3.56200e+29
      15675.0  3.52200e+29
      15725.0  3.57600e+29
      15775.0  3.33300e+29
      15825.0  3.39400e+29
      15875.0  3.32500e+29
      15925.0  3.43300e+29
      15975.0  3.33700e+29
      16050.0  3.50000e+29
      16150.0  3.45400e+29
      16250.0  3.44900e+29
      16350.0  3.42500e+29
      16450.0  4.16820e+29
      16550.0  3.32300e+29
      16650.0  3.25600e+29
      16750.0  3.18800e+29
      16850.0  3.09000e+29
      16950.0  3.11600e+29
      17050.0  3.00800e+29
      17150.0  2.99500e+29
      17250.0  2.89600e+29
      17350.0  2.81500e+29
      17450.0  2.80200e+29
      17550.0  2.75200e+29
      17650.0  2.71400e+29
      17750.0  2.65200e+29
      17850.0  2.63000e+29
      17950.0  2.57300e+29
      18050.0  2.51100e+29
      18150.0  2.46100e+29
      18250.0  2.42500e+29
      18350.0  2.38400e+29
      18450.0  2.33200e+29
      18550.0  2.31000e+29
      18650.0  2.24200e+29
      18750.0  9.88814e+29
      18850.0  2.18601e+29
      18950.0  2.09200e+29
      19050.0  2.13100e+29
      19150.0  2.08500e+29
      19250.0  2.05900e+29
      19350.0  1.99800e+29
      19450.0  2.39997e+29
      19550.0  1.95400e+29
      19650.0  1.91800e+29
      19750.0  1.87700e+29
      19850.0  1.85800e+29
      19950.0  1.83000e+29
      20050.0  1.82100e+29
      20150.0  1.79400e+29
      20250.0  1.74000e+29
      20350.0  1.71600e+29
      20450.0  1.71600e+29
      20550.0  1.77167e+29
      20650.0  1.65101e+29
      20750.0  1.63000e+29
      20850.0  1.60000e+29
      20950.0  1.56800e+29
      21050.0  1.56200e+29
      21150.0  1.53025e+29
      21250.0  1.70213e+29
      21350.0  1.49800e+29
      21450.0  1.47300e+29
      21550.0  1.44700e+29
      21650.0  2.03827e+29
      21750.0  1.39505e+29
      21850.0  1.38000e+29
      21950.0  1.36500e+29
      22050.0  1.32700e+29
      22150.0  1.33100e+29
      22250.0  1.29200e+29
      22350.0  1.27800e+29
      22450.0  1.26200e+29
      22550.0  1.24900e+29
      22650.0  1.22000e+29
      22750.0  1.21900e+29
      22850.0  1.18100e+29
      22950.0  1.00900e+29
      23050.0  1.07900e+29
      23150.0  1.06300e+29
      23250.0  9.21900e+28
      23350.0  9.91600e+28
      23450.0  9.53800e+28
      23550.0  8.34700e+28
      23650.0  9.15500e+28
      23750.0  8.79600e+28
      23850.0  7.91900e+28
      23950.0  8.54900e+28
      24050.0  8.39200e+28
      24150.0  7.63300e+28
      24250.0  8.12900e+28
      24350.0  7.99900e+28
      24450.0  7.54900e+28
      24550.0  7.57700e+28
      24650.0  7.79100e+28
      24750.0  7.51500e+28
      24850.0  7.16400e+28
      24950.0  7.35800e+28
      25050.0  7.58400e+28
      25150.0  6.93100e+28
      25250.0  7.21600e+28
      25350.0  7.19500e+28
      25450.0  7.05600e+28
      25550.0  6.91100e+28
      25650.0  6.89800e+28
      25750.0  6.96000e+28
      25850.0  6.59100e+28
      25950.0  6.65400e+28
      26050.0  6.74100e+28
      26150.0  6.54573e+28
      26250.0  1.53195e+29
      26350.0  6.51644e+28
      26450.0  6.46500e+28
      26550.0  6.33200e+28
      26650.0  6.20400e+28
      26750.0  6.34000e+28
      26850.0  6.27500e+28
      26950.0  6.05200e+28
      27050.0  6.13900e+28
      27150.0  6.06500e+28
      27250.0  6.07100e+28
      27350.0  5.84700e+28
      27450.0  5.90500e+28
      27550.0  5.87800e+28
      27650.0  5.78300e+28
      27750.0  5.64300e+28
      27850.0  5.68400e+28
      27950.0  5.67900e+28
      28050.0  5.60800e+28
      28150.0  5.47800e+28
      28250.0  5.47000e+28
      28350.0  5.45600e+28
      28450.0  5.38400e+28
      28550.0  5.30900e+28
      28650.0  5.25800e+28
      28750.0  5.19000e+28
      28850.0  5.16000e+28
      28950.0  5.10600e+28
      29050.0  5.04600e+28
      29150.0  5.01000e+28
      29250.0  4.90700e+28
      29350.0  4.91700e+28
      29450.0  4.83300e+28
      29550.0  4.78400e+28
      29650.0  4.75800e+28
      29750.0  4.70800e+28
      29850.0  4.64200e+28
      29950.0  4.59400e+28
      30050.0  4.54000e+28
      30150.0  4.50900e+28
      30250.0  4.44200e+28
      30350.0  4.36100e+28
      30450.0  4.34700e+28
      30550.0  4.29700e+28
      30650.0  4.25100e+28
      30750.0  4.21500e+28
      30850.0  4.14700e+28
      30950.0  4.10600e+28
      31050.0  4.08200e+28
      31150.0  4.00700e+28
      31250.0  3.98200e+28
      31350.0  3.94000e+28
      31450.0  3.89400e+28
      31550.0  3.84800e+28
      31650.0  3.79700e+28
      31750.0  3.77100e+28
      31850.0  3.72600e+28
      31950.0  3.69200e+28
      32100.0  3.62500e+28
      32300.0  3.54100e+28
      32500.0  3.46400e+28
      32700.0  3.38600e+28
      32900.0  3.27200e+28
      33100.0  3.21000e+28
      33300.0  3.14000e+28
      33500.0  3.08300e+28
      33700.0  3.01200e+28
      33900.0  2.94500e+28
      34100.0  2.87800e+28
      34300.0  2.82900e+28
      34500.0  2.77400e+28
      34700.0  2.71500e+28
      34900.0  2.66100e+28
      35100.0  2.61100e+28
      35300.0  2.55000e+28
      35500.0  2.50500e+28
      35700.0  2.45200e+28
      35900.0  2.40300e+28
      36100.0  2.36100e+28
      36300.0  2.31700e+28
      36500.0  2.26100e+28
      36700.0  2.21900e+28
      36900.0  2.16200e+28
      37100.0  2.11800e+28
      37300.0  2.08700e+28
      37500.0  2.02900e+28
      37700.0  2.01300e+28
      37900.0  1.97300e+28
      38100.0  1.94000e+28
      38300.0  1.91000e+28
      38500.0  1.87800e+28
      38700.0  1.83400e+28
      38900.0  1.80400e+28
      39100.0  1.77200e+28
      39300.0  1.74400e+28
      39500.0  1.70400e+28
      39700.0  1.67700e+28
      39900.0  1.63600e+28
      40100.0  1.61300e+28
      40300.0  1.59001e+28
      40500.0  1.18573e+29
      40700.0  1.53723e+28
      40900.0  1.51100e+28
      41100.0  1.48700e+28
      41300.0  1.46300e+28
      41500.0  1.43500e+28
      41700.0  1.40700e+28
      41900.0  1.38500e+28
      42100.0  1.35900e+28
      42300.0  1.34500e+28
      42500.0  1.31700e+28
      42700.0  1.29900e+28
      42900.0  1.21000e+28
      43100.0  1.12800e+28
      43300.0  1.14300e+28
      43500.0  1.07000e+28
      43700.0  1.03600e+28
      43900.0  1.00700e+28
      44100.0  9.43500e+27
      44300.0  9.40700e+27
      44500.0  9.16600e+27
      44700.0  8.61400e+27
      44900.0  8.76600e+27
      45100.0  8.47000e+27
      45300.0  8.16700e+27
      45500.0  8.23800e+27
      45700.0  8.11000e+27
      45900.0  7.75400e+27
      46100.0  7.90700e+27
      46300.0  7.69200e+27
      46500.0  7.60700e+27
      46700.0  7.59900e+27
      46900.0  7.45400e+27
      47100.0  7.29900e+27
      47300.0  7.39000e+27
      47500.0  7.21300e+27
      47700.0  7.12900e+27
      47900.0  7.05400e+27
      48100.0  6.87100e+27
      48300.0  6.97300e+27
      48500.0  6.83000e+27
      48700.0  6.68300e+27
      48900.0  6.62800e+27
      49100.0  6.53400e+27
      49300.0  6.45500e+27
      49500.0  6.33400e+27
      49700.0  6.35500e+27
      49900.0  6.24000e+27
      50100.0  6.20400e+27
      50300.0  6.12900e+27
      50500.0  5.98100e+27
      50700.0  5.96200e+27
      50900.0  5.88900e+27
      51100.0  5.79300e+27
      51300.0  5.73600e+27
      51500.0  5.65500e+27
      51700.0  5.68100e+27
      51900.0  5.57600e+27
      52100.0  5.51700e+27
      52300.0  5.43500e+27
      52500.0  5.41200e+27
      52700.0  5.43400e+27
      52900.0  5.27700e+27
      53100.0  5.19600e+27
      53300.0  5.19100e+27
      53500.0  5.12900e+27
      53700.0  5.07900e+27
      53900.0  5.03800e+27
      54100.0  4.98900e+27
      54300.0  4.89800e+27
      54500.0  4.90600e+27
      54700.0  4.80300e+27
      54900.0  4.79200e+27
      55100.0  4.70200e+27
      55300.0  4.77600e+27
      55500.0  4.62200e+27
      55700.0  4.63800e+27
      55900.0  4.55600e+27
      56100.0  4.56000e+27
      56300.0  4.45500e+27
      56500.0  4.46000e+27
      56700.0  4.40600e+27
      56900.0  4.31500e+27
      57100.0  4.32700e+27
      57300.0  4.28600e+27
      57500.0  4.23400e+27
      57700.0  4.18800e+27
      57900.0  4.17400e+27
      58100.0  4.11600e+27
      58300.0  4.08000e+27
      58500.0  4.00100e+27
      58700.0  3.93600e+27
      58900.0  3.90700e+27
      59100.0  3.86000e+27
      59300.0  3.84300e+27
      59500.0  3.78700e+27
      59700.0  3.77300e+27
      59900.0  3.73600e+27
      60100.0  3.69800e+27
      60300.0  3.65900e+27
      60500.0  3.60600e+27
      60700.0  3.57500e+27
      60900.0  3.53400e+27
      61100.0  3.49500e+27
      61300.0  3.47300e+27
      61500.0  3.44500e+27
      61700.0  3.42600e+27
      61900.0  3.38300e+27
      62100.0  3.36100e+27
      62300.0  3.31300e+27
      62500.0  3.26900e+27
      62700.0  3.23900e+27
      62900.0  3.21000e+27
      63100.0  3.17800e+27
      63300.0  3.16200e+27
      63500.0  3.12200e+27
      63700.0  3.10800e+27
      63900.0  3.06400e+27
      64200.0  3.02400e+27
      64600.0  2.96000e+27
      65000.0  2.90500e+27
      65400.0  2.84800e+27
      65800.0  2.79900e+27
      66200.0  2.74200e+27
      66600.0  2.69100e+27
      67000.0  2.64200e+27
      67400.0  2.58900e+27
      67800.0  2.54100e+27
      68200.0  2.49200e+27
      68600.0  2.44900e+27
      69000.0  2.40100e+27
      69400.0  2.35700e+27
      69800.0  2.31400e+27
      70200.0  2.27000e+27
      70600.0  2.23100e+27
      71000.0  2.18900e+27
      71400.0  2.15100e+27
      71800.0  2.11100e+27
      72200.0  2.07400e+27
      72600.0  2.03600e+27
      73000.0  2.00100e+27
      73400.0  1.96500e+27
      73800.0  1.93100e+27
      74200.0  1.87800e+27
      74600.0  1.84300e+27
      75000.0  1.81100e+27
      75400.0  1.78200e+27
      75800.0  1.75300e+27
      76200.0  1.72300e+27
      76600.0  1.69400e+27
      77000.0  1.66500e+27
      77400.0  1.63700e+27
      77800.0  1.61000e+27
      78200.0  1.58300e+27
      78600.0  1.55700e+27
      79000.0  1.53200e+27
      79400.0  1.50700e+27
      79800.0  1.48200e+27
      80200.0  1.45700e+27
      80600.0  1.43400e+27
      81000.0  1.41100e+27
      81400.0  1.38800e+27
      81800.0  1.36700e+27
      82200.0  1.34600e+27
      82600.0  1.32500e+27
      83000.0  1.30400e+27
      83400.0  1.28300e+27
      83800.0  1.26400e+27
      84200.0  1.24500e+27
      84600.0  1.22600e+27
      85000.0  1.20700e+27
      85400.0  1.18900e+27
      85800.0  1.17200e+27
      86200.0  1.15400e+27
      86600.0  1.13800e+27
      87000.0  1.12100e+27
      87400.0  1.10400e+27
      87800.0  1.08800e+27
      88200.0  1.07200e+27
      88600.0  1.05700e+27
      89000.0  1.04200e+27
      89400.0  1.02800e+27
      89800.0  1.01300e+27
      90200.0  9.99100e+26
      90600.0  9.85400e+26
      91000.0  9.70900e+26
      91400.0  9.50500e+26
      91800.0  9.37700e+26
      92200.0  9.25300e+26
      92600.0  9.12700e+26
      93000.0  9.00500e+26
      93400.0  8.88300e+26
      93800.0  8.76600e+26
      94200.0  8.65000e+26
      94600.0  8.53600e+26
      95000.0  8.42700e+26
      95400.0  8.32000e+26
      95800.0  8.21500e+26
      96200.0  8.11000e+26
      96600.0  8.01000e+26
      97000.0  7.90900e+26
      97400.0  7.80400e+26
      97800.0  7.71200e+26
      98200.0  7.61900e+26
      98600.0  7.52600e+26
      99000.0  7.43500e+26
      99400.0  7.34400e+26
      99800.0  7.25600e+26
      100200.  7.17000e+26
      200000.  1.09200e+26
      400000.  2.46600e+25
      600000.  1.12400e+25
      800000.  6.55600e+24
  1.00000e+06  4.32300e+24
  1.20000e+06  3.11500e+24
  1.40000e+06  2.35000e+24
  1.60000e+06  1.83600e+24
