      91.0000       0.0000000
      94.0000       0.0000000
      96.0000       0.0000000
      98.0000       0.0000000
      100.000       0.0000000
      102.000       0.0000000
      104.000       0.0000000
      106.000       0.0000000
      108.000       0.0000000
      110.000       0.0000000
      114.000       0.0000000
      118.000       0.0000000
      121.000       0.0000000
      125.000       0.0000000
      127.000       0.0000000
      128.000       0.0000000
      131.000       0.0000000
      132.000       0.0000000
      134.000       0.0000000
      137.000       0.0000000
      140.000       0.0000000
      143.000       0.0000000
      147.000       0.0000000
      151.000       0.0000000
      155.000       0.0000000
      159.000       0.0000000
      162.000       0.0000000
      166.000       0.0000000
      170.000       0.0000000
      173.000       0.0000000
      177.000       0.0000000
      180.000       0.0000000
      182.000       0.0000000
      186.000       0.0000000
      191.000       0.0000000
      194.000       0.0000000
      198.000       0.0000000
      202.000       0.0000000
      205.000       0.0000000
      210.000       0.0000000
      216.000       0.0000000
      220.000       0.0000000
      223.000       0.0000000
      227.000       0.0000000
      230.000       0.0000000
      234.000       0.0000000
      240.000       0.0000000
      246.000       0.0000000
      252.000       0.0000000
      257.000       0.0000000
      260.000       0.0000000
      264.000       0.0000000
      269.000       0.0000000
      274.000       0.0000000
      279.000       0.0000000
      284.000       0.0000000
      290.000       0.0000000
      296.000       0.0000000
      301.000       0.0000000
      308.000       0.0000000
      318.000       0.0000000
      328.000       0.0000000
      338.000       0.0000000
      348.000       0.0000000
      357.000       0.0000000
      366.000       0.0000000
      375.000       0.0000000
      385.000       0.0000000
      395.000       0.0000000
      405.000       0.0000000
      414.000       0.0000000
      422.000       0.0000000
      430.000       0.0000000
      441.000       0.0000000
      451.000       0.0000000
      460.000       0.0000000
      470.000       0.0000000
      480.000       0.0000000
      490.000       0.0000000
      500.000       0.0000000
      506.000       0.0000000
      512.000       0.0000000
      520.000       0.0000000
      530.000       0.0000000
      540.000       0.0000000
      550.000       0.0000000
      560.000       0.0000000
      570.000       0.0000000
      580.000       0.0000000
      590.000       0.0000000
      600.000       0.0000000
      610.000       0.0000000
      620.000       0.0000000
      630.000       0.0000000
      640.000       0.0000000
      650.000       0.0000000
      658.000       0.0000000
      665.000       0.0000000
      675.000       0.0000000
      685.000       0.0000000
      695.000       0.0000000
      705.000       0.0000000
      716.000       0.0000000
      726.000       0.0000000
      735.000       0.0000000
      745.000       0.0000000
      755.000       0.0000000
      765.000       0.0000000
      775.000       0.0000000
      785.000       0.0000000
      795.000       0.0000000
      805.000       0.0000000
      815.000       0.0000000
      825.000       0.0000000
      835.000       0.0000000
      845.000       0.0000000
      855.000       0.0000000
      865.000       0.0000000
      875.000       0.0000000
      885.000       0.0000000
      895.000       0.0000000
      905.000       0.0000000
      915.000   6.4130001e+24
      925.000   1.6540271e+25
      935.000   2.7953553e+25
      945.000   3.8460243e+25
      955.000   4.7144244e+25
      965.000   5.1170383e+25
      975.000   1.8254100e+25
      985.000   3.9700264e+25
      995.000   4.3496869e+25
      1005.00   6.2799144e+25
      1015.00   7.0909678e+25
      1025.00   5.5458821e+25
      1035.00   6.8702289e+25
      1045.00   1.0567148e+26
      1055.00   1.0701401e+26
      1065.00   9.0633585e+25
      1075.00   1.0860819e+26
      1085.00   9.9011947e+25
      1095.00   1.2895834e+26
      1105.00   1.3011471e+26
      1115.00   1.3324907e+26
      1125.00   1.1939706e+26
      1135.00   1.6200744e+26
      1145.00   1.6291614e+26
      1155.00   1.7564627e+26
      1165.00   1.8220107e+26
      1175.00   1.1706518e+26
      1185.00   1.9622674e+26
      1195.00   1.7230593e+26
      1205.00   1.4804270e+26
      1215.00   2.3588798e+27
      1225.00   2.0684599e+26
      1235.00   2.7174833e+26
      1245.00   2.9397191e+26
      1255.00   2.9398137e+26
      1265.00   2.9165581e+26
      1275.00   3.5504773e+26
      1285.00   3.8100468e+26
      1295.00   3.2022026e+26
      1305.00   3.3375427e+26
      1315.00   4.1717679e+26
      1325.00   4.0979934e+26
      1335.00   4.0670536e+26
      1345.00   4.5076642e+26
      1355.00   4.4977650e+26
      1365.00   4.1904828e+26
      1375.00   4.3578583e+26
      1385.00   4.3990738e+26
      1395.00   3.3410932e+26
      1405.00   3.4338971e+26
      1415.00   4.3877948e+26
      1425.00   4.4754601e+26
      1435.00   4.7373409e+26
      1442.00   4.9510016e+26
      1447.00   5.0570316e+26
      1455.00   4.9317933e+26
      1465.00   4.6611876e+26
      1475.00   4.8632068e+26
      1485.00   5.0609634e+26
      1495.00   5.1567118e+26
      1505.00   4.9323552e+26
      1512.00   4.4934530e+26
      1517.00   4.8066541e+26
      1525.00   4.7450846e+26
      1535.00   4.0515648e+26
      1545.00   3.9759076e+26
      1555.00   3.9836214e+26
      1565.00   4.4677838e+26
      1575.00   4.9272903e+26
      1585.00   5.2741141e+26
      1595.00   5.4128435e+26
      1605.00   5.4068692e+26
      1615.00   5.4531929e+26
      1625.00   5.3469328e+26
      1635.00   5.8050495e+26
      1645.00   6.0353224e+26
      1655.00   5.7432339e+26
      1665.00   6.3032550e+26
      1672.00   5.5726966e+26
      1677.00   6.8914495e+26
      1685.00   7.0961328e+26
      1695.00   6.7126543e+26
      1705.00   6.6911539e+26
      1715.00   6.5279149e+26
      1725.00   6.5773071e+26
      1735.00   7.2045182e+26
      1745.00   7.1757263e+26
      1755.00   7.7268230e+26
      1765.00   7.1606729e+26
      1775.00   7.3752344e+26
      1785.00   7.7103780e+26
      1795.00   8.4033694e+26
      1805.00   8.5228820e+26
      1815.00   8.0829795e+26
      1825.00   8.2177726e+26
      1835.00   8.1036052e+26
      1845.00   7.3912378e+26
      1855.00   7.7451535e+26
      1865.00   8.2563693e+26
      1875.00   8.7650287e+26
      1885.00   8.3007150e+26
      1895.00   8.2961955e+26
      1905.00   9.2820470e+26
      1915.00   8.6783735e+26
      1925.00   8.5211135e+26
      1935.00   8.4903192e+26
      1945.00   9.5772230e+26
      1955.00   9.1376249e+26
      1967.00   1.0289240e+27
      1976.00   1.0533717e+27
      1984.00   1.0188773e+27
      1995.00   1.0077996e+27
      2005.00   1.0297944e+27
      2015.00   1.0262919e+27
      2025.00   1.0397337e+27
      2035.00   1.0475399e+27
      2045.00   1.1175709e+27
      2055.00   1.0519865e+27
      2065.00   1.0692494e+27
      2074.00   1.2159009e+27
      2078.00   1.1940801e+27
      2085.00   1.2332087e+27
      2095.00   1.1797953e+27
      2105.00   1.1765472e+27
      2115.00   1.2247115e+27
      2125.00   1.2418377e+27
      2135.00   1.1518083e+27
      2145.00   1.2369321e+27
      2155.00   1.2782101e+27
      2165.00   1.2348688e+27
      2175.00   1.2462921e+27
      2185.00   1.2789238e+27
      2195.00   1.3725050e+27
      2205.00   1.3438780e+27
      2215.00   1.2652888e+27
      2225.00   1.2705420e+27
      2235.00   1.4121638e+27
      2245.00   1.3544027e+27
      2255.00   1.2814918e+27
      2265.00   1.3051482e+27
      2275.00   1.3740703e+27
      2285.00   1.4543042e+27
      2295.00   1.3495427e+27
      2305.00   1.4303647e+27
      2315.00   1.3908031e+27
      2325.00   1.3351015e+27
      2335.00   1.2795200e+27
      2345.00   1.1787888e+27
      2355.00   1.4150892e+27
      2365.00   1.2249950e+27
      2375.00   1.3400815e+27
      2385.00   1.1416467e+27
      2395.00   1.2667189e+27
      2405.00   1.2490545e+27
      2415.00   1.2979714e+27
      2425.00   1.5088585e+27
      2435.00   1.4753519e+27
      2445.00   1.6000944e+27
      2455.00   1.6069781e+27
      2465.00   1.6151664e+27
      2475.00   1.5288803e+27
      2485.00   1.4920105e+27
      2495.00   1.3820056e+27
      2505.00   1.7226637e+27
      2513.00   1.4306562e+27
      2518.00   1.3753093e+27
      2525.00   1.3519152e+27
      2535.00   1.4428422e+27
      2545.00   1.4664714e+27
      2555.00   1.6876718e+27
      2565.00   1.6238113e+27
      2575.00   1.7922664e+27
      2585.00   1.7825660e+27
      2595.00   1.7529074e+27
      2605.00   1.6838147e+27
      2615.00   1.6188454e+27
      2625.00   1.8544419e+27
      2635.00   2.0359990e+27
      2645.00   2.3725778e+27
      2655.00   2.5691235e+27
      2665.00   2.2198560e+27
      2675.00   2.3970947e+27
      2685.00   2.4928267e+27
      2695.00   2.2495052e+27
      2705.00   2.4119741e+27
      2715.00   2.1904092e+27
      2725.00   2.1896617e+27
      2735.00   2.3945203e+27
      2745.00   1.9086516e+27
      2755.00   2.0960431e+27
      2765.00   2.3088043e+27
      2775.00   2.4835117e+27
      2785.00   2.1792004e+27
      2795.00   1.4226936e+27
      2805.00   1.5846341e+27
      2815.00   2.5752842e+27
      2825.00   2.8756849e+27
      2835.00   2.8031067e+27
      2845.00   2.6402440e+27
      2855.00   2.3311227e+27
      2865.00   2.9293577e+27
      2875.00   3.0831723e+27
      2885.00   3.0625768e+27
      2895.00   3.1188782e+27
      2910.00   3.6346654e+27
      2930.00   3.5175490e+27
      2950.00   3.4995113e+27
      2970.00   3.6559300e+27
      2990.00   3.7700131e+27
      3010.00   3.8920778e+27
      3030.00   4.0116422e+27
      3050.00   4.1671687e+27
      3070.00   4.3113003e+27
      3090.00   4.4057039e+27
      3110.00   4.5662640e+27
      3130.00   4.5495279e+27
      3150.00   4.6596877e+27
      3170.00   4.8638179e+27
      3190.00   4.6221608e+27
      3210.00   4.9617075e+27
      3230.00   4.7091907e+27
      3250.00   5.3906555e+27
      3270.00   5.8642440e+27
      3290.00   5.9301311e+27
      3310.00   5.9885800e+27
      3330.00   6.0718252e+27
      3350.00   6.0684993e+27
      3370.00   5.6405246e+27
      3390.00   5.9935549e+27
      3410.00   6.1714720e+27
      3430.00   6.4684729e+27
      3450.00   6.6560975e+27
      3470.00   6.8290890e+27
      3490.00   7.1961833e+27
      3510.00   7.5477639e+27
      3530.00   7.3549486e+27
      3550.00   8.0316236e+27
      3570.00   7.1282546e+27
      3590.00   7.1622697e+27
      3610.00   7.8621589e+27
      3630.00   8.1288475e+27
      3640.00   8.3002024e+27
      3650.00   8.8225141e+27
      3670.00   8.9027537e+27
      3690.00   8.5491802e+27
      3710.00   9.4670172e+27
      3730.00   1.2817647e+28
      3750.00   9.9304957e+27
      3770.00   1.1101673e+28
      3790.00   1.2132392e+28
      3810.00   1.3013297e+28
      3830.00   1.0310983e+28
      3850.00   1.3189302e+28
      3870.00   1.4486589e+28
      3890.00   1.2230613e+28
      3910.00   1.5685667e+28
      3930.00   1.1340977e+28
      3950.00   1.5221614e+28
      3970.00   1.1019209e+28
      3990.00   1.8051143e+28
      4010.00   1.9724627e+28
      4030.00   1.9980173e+28
      4050.00   1.9973189e+28
      4070.00   1.9716349e+28
      4090.00   2.0051705e+28
      4110.00   1.8217545e+28
      4130.00   2.1156162e+28
      4150.00   2.1730447e+28
      4170.00   2.2185423e+28
      4190.00   2.2132050e+28
      4210.00   2.2563450e+28
      4230.00   2.2350654e+28
      4250.00   2.2982830e+28
      4270.00   2.2571500e+28
      4290.00   2.2185361e+28
      4310.00   2.0439492e+28
      4330.00   2.2761440e+28
      4350.00   2.1514494e+28
      4370.00   2.5762703e+28
      4390.00   2.5129751e+28
      4410.00   2.6169942e+28
      4430.00   2.7498596e+28
      4450.00   2.7878068e+28
      4470.00   2.9118318e+28
      4490.00   2.9663526e+28
      4510.00   3.1908826e+28
      4530.00   3.0153270e+28
      4550.00   3.1004708e+28
      4570.00   3.2805105e+28
      4590.00   3.2039519e+28
      4610.00   3.3061687e+28
      4630.00   3.2935741e+28
      4650.00   3.3573168e+28
      4670.00   3.4590821e+28
      4690.00   3.4522222e+28
      4710.00   3.4052754e+28
      4730.00   3.5399205e+28
      4750.00   3.6317239e+28
      4770.00   3.6416640e+28
      4790.00   3.6683600e+28
      4810.00   3.6845263e+28
      4830.00   3.7313064e+28
      4850.00   3.5060038e+28
      4870.00   3.2100085e+28
      4890.00   3.7412237e+28
      4910.00   3.8220489e+28
      4930.00   3.8118587e+28
      4950.00   3.9562148e+28
      4970.00   3.9896440e+28
      4990.00   3.8524594e+28
      5010.00   5.0726484e+28
      5030.00   3.9489085e+28
      5050.00   3.9637029e+28
      5070.00   4.1115189e+28
      5090.00   4.0268259e+28
      5110.00   4.1167741e+28
      5130.00   4.0648570e+28
      5150.00   4.0017724e+28
      5170.00   3.8929860e+28
      5190.00   3.9956487e+28
      5210.00   4.1491372e+28
      5230.00   4.3067059e+28
      5250.00   4.4505260e+28
      5270.00   4.1806453e+28
      5290.00   4.5449303e+28
      5310.00   4.7109739e+28
      5330.00   4.4337235e+28
      5350.00   4.7067818e+28
      5370.00   4.7172537e+28
      5390.00   4.7023456e+28
      5410.00   4.6780200e+28
      5430.00   4.7607657e+28
      5450.00   4.8816921e+28
      5470.00   4.8585525e+28
      5490.00   4.9062273e+28
      5510.00   4.9253375e+28
      5530.00   5.0466030e+28
      5550.00   5.1279466e+28
      5570.00   5.0792658e+28
      5590.00   5.0579789e+28
      5610.00   5.1815529e+28
      5630.00   5.2237551e+28
      5650.00   5.2942547e+28
      5670.00   5.2427546e+28
      5690.00   5.3830390e+28
      5710.00   5.2991301e+28
      5730.00   5.6001077e+28
      5750.00   5.5203377e+28
      5770.00   5.5882053e+28
      5790.00   5.5108693e+28
      5810.00   5.6600495e+28
      5830.00   5.7833413e+28
      5850.00   5.7139282e+28
      5870.00   5.7884564e+28
      5890.00   5.4000695e+28
      5910.00   5.7635015e+28
      5930.00   5.8284402e+28
      5950.00   5.8683110e+28
      5970.00   5.9596322e+28
      5990.00   5.9440241e+28
      6010.00   5.9233977e+28
      6030.00   6.0449299e+28
      6050.00   6.1586412e+28
      6070.00   6.1774958e+28
      6090.00   6.0969478e+28
      6110.00   6.1383452e+28
      6130.00   5.9666903e+28
      6150.00   6.0971599e+28
      6170.00   5.9639879e+28
      6190.00   6.2105008e+28
      6210.00   6.2204457e+28
      6230.00   6.1359536e+28
      6250.00   6.0338009e+28
      6270.00   6.2730141e+28
      6290.00   6.3822288e+28
      6310.00   6.2281985e+28
      6330.00   6.2956036e+28
      6350.00   6.3497785e+28
      6370.00   6.3800849e+28
      6390.00   6.4717585e+28
      6410.00   6.4104922e+28
      6430.00   6.4929099e+28
      6450.00   6.5114966e+28
      6470.00   6.5380228e+28
      6490.00   6.4756627e+28
      6510.00   6.6585189e+28
      6530.00   6.6796410e+28
      6550.00   6.7484661e+28
      6570.00   6.7500212e+28
      6590.00   7.0304980e+28
      6610.00   6.8209679e+28
      6630.00   6.8517765e+28
      6650.00   6.8837601e+28
      6670.00   6.8456134e+28
      6690.00   6.9595356e+28
      6710.00   7.0675927e+28
      6730.00   7.2518565e+28
      6750.00   6.9419606e+28
      6770.00   7.0040200e+28
      6790.00   7.0050715e+28
      6810.00   7.0466703e+28
      6830.00   7.1325066e+28
      6850.00   7.0584676e+28
      6870.00   7.1611372e+28
      6890.00   7.2660434e+28
      6910.00   7.2819433e+28
      6930.00   7.2945104e+28
      6950.00   7.3138075e+28
      6970.00   7.4070191e+28
      6990.00   7.4231023e+28
      7010.00   7.3840512e+28
      7030.00   7.5060155e+28
      7050.00   7.5510887e+28
      7070.00   7.4708563e+28
      7090.00   7.3903708e+28
      7110.00   7.3268119e+28
      7130.00   7.3994307e+28
      7150.00   7.3223750e+28
      7170.00   7.3912594e+28
      7190.00   7.2900891e+28
      7210.00   7.4306886e+28
      7230.00   7.5566314e+28
      7250.00   7.6178867e+28
      7270.00   7.6761144e+28
      7290.00   7.6256324e+28
      7310.00   7.7904708e+28
      7330.00   7.8692197e+28
      7350.00   7.9245583e+28
      7370.00   8.0829813e+28
      7390.00   8.0069569e+28
      7410.00   7.9884625e+28
      7430.00   8.1662456e+28
      7450.00   8.2157239e+28
      7470.00   8.3151191e+28
      7490.00   8.3285977e+28
      7510.00   8.4165479e+28
      7530.00   8.5277707e+28
      7550.00   8.6027336e+28
      7570.00   8.6035110e+28
      7590.00   8.5448131e+28
      7610.00   8.5045738e+28
      7630.00   8.4217364e+28
      7650.00   8.3591485e+28
      7670.00   8.1508856e+28
      7690.00   8.3219907e+28
      7710.00   8.2375499e+28
      7730.00   8.2947960e+28
      7750.00   8.2792256e+28
      7770.00   8.3852408e+28
      7790.00   8.4578926e+28
      7810.00   8.4946975e+28
      7830.00   8.4701588e+28
      7850.00   8.4429012e+28
      7870.00   8.5638460e+28
      7890.00   8.5163224e+28
      7910.00   8.4188371e+28
      7930.00   8.4555499e+28
      7950.00   8.4526038e+28
      7970.00   8.6679744e+28
      7990.00   8.6971811e+28
      8010.00   8.8368234e+28
      8030.00   8.8864941e+28
      8050.00   8.9036797e+28
      8070.00   9.0063915e+28
      8090.00   8.9905444e+28
      8110.00   9.0938314e+28
      8130.00   9.2496268e+28
      8150.00   9.3335181e+28
      8170.00   9.4156964e+28
      8190.00   9.2768075e+28
      8210.00   9.2610598e+28
      8230.00   9.3192425e+28
      8250.00   9.3561308e+28
      8270.00   9.4402730e+28
      8290.00   9.4144707e+28
      8310.00   9.2705342e+28
      8330.00   9.2164613e+28
      8350.00   9.2953465e+28
      8370.00   9.3436706e+28
      8390.00   9.1613812e+28
      8410.00   9.3713180e+28
      8430.00   9.1237743e+28
      8450.00   9.0376600e+28
      8470.00   9.0294327e+28
      8490.00   9.0888744e+28
      8510.00   8.7466432e+28
      8530.00   9.1233471e+28
      8550.00   8.2124762e+28
      8570.00   9.4092544e+28
      8590.00   9.3069836e+28
      8610.00   9.3646374e+28
      8630.00   9.6056105e+28
      8650.00   9.5723591e+28
      8670.00   8.5404598e+28
      8690.00   9.5370333e+28
      8710.00   9.8223266e+28
      8730.00   9.8748546e+28
      8750.00   9.6233428e+28
      8770.00   9.9525214e+28
      8790.00   1.0086695e+29
      8810.00   1.0007066e+29
      8830.00   1.0063959e+29
      8850.00   1.0026081e+29
      8870.00   9.6727468e+28
      8890.00   1.0038584e+29
      8910.00   1.0157451e+29
      8930.00   1.0088658e+29
      8950.00   1.0124845e+29
      8970.00   1.0181230e+29
      8990.00   1.0204965e+29
      9010.00   9.8037447e+28
      9030.00   1.0193215e+29
      9050.00   1.0739649e+29
      9070.00   1.2710598e+29
      9090.00   1.0516368e+29
      9110.00   1.0537082e+29
      9130.00   1.0667402e+29
      9150.00   1.0659024e+29
      9170.00   1.0681913e+29
      9190.00   1.0760346e+29
      9210.00   1.0423254e+29
      9230.00   1.0024053e+29
      9250.00   1.0254778e+29
      9270.00   1.0370144e+29
      9290.00   1.0333349e+29
      9310.00   1.0407382e+29
      9330.00   1.0446177e+29
      9350.00   1.0424648e+29
      9370.00   1.0344830e+29
      9390.00   1.0501587e+29
      9410.00   1.0354216e+29
      9430.00   1.0567249e+29
      9450.00   1.0510533e+29
      9470.00   1.0680285e+29
      9490.00   1.0707389e+29
      9510.00   1.0629793e+29
      9530.00   1.0626975e+29
      9550.00   1.0286727e+29
      9570.00   1.0610013e+29
      9590.00   1.0786515e+29
      9610.00   1.0714711e+29
      9630.00   1.0766400e+29
      9650.00   1.0670123e+29
      9670.00   1.0695180e+29
      9690.00   1.0837079e+29
      9710.00   1.0768398e+29
      9730.00   1.0737196e+29
      9750.00   1.0737981e+29
      9770.00   1.0800780e+29
      9790.00   1.0729724e+29
      9810.00   1.0917872e+29
      9830.00   1.0882117e+29
      9850.00   1.0957183e+29
      9870.00   1.0932796e+29
      9890.00   1.0944319e+29
      9910.00   1.0919121e+29
      9930.00   1.0981993e+29
      9950.00   1.1017442e+29
      9970.00   1.1043626e+29
      9990.00   1.1041936e+29
      10025.0   1.0981089e+29
      10075.0   1.0890134e+29
      10125.0   1.1129282e+29
      10175.0   1.1086184e+29
      10225.0   1.1162658e+29
      10275.0   1.1238727e+29
      10325.0   1.1308698e+29
      10375.0   1.1179100e+29
      10425.0   1.1272139e+29
      10475.0   1.1171219e+29
      10525.0   1.1107578e+29
      10575.0   1.0987100e+29
      10625.0   1.0952229e+29
      10675.0   1.0901033e+29
      10725.0   1.1022574e+29
      10775.0   1.1028240e+29
      10825.0   1.1158115e+29
      10875.0   1.0996893e+29
      10925.0   1.0936131e+29
      10975.0   1.0948629e+29
      11025.0   1.1012344e+29
      11075.0   1.0948047e+29
      11125.0   1.0951530e+29
      11175.0   1.0916763e+29
      11225.0   1.0966150e+29
      11275.0   1.0887249e+29
      11325.0   1.0912041e+29
      11375.0   1.0886497e+29
      11425.0   1.0832634e+29
      11475.0   1.0981519e+29
      11525.0   1.0991393e+29
      11575.0   1.0922093e+29
      11625.0   1.0815399e+29
      11675.0   1.0844918e+29
      11725.0   1.0921613e+29
      11775.0   1.0733527e+29
      11825.0   1.0699492e+29
      11875.0   1.0574718e+29
      11925.0   1.0749806e+29
      11975.0   1.0498578e+29
      12025.0   1.0698280e+29
      12075.0   1.0662339e+29
      12125.0   1.0712945e+29
      12175.0   1.0767463e+29
      12225.0   1.0745524e+29
      12275.0   1.0709682e+29
      12325.0   1.0693981e+29
      12375.0   1.0694484e+29
      12425.0   1.0607530e+29
      12475.0   1.0610250e+29
      12525.0   1.0559638e+29
      12575.0   1.0560521e+29
      12625.0   1.0538496e+29
      12675.0   1.0502107e+29
      12725.0   1.0527231e+29
      12775.0   1.0533255e+29
      12825.0   1.0305943e+29
      12875.0   1.0440607e+29
      12925.0   1.0394430e+29
      12975.0   1.0498706e+29
      13025.0   1.0423254e+29
      13075.0   1.0457746e+29
      13125.0   1.0309973e+29
      13175.0   1.0296019e+29
      13225.0   1.0314261e+29
      13275.0   1.0185253e+29
      13325.0   1.0211373e+29
      13375.0   1.0146283e+29
      13425.0   1.0171241e+29
      13475.0   1.0113770e+29
      13525.0   1.0084262e+29
      13575.0   9.9710451e+28
      13625.0   9.9541187e+28
      13675.0   1.0010261e+29
      13725.0   1.0051545e+29
      13775.0   1.0052944e+29
      13825.0   1.0073760e+29
      13875.0   1.0009064e+29
      13925.0   9.8023597e+28
      13975.0   9.7803066e+28
      14025.0   9.7017086e+28
      14075.0   9.7748938e+28
      14125.0   9.7048340e+28
      14175.0   9.7828423e+28
      14225.0   9.6957466e+28
      14275.0   9.6126206e+28
      14325.0   9.7627565e+28
      14375.0   9.8038390e+28
      14425.0   9.6241666e+28
      14475.0   9.8012606e+28
      14525.0   9.7198256e+28
      14570.0   9.7875340e+28
      14620.0   9.6992336e+28
      14675.0   9.6994357e+28
      14725.0   9.6198956e+28
      14775.0   9.6852306e+28
      14825.0   9.7181152e+28
      14875.0   9.6582440e+28
      14925.0   9.8490587e+28
      14975.0   9.7884198e+28
      15025.0   9.7103802e+28
      15075.0   9.7143308e+28
      15125.0   9.8734102e+28
      15175.0   9.9106782e+28
      15225.0   9.9142707e+28
      15275.0   9.9736663e+28
      15325.0   9.9598471e+28
      15375.0   9.9908090e+28
      15425.0   9.9534903e+28
      15475.0   1.0001010e+29
      15525.0   9.9512838e+28
      15575.0   9.7171726e+28
      15625.0   9.8496833e+28
      15675.0   9.8093739e+28
      15725.0   9.9482600e+28
      15775.0   9.5580676e+28
      15825.0   9.6262793e+28
      15875.0   9.5246600e+28
      15925.0   9.8337207e+28
      15975.0   9.7137651e+28
      16050.0   9.7037169e+28
      16150.0   9.7567345e+28
      16250.0   9.6589577e+28
      16350.0   9.8551314e+28
      16450.0   9.4870558e+28
      16550.0   9.7551922e+28
      16650.0   9.5206314e+28
      16750.0   9.5302179e+28
      16850.0   9.3141150e+28
      16950.0   9.4460533e+28
      17050.0   9.2942460e+28
      17150.0   9.2031961e+28
      17250.0   9.0589699e+28
      17350.0   8.7449525e+28
      17450.0   8.7627147e+28
      17550.0   8.6172319e+28
      17650.0   8.4954384e+28
      17750.0   8.3057232e+28
      17850.0   8.2057155e+28
      17950.0   8.0506872e+28
      18050.0   7.8732182e+28
      18150.0   7.7200423e+28
      18250.0   7.6861601e+28
      18350.0   7.6037524e+28
      18450.0   7.4925694e+28
      18550.0   7.4413672e+28
      18650.0   7.2856623e+28
      18750.0   7.4186816e+28
      18850.0   7.1488705e+28
      18950.0   6.9625332e+28
      19050.0   7.0353277e+28
      19150.0   6.9275254e+28
      19250.0   6.8685769e+28
      19350.0   6.7202051e+28
      19450.0   6.5673578e+28
      19550.0   6.5869917e+28
      19650.0   6.4989311e+28
      19750.0   6.3646492e+28
      19850.0   6.3198862e+28
      19950.0   6.2670034e+28
      20050.0   6.2551827e+28
      20150.0   6.1993001e+28
      20250.0   6.0861958e+28
      20350.0   6.0388023e+28
      20450.0   6.0489920e+28
      20550.0   5.9885852e+28
      20650.0   5.9200772e+28
      20750.0   5.8871916e+28
      20850.0   5.8370399e+28
      20950.0   5.7678556e+28
      21050.0   5.7652365e+28
      21150.0   5.7007762e+28
      21250.0   5.6584666e+28
      21350.0   5.6298936e+28
      21450.0   5.5811772e+28
      21550.0   5.5201046e+28
      21650.0   5.4319088e+28
      21750.0   5.3871385e+28
      21850.0   5.3491396e+28
      21950.0   5.3114108e+28
      22050.0   5.2080218e+28
      22150.0   5.2115859e+28
      22250.0   5.1149872e+28
      22350.0   5.0722881e+28
      22450.0   5.0227619e+28
      22550.0   4.9801004e+28
      22650.0   4.8988775e+28
      22750.0   4.8830593e+28
      22850.0   4.8024098e+28
      22950.0   4.2036673e+28
      23050.0   4.4017789e+28
      23150.0   4.3812077e+28
      23250.0   3.8913452e+28
      23350.0   4.1161449e+28
      23450.0   4.0230737e+28
      23550.0   3.6498159e+28
      23650.0   3.8827675e+28
      23750.0   3.7843078e+28
      23850.0   3.4916736e+28
      23950.0   3.6600301e+28
      24050.0   3.6150902e+28
      24150.0   3.3571195e+28
      24250.0   3.4604138e+28
      24350.0   3.4115360e+28
      24450.0   3.2504467e+28
      24550.0   3.2169002e+28
      24650.0   3.2572783e+28
      24750.0   3.1524607e+28
      24850.0   2.9721049e+28
      24950.0   2.9836750e+28
      25050.0   3.0280592e+28
      25150.0   2.8531803e+28
      25250.0   2.9196386e+28
      25350.0   2.9184994e+28
      25450.0   2.8696956e+28
      25550.0   2.8448490e+28
      25650.0   2.8487445e+28
      25750.0   2.8698868e+28
      25850.0   2.7763006e+28
      25950.0   2.8027494e+28
      26050.0   2.8128281e+28
      26150.0   2.7649252e+28
      26250.0   2.7663805e+28
      26350.0   2.7477481e+28
      26450.0   2.7352311e+28
      26550.0   2.7039425e+28
      26650.0   2.6611370e+28
      26750.0   2.6885927e+28
      26850.0   2.6708627e+28
      26950.0   2.6226289e+28
      27050.0   2.6301566e+28
      27150.0   2.6109646e+28
      27250.0   2.6050188e+28
      27350.0   2.5595592e+28
      27450.0   2.5620060e+28
      27550.0   2.5431234e+28
      27650.0   2.5211552e+28
      27750.0   2.4931413e+28
      27850.0   2.4923135e+28
      27950.0   2.4875164e+28
      28050.0   2.4648982e+28
      28150.0   2.4351557e+28
      28250.0   2.4250368e+28
      28350.0   2.4178046e+28
      28450.0   2.3929999e+28
      28550.0   2.3650001e+28
      28650.0   2.3389999e+28
      28750.0   2.3029999e+28
      28850.0   2.2920001e+28
      28950.0   2.2690001e+28
      29050.0   2.2430001e+28
      29150.0   2.2220000e+28
      29250.0   2.1860000e+28
      29350.0   2.1759999e+28
      29450.0   2.1470001e+28
      29550.0   2.1250000e+28
      29650.0   2.1079999e+28
      29750.0   2.0860001e+28
      29850.0   2.0599999e+28
      29950.0   2.0370001e+28
      30050.0   2.0160000e+28
      30150.0   2.0010001e+28
      30250.0   1.9770000e+28
      30350.0   1.9439999e+28
      30450.0   1.9380001e+28
      30550.0   1.9220000e+28
      30650.0   1.9030000e+28
      30750.0   1.8890000e+28
      30850.0   1.8660000e+28
      30950.0   1.8510000e+28
      31050.0   1.8390000e+28
      31150.0   1.8110000e+28
      31250.0   1.8020000e+28
      31350.0   1.7850000e+28
      31450.0   1.7680001e+28
      31550.0   1.7490000e+28
      31650.0   1.7310000e+28
      31750.0   1.7190000e+28
      31850.0   1.7030000e+28
      31950.0   1.6889999e+28
      32100.0   1.6640000e+28
      32300.0   1.6330000e+28
      32500.0   1.6039999e+28
      32700.0   1.5730000e+28
      32900.0   1.5360000e+28
      33100.0   1.5140000e+28
      33300.0   1.4850000e+28
      33500.0   1.4610000e+28
      33700.0   1.4320000e+28
      33900.0   1.4040000e+28
      34100.0   1.3760000e+28
      34300.0   1.3530000e+28
      34500.0   1.3280001e+28
      34700.0   1.3020000e+28
      34900.0   1.2780000e+28
      35100.0   1.2549999e+28
      35300.0   1.2290000e+28
      35500.0   1.2080000e+28
      35700.0   1.1840000e+28
      35900.0   1.1620000e+28
      36100.0   1.1420000e+28
      36300.0   1.1200000e+28
      36500.0   1.0969999e+28
      36700.0   1.0770000e+28
      36900.0   1.0530000e+28
      37100.0   1.0330000e+28
      37300.0   1.0150000e+28
      37500.0   9.9100006e+27
      37700.0   9.8000001e+27
      37900.0   9.6079999e+27
      38100.0   9.4340002e+27
      38300.0   9.2720000e+27
      38500.0   9.1099998e+27
      38700.0   8.9119999e+27
      38900.0   8.7510002e+27
      39100.0   8.5909999e+27
      39300.0   8.4390000e+27
      39500.0   8.2540001e+27
      39700.0   8.1059999e+27
      39900.0   7.9170002e+27
      40100.0   7.7919997e+27
      40300.0   7.6590008e+27
      40500.0   8.0926327e+27
      40700.0   7.3720137e+27
      40900.0   7.2419999e+27
      41100.0   7.1130002e+27
      41300.0   6.9910002e+27
      41500.0   6.8560001e+27
      41700.0   6.7230000e+27
      41900.0   6.6049999e+27
      42100.0   6.4790000e+27
      42300.0   6.3929998e+27
      42500.0   6.2640001e+27
      42700.0   6.1649999e+27
      42900.0   5.8410001e+27
      43100.0   5.5149998e+27
      43300.0   5.5180002e+27
      43500.0   5.2200000e+27
      43700.0   5.0680000e+27
      43900.0   4.9539997e+27
      44100.0   4.7439999e+27
      44300.0   4.6379999e+27
      44500.0   4.5469999e+27
      44700.0   4.4050001e+27
      44900.0   4.3809999e+27
      45100.0   4.2880000e+27
      45300.0   4.1769999e+27
      45500.0   4.1490001e+27
      45700.0   4.0859999e+27
      45900.0   3.9430001e+27
      46100.0   3.9629999e+27
      46300.0   3.8820001e+27
      46500.0   3.8230001e+27
      46700.0   3.8130001e+27
      46900.0   3.7499999e+27
      47100.0   3.6780001e+27
      47300.0   3.6860001e+27
      47500.0   3.5870001e+27
      47700.0   3.5650001e+27
      47900.0   3.5210000e+27
      48100.0   3.4230000e+27
      48300.0   3.4520000e+27
      48500.0   3.3649999e+27
      48700.0   3.3010000e+27
      48900.0   3.2600001e+27
      49100.0   3.2070001e+27
      49300.0   3.1739999e+27
      49500.0   3.1120000e+27
      49700.0   3.1000001e+27
      49900.0   3.0459999e+27
      50100.0   3.0139999e+27
      50300.0   2.9720001e+27
      50500.0   2.9089999e+27
      50700.0   2.8840000e+27
      50900.0   2.8460000e+27
      51100.0   2.7949999e+27
      51300.0   2.7660001e+27
      51500.0   2.7240000e+27
      51700.0   2.7130001e+27
      51900.0   2.6630000e+27
      52100.0   2.6320000e+27
      52300.0   2.5880000e+27
      52500.0   2.5679999e+27
      52700.0   2.5570000e+27
      52900.0   2.4960000e+27
      53100.0   2.4620000e+27
      53300.0   2.4430000e+27
      53500.0   2.4120000e+27
      53700.0   2.3850001e+27
      53900.0   2.3580001e+27
      54100.0   2.3300000e+27
      54300.0   2.2870000e+27
      54500.0   2.2760000e+27
      54700.0   2.2370001e+27
      54900.0   2.2150000e+27
      55100.0   2.1829999e+27
      55300.0   2.1890000e+27
      55500.0   2.1290000e+27
      55700.0   2.1259999e+27
      55900.0   2.0890001e+27
      56100.0   2.0750000e+27
      56300.0   2.0349999e+27
      56500.0   2.0250000e+27
      56700.0   2.0000000e+27
      56900.0   1.9629999e+27
      57100.0   1.9560001e+27
      57300.0   1.9320000e+27
      57500.0   1.9090000e+27
      57700.0   1.8830000e+27
      57900.0   1.8700000e+27
      58100.0   1.8410000e+27
      58300.0   1.8220000e+27
      58500.0   1.8010000e+27
      58700.0   1.7730000e+27
      58900.0   1.7540000e+27
      59100.0   1.7320001e+27
      59300.0   1.7180000e+27
      59500.0   1.6930000e+27
      59700.0   1.6800000e+27
      59900.0   1.6600001e+27
      60100.0   1.6410001e+27
      60300.0   1.6210000e+27
      60500.0   1.5970000e+27
      60700.0   1.5799999e+27
      60900.0   1.5609999e+27
      61100.0   1.5410000e+27
      61300.0   1.5269999e+27
      61500.0   1.5100000e+27
      61700.0   1.4960000e+27
      61900.0   1.4780001e+27
      62100.0   1.4630001e+27
      62300.0   1.4429999e+27
      62500.0   1.4230000e+27
      62700.0   1.4070000e+27
      62900.0   1.3920000e+27
      63100.0   1.3760000e+27
      63300.0   1.3640001e+27
      63500.0   1.3460000e+27
      63700.0   1.3350000e+27
      63900.0   1.3150001e+27
      64200.0   1.2950000e+27
      64600.0   1.2649999e+27
      65000.0   1.2370000e+27
      65400.0   1.2090000e+27
      65800.0   1.1830000e+27
      66200.0   1.1560000e+27
      66600.0   1.1310000e+27
      67000.0   1.1070000e+27
      67400.0   1.0820000e+27
      67800.0   1.0580000e+27
      68200.0   1.0350000e+27
      68600.0   1.0130000e+27
      69000.0   9.9089999e+26
      69400.0   9.6970003e+26
      69800.0   9.4899998e+26
      70200.0   9.2839998e+26
      70600.0   9.0920002e+26
      71000.0   8.8980002e+26
      71400.0   8.7130001e+26
      71800.0   8.5279999e+26
      72200.0   8.3520002e+26
      72600.0   8.1759999e+26
      73000.0   8.0080002e+26
      73400.0   7.8410003e+26
      73800.0   7.6819997e+26
      74200.0   7.5180001e+26
      74600.0   7.3550002e+26
      75000.0   7.2090001e+26
      75400.0   7.0710000e+26
      75800.0   6.9350003e+26
      76200.0   6.7980000e+26
      76600.0   6.6630001e+26
      77000.0   6.5299998e+26
      77400.0   6.4029999e+26
      77800.0   6.2780003e+26
      78200.0   6.1550000e+26
      78600.0   6.0360001e+26
      79000.0   5.9199999e+26
      79400.0   5.8060002e+26
      79800.0   5.6960000e+26
      80200.0   5.5850001e+26
      80600.0   5.4789999e+26
      81000.0   5.3779999e+26
      81400.0   5.2760001e+26
      81800.0   5.1790001e+26
      82200.0   5.0830000e+26
      82600.0   4.9890001e+26
      83000.0   4.8970000e+26
      83400.0   4.8060000e+26
      83800.0   4.7180001e+26
      84200.0   4.6339999e+26
      84600.0   4.5500001e+26
      85000.0   4.4690001e+26
      85400.0   4.3880001e+26
      85800.0   4.3099998e+26
      86200.0   4.2350002e+26
      86600.0   4.1600001e+26
      87000.0   4.0859999e+26
      87400.0   4.0149999e+26
      87800.0   3.9450000e+26
      88200.0   3.8760000e+26
      88600.0   3.8089999e+26
      89000.0   3.7430001e+26
      89400.0   3.6800000e+26
      89800.0   3.6150000e+26
      90200.0   3.5559999e+26
      90600.0   3.4960000e+26
      91000.0   3.4349999e+26
      91400.0   3.3779999e+26
      91800.0   3.3220000e+26
      92200.0   3.2680001e+26
      92600.0   3.2139998e+26
      93000.0   3.1610001e+26
      93400.0   3.1089999e+26
      93800.0   3.0580000e+26
      94200.0   3.0080001e+26
      94600.0   2.9590000e+26
      95000.0   2.9110001e+26
      95400.0   2.8650000e+26
      95800.0   2.8190001e+26
      96200.0   2.7740000e+26
      96600.0   2.7300001e+26
      97000.0   2.6870000e+26
      97400.0   2.6430001e+26
      97800.0   2.6020000e+26
      98200.0   2.5620000e+26
      98600.0   2.5219999e+26
      99000.0   2.4830000e+26
      99400.0   2.4450001e+26
      99800.0   2.4070000e+26
      100200.   2.3700000e+26
      200000.   1.6240000e+25
      400000.   1.1570000e+24
      600000.   2.7150001e+23
      800000.   1.0570000e+23
  1.00000e+06   5.4120000e+22
  1.20000e+06   3.2890000e+22
  1.40000e+06   2.2170000e+22
  1.60000e+06   1.6030000e+22
