      91.0000      0.00000
      94.0000      0.00000
      96.0000      0.00000
      98.0000      0.00000
      100.000      0.00000
      102.000      0.00000
      104.000      0.00000
      106.000      0.00000
      108.000      0.00000
      110.000      0.00000
      114.000      0.00000
      118.000      0.00000
      121.000      0.00000
      125.000      0.00000
      127.000      0.00000
      128.000      0.00000
      131.000      0.00000
      132.000      0.00000
      134.000      0.00000
      137.000      0.00000
      140.000      0.00000
      143.000      0.00000
      147.000      0.00000
      151.000      0.00000
      155.000      0.00000
      159.000      0.00000
      162.000      0.00000
      166.000      0.00000
      170.000      0.00000
      173.000      0.00000
      177.000      0.00000
      180.000      0.00000
      182.000      0.00000
      186.000      0.00000
      191.000      0.00000
      194.000      0.00000
      198.000      0.00000
      202.000      0.00000
      205.000      0.00000
      210.000      0.00000
      216.000      0.00000
      220.000      0.00000
      223.000      0.00000
      227.000      0.00000
      230.000      0.00000
      234.000      0.00000
      240.000      0.00000
      246.000      0.00000
      252.000      0.00000
      257.000      0.00000
      260.000      0.00000
      264.000      0.00000
      269.000      0.00000
      274.000      0.00000
      279.000      0.00000
      284.000      0.00000
      290.000      0.00000
      296.000      0.00000
      301.000      0.00000
      308.000      0.00000
      318.000      0.00000
      328.000      0.00000
      338.000      0.00000
      348.000      0.00000
      357.000      0.00000
      366.000      0.00000
      375.000      0.00000
      385.000      0.00000
      395.000      0.00000
      405.000      0.00000
      414.000      0.00000
      422.000      0.00000
      430.000      0.00000
      441.000      0.00000
      451.000      0.00000
      460.000      0.00000
      470.000      0.00000
      480.000      0.00000
      490.000      0.00000
      500.000      0.00000
      506.000      0.00000
      512.000      0.00000
      520.000      0.00000
      530.000      0.00000
      540.000      0.00000
      550.000      0.00000
      560.000      0.00000
      570.000      0.00000
      580.000      0.00000
      590.000      0.00000
      600.000      0.00000
      610.000      0.00000
      620.000      0.00000
      630.000      0.00000
      640.000      0.00000
      650.000      0.00000
      658.000      0.00000
      665.000      0.00000
      675.000      0.00000
      685.000      0.00000
      695.000      0.00000
      705.000      0.00000
      716.000      0.00000
      726.000      0.00000
      735.000      0.00000
      745.000      0.00000
      755.000      0.00000
      765.000      0.00000
      775.000      0.00000
      785.000      0.00000
      795.000      0.00000
      805.000      0.00000
      815.000      0.00000
      825.000      0.00000
      835.000      0.00000
      845.000      0.00000
      855.000      0.00000
      865.000      0.00000
      875.000      0.00000
      885.000      0.00000
      895.000      0.00000
      905.000      0.00000
      915.000  3.66700e+28
      925.000  8.76900e+28
      935.000  1.37300e+29
      945.000  1.80000e+29
      955.000  2.09100e+29
      965.000  2.23400e+29
      975.000  8.27300e+28
      985.000  1.72300e+29
      995.000  1.70000e+29
      1005.00  2.19200e+29
      1015.00  2.26900e+29
      1025.00  1.59200e+29
      1035.00  1.97900e+29
      1045.00  2.80600e+29
      1055.00  2.71500e+29
      1065.00  2.27100e+29
      1075.00  2.54000e+29
      1085.00  2.21600e+29
      1095.00  2.66700e+29
      1105.00  2.57800e+29
      1115.00  2.53100e+29
      1125.00  2.23500e+29
      1135.00  2.71100e+29
      1145.00  2.55900e+29
      1155.00  2.60100e+29
      1165.00  2.58200e+29
      1175.00  1.72800e+29
      1185.00  2.46400e+29
      1195.00  2.03400e+29
      1205.00  1.70800e+29
      1215.00  1.42500e+29
      1225.00  2.04900e+29
      1235.00  2.59000e+29
      1245.00  2.73800e+29
      1255.00  2.67300e+29
      1265.00  2.51500e+29
      1275.00  2.95700e+29
      1285.00  3.06100e+29
      1295.00  2.58900e+29
      1305.00  2.57200e+29
      1315.00  3.04100e+29
      1325.00  2.92900e+29
      1335.00  2.79947e+29
      1345.00  3.01300e+29
      1355.00  2.91300e+29
      1365.00  2.66200e+29
      1375.00  2.70600e+29
      1385.00  2.68000e+29
      1395.00  2.12200e+29
      1405.00  2.10400e+29
      1415.00  2.48700e+29
      1425.00  2.47900e+29
      1435.00  2.53800e+29
      1442.00  2.62300e+29
      1447.00  2.65900e+29
      1455.00  2.57500e+29
      1465.00  2.41700e+29
      1475.00  2.43900e+29
      1485.00  2.49000e+29
      1495.00  2.50400e+29
      1505.00  2.39800e+29
      1512.00  2.18900e+29
      1517.00  2.30800e+29
      1525.00  2.25100e+29
      1535.00  1.95200e+29
      1545.00  1.94000e+29
      1555.00  1.89300e+29
      1565.00  2.04000e+29
      1575.00  2.19700e+29
      1585.00  2.29400e+29
      1595.00  2.32400e+29
      1605.00  2.25600e+29
      1615.00  2.22700e+29
      1625.00  2.14000e+29
      1635.00  2.25500e+29
      1645.00  2.28400e+29
      1655.00  2.14300e+29
      1665.00  2.28904e+29
      1672.00  2.02200e+29
      1677.00  2.38000e+29
      1685.00  2.41800e+29
      1695.00  2.26200e+29
      1705.00  2.19200e+29
      1715.00  2.10000e+29
      1725.00  2.07100e+29
      1735.00  2.20100e+29
      1745.00  2.14800e+29
      1755.00  2.25600e+29
      1765.00  2.07300e+29
      1775.00  2.10200e+29
      1785.00  2.12700e+29
      1795.00  2.24700e+29
      1805.00  2.20500e+29
      1815.00  2.06000e+29
      1825.00  2.05900e+29
      1835.00  1.97900e+29
      1845.00  1.80700e+29
      1855.00  1.83800e+29
      1865.00  1.89100e+29
      1875.00  1.96400e+29
      1885.00  1.82600e+29
      1895.00  1.76600e+29
      1905.00  1.89320e+29
      1915.00  1.74802e+29
      1925.00  1.67200e+29
      1935.00  1.65000e+29
      1945.00  1.76500e+29
      1955.00  1.64100e+29
      1967.00  1.76500e+29
      1976.00  1.77200e+29
      1984.00  1.68200e+29
      1995.00  1.61800e+29
      2005.00  1.61800e+29
      2015.00  1.56100e+29
      2025.00  1.56600e+29
      2035.00  1.51300e+29
      2045.00  1.55500e+29
      2055.00  1.41900e+29
      2065.00  1.42100e+29
      2074.00  1.55300e+29
      2078.00  1.51400e+29
      2085.00  1.53800e+29
      2095.00  1.44200e+29
      2105.00  1.41100e+29
      2115.00  1.42300e+29
      2125.00  1.43000e+29
      2135.00  1.32215e+29
      2145.00  1.37933e+29
      2155.00  1.41400e+29
      2165.00  1.35600e+29
      2175.00  1.35100e+29
      2185.00  1.35200e+29
      2195.00  1.41500e+29
      2205.00  1.37300e+29
      2215.00  1.28800e+29
      2225.00  1.26400e+29
      2235.00  1.36400e+29
      2245.00  1.30800e+29
      2255.00  1.24600e+29
      2265.00  1.27300e+29
      2275.00  1.32400e+29
      2285.00  1.38000e+29
      2295.00  1.29200e+29
      2305.00  1.33700e+29
      2315.00  1.29100e+29
      2325.00  1.20806e+29
      2335.00  1.19210e+29
      2345.00  1.12700e+29
      2355.00  1.28500e+29
      2365.00  1.14400e+29
      2375.00  1.21400e+29
      2385.00  1.07900e+29
      2395.00  1.16800e+29
      2405.00  1.14100e+29
      2415.00  1.17900e+29
      2425.00  1.31000e+29
      2435.00  1.27500e+29
      2445.00  1.35900e+29
      2455.00  1.35400e+29
      2465.00  1.34800e+29
      2475.00  1.29000e+29
      2485.00  1.28700e+29
      2495.00  1.18000e+29
      2505.00  1.41500e+29
      2513.00  1.20100e+29
      2518.00  1.19100e+29
      2525.00  1.16400e+29
      2535.00  1.20300e+29
      2545.00  1.20200e+29
      2555.00  1.32500e+29
      2565.00  1.27300e+29
      2575.00  1.36400e+29
      2585.00  1.34600e+29
      2595.00  1.31600e+29
      2605.00  1.26400e+29
      2615.00  1.22500e+29
      2625.00  1.34100e+29
      2635.00  1.42600e+29
      2645.00  1.60400e+29
      2655.00  1.68200e+29
      2665.00  1.47200e+29
      2675.00  1.55900e+29
      2685.00  1.58000e+29
      2695.00  1.45900e+29
      2705.00  1.53100e+29
      2715.00  1.41300e+29
      2725.00  1.40900e+29
      2735.00  1.49700e+29
      2745.00  1.22800e+29
      2755.00  1.29900e+29
      2765.00  1.37900e+29
      2775.00  1.46400e+29
      2785.00  1.30200e+29
      2795.00  9.68996e+28
      2805.00  1.03102e+29
      2815.00  1.44300e+29
      2825.00  1.58800e+29
      2835.00  1.53300e+29
      2845.00  1.46900e+29
      2855.00  1.34700e+29
      2865.00  1.57000e+29
      2875.00  1.59500e+29
      2885.00  1.57900e+29
      2895.00  1.57500e+29
      2910.00  1.77200e+29
      2930.00  1.68500e+29
      2950.00  1.65000e+29
      2970.00  1.69400e+29
      2990.00  1.70700e+29
      3010.00  1.73300e+29
      3030.00  1.73600e+29
      3050.00  1.75400e+29
      3070.00  1.78200e+29
      3090.00  1.79800e+29
      3110.00  1.80800e+29
      3130.00  1.77500e+29
      3150.00  1.79300e+29
      3170.00  1.81600e+29
      3190.00  1.70200e+29
      3210.00  1.78200e+29
      3230.00  1.67400e+29
      3250.00  1.83300e+29
      3270.00  1.93000e+29
      3290.00  1.91800e+29
      3310.00  1.91600e+29
      3330.00  1.90600e+29
      3350.00  1.87600e+29
      3370.00  1.75800e+29
      3390.00  1.80500e+29
      3410.00  1.82000e+29
      3430.00  1.84700e+29
      3450.00  1.86700e+29
      3470.00  1.87000e+29
      3490.00  1.92300e+29
      3510.00  1.97300e+29
      3530.00  1.90200e+29
      3550.00  2.01400e+29
      3570.00  1.79200e+29
      3590.00  1.78300e+29
      3610.00  1.89500e+29
      3630.00  1.92600e+29
      3640.00  1.94300e+29
      3650.00  2.04200e+29
      3670.00  2.01400e+29
      3690.00  1.89311e+29
      3710.00  2.07359e+29
      3730.00  3.13788e+29
      3750.00  2.20347e+29
      3770.00  2.39967e+29
      3790.00  2.64151e+29
      3810.00  2.85409e+29
      3830.00  2.25564e+29
      3850.00  2.89602e+29
      3870.00  3.25149e+29
      3890.00  2.46997e+29
      3910.00  3.28400e+29
      3930.00  2.38100e+29
      3950.00  3.05900e+29
      3970.00  2.10415e+29
      3990.00  3.48000e+29
      4010.00  3.78500e+29
      4030.00  3.79000e+29
      4050.00  3.73500e+29
      4070.00  3.63151e+29
      4090.00  3.47687e+29
      4110.00  3.03671e+29
      4130.00  3.66600e+29
      4150.00  3.76200e+29
      4170.00  3.77200e+29
      4190.00  3.73800e+29
      4210.00  3.76800e+29
      4230.00  3.70000e+29
      4250.00  3.75200e+29
      4270.00  3.63300e+29
      4290.00  3.56800e+29
      4310.00  3.27100e+29
      4330.00  3.35322e+29
      4350.00  3.08929e+29
      4370.00  3.82575e+29
      4390.00  3.72200e+29
      4410.00  3.79400e+29
      4430.00  3.88700e+29
      4450.00  3.91100e+29
      4470.00  4.02503e+29
      4490.00  4.02100e+29
      4510.00  4.28100e+29
      4530.00  4.00100e+29
      4550.00  4.04400e+29
      4570.00  4.23200e+29
      4590.00  4.07300e+29
      4610.00  4.15600e+29
      4630.00  4.06800e+29
      4650.00  4.10900e+29
      4670.00  4.17700e+29
      4690.00  4.09600e+29
      4710.00  3.98300e+29
      4730.00  4.11900e+29
      4750.00  4.18200e+29
      4770.00  4.15900e+29
      4790.00  4.13700e+29
      4810.00  4.09300e+29
      4830.00  4.09000e+29
      4850.00  3.70590e+29
      4870.00  3.31459e+29
      4890.00  3.94200e+29
      4910.00  4.00400e+29
      4930.00  3.95400e+29
      4950.00  4.08200e+29
      4970.00  4.06800e+29
      4990.00  3.88201e+29
      5010.00  5.59636e+29
      5030.00  3.88806e+29
      5050.00  3.86100e+29
      5070.00  3.97200e+29
      5090.00  3.83900e+29
      5110.00  3.88500e+29
      5130.00  3.78900e+29
      5150.00  3.69400e+29
      5170.00  3.56500e+29
      5190.00  3.61494e+29
      5210.00  3.72040e+29
      5230.00  3.80200e+29
      5250.00  3.89000e+29
      5270.00  3.59900e+29
      5290.00  3.88500e+29
      5310.00  3.98400e+29
      5330.00  3.70700e+29
      5350.00  3.90900e+29
      5370.00  3.88400e+29
      5390.00  3.82600e+29
      5410.00  3.76400e+29
      5430.00  3.80500e+29
      5450.00  3.88800e+29
      5470.00  3.81600e+29
      5490.00  3.82400e+29
      5510.00  3.79800e+29
      5530.00  3.84400e+29
      5550.00  3.87300e+29
      5570.00  3.80400e+29
      5590.00  3.75100e+29
      5610.00  3.82700e+29
      5630.00  3.80900e+29
      5650.00  3.82300e+29
      5670.00  3.75000e+29
      5690.00  3.81700e+29
      5710.00  3.73100e+29
      5730.00  3.91400e+29
      5750.00  3.81750e+29
      5770.00  3.83917e+29
      5790.00  3.74500e+29
      5810.00  3.82500e+29
      5830.00  3.88000e+29
      5850.00  3.80200e+29
      5870.00  3.83774e+29
      5890.00  3.57983e+29
      5910.00  3.75400e+29
      5930.00  3.75900e+29
      5950.00  3.75400e+29
      5970.00  3.78300e+29
      5990.00  3.73300e+29
      6010.00  3.68600e+29
      6030.00  3.73200e+29
      6050.00  3.76900e+29
      6070.00  3.75200e+29
      6090.00  3.66100e+29
      6110.00  3.65900e+29
      6130.00  3.52700e+29
      6150.00  3.56800e+29
      6170.00  3.48100e+29
      6190.00  3.60600e+29
      6210.00  3.58600e+29
      6230.00  3.50500e+29
      6250.00  3.40900e+29
      6270.00  3.52700e+29
      6290.00  3.56684e+29
      6310.00  3.50373e+29
      6330.00  3.50520e+29
      6350.00  3.50300e+29
      6370.00  3.48900e+29
      6390.00  3.51800e+29
      6410.00  3.45600e+29
      6430.00  3.47700e+29
      6450.00  3.45600e+29
      6470.00  3.44800e+29
      6490.00  3.38500e+29
      6510.00  3.45100e+29
      6530.00  3.42801e+29
      6550.00  3.49357e+29
      6570.00  3.60050e+29
      6590.00  3.62663e+29
      6610.00  3.41011e+29
      6630.00  3.40200e+29
      6650.00  3.39600e+29
      6670.00  3.35639e+29
      6690.00  3.39656e+29
      6710.00  3.48398e+29
      6730.00  3.56560e+29
      6750.00  3.31913e+29
      6770.00  3.32800e+29
      6790.00  3.30200e+29
      6810.00  3.29800e+29
      6830.00  3.31400e+29
      6850.00  3.25000e+29
      6870.00  3.28000e+29
      6890.00  3.30500e+29
      6910.00  3.28600e+29
      6930.00  3.26500e+29
      6950.00  3.24800e+29
      6970.00  3.26400e+29
      6990.00  3.25000e+29
      7010.00  3.19700e+29
      7030.00  3.23400e+29
      7050.00  3.23800e+29
      7070.00  3.18000e+29
      7090.00  3.13700e+29
      7110.00  3.09022e+29
      7130.00  3.13306e+29
      7150.00  3.06095e+29
      7170.00  3.06500e+29
      7190.00  3.00200e+29
      7210.00  3.04900e+29
      7230.00  3.07800e+29
      7250.00  3.08300e+29
      7270.00  3.08500e+29
      7290.00  3.03600e+29
      7310.00  3.08445e+29
      7330.00  3.10439e+29
      7350.00  3.10145e+29
      7370.00  3.14600e+29
      7390.00  3.08900e+29
      7410.00  3.06600e+29
      7430.00  3.11800e+29
      7450.00  3.11900e+29
      7470.00  3.14200e+29
      7490.00  3.13100e+29
      7510.00  3.14900e+29
      7530.00  3.17700e+29
      7550.00  3.19200e+29
      7570.00  3.17500e+29
      7590.00  3.12900e+29
      7610.00  3.09100e+29
      7630.00  3.05300e+29
      7650.00  3.01300e+29
      7670.00  2.91800e+29
      7690.00  2.97100e+29
      7710.00  2.92400e+29
      7730.00  2.93000e+29
      7750.00  2.90600e+29
      7770.00  2.92600e+29
      7790.00  2.94200e+29
      7810.00  2.93700e+29
      7830.00  2.91400e+29
      7850.00  2.88900e+29
      7870.00  2.91000e+29
      7890.00  2.87500e+29
      7910.00  2.82100e+29
      7930.00  2.81900e+29
      7950.00  2.79800e+29
      7970.00  2.86500e+29
      7990.00  2.85500e+29
      8010.00  2.87700e+29
      8030.00  2.88300e+29
      8050.00  2.87400e+29
      8070.00  2.89600e+29
      8090.00  2.87100e+29
      8110.00  2.88900e+29
      8130.00  2.93800e+29
      8150.00  2.95800e+29
      8170.00  2.97300e+29
      8190.00  2.91300e+29
      8210.00  2.85900e+29
      8230.00  2.85800e+29
      8250.00  2.85900e+29
      8270.00  2.87700e+29
      8290.00  2.85300e+29
      8310.00  2.78900e+29
      8330.00  2.76800e+29
      8350.00  2.77300e+29
      8370.00  2.78000e+29
      8390.00  2.71500e+29
      8410.00  2.77100e+29
      8430.00  2.69400e+29
      8450.00  2.66100e+29
      8470.00  2.64700e+29
      8490.00  2.67600e+29
      8510.00  2.55000e+29
      8530.00  2.67400e+29
      8550.00  2.43400e+29
      8570.00  2.73200e+29
      8590.00  2.66400e+29
      8610.00  2.66800e+29
      8630.00  2.75500e+29
      8650.00  2.73500e+29
      8670.00  2.44700e+29
      8690.00  2.69500e+29
      8710.00  2.77200e+29
      8730.00  2.76825e+29
      8750.00  2.65090e+29
      8770.00  2.76633e+29
      8790.00  2.81400e+29
      8810.00  2.78000e+29
      8830.00  2.78501e+29
      8850.00  2.72878e+29
      8870.00  2.57763e+29
      8890.00  2.69605e+29
      8910.00  2.73100e+29
      8930.00  2.69700e+29
      8950.00  2.70200e+29
      8970.00  2.70200e+29
      8990.00  2.68815e+29
      9010.00  2.53874e+29
      9030.00  2.65573e+29
      9050.00  2.86894e+29
      9070.00  3.72929e+29
      9090.00  2.78608e+29
      9110.00  2.76004e+29
      9130.00  2.79100e+29
      9150.00  2.77700e+29
      9170.00  2.77100e+29
      9190.00  2.78100e+29
      9210.00  2.68009e+29
      9230.00  2.53398e+29
      9250.00  2.60568e+29
      9270.00  2.64500e+29
      9290.00  2.63600e+29
      9310.00  2.64500e+29
      9330.00  2.64800e+29
      9350.00  2.63800e+29
      9370.00  2.60500e+29
      9390.00  2.63400e+29
      9410.00  2.58200e+29
      9430.00  2.64100e+29
      9450.00  2.61300e+29
      9470.00  2.65300e+29
      9490.00  2.64900e+29
      9510.00  2.60301e+29
      9530.00  2.58712e+29
      9550.00  2.47663e+29
      9570.00  2.57254e+29
      9590.00  2.62100e+29
      9610.00  2.59600e+29
      9630.00  2.60000e+29
      9650.00  2.57400e+29
      9670.00  2.57100e+29
      9690.00  2.59400e+29
      9710.00  2.56300e+29
      9730.00  2.54000e+29
      9750.00  2.52900e+29
      9770.00  2.53700e+29
      9790.00  2.51400e+29
      9810.00  2.54900e+29
      9830.00  2.53200e+29
      9850.00  2.53600e+29
      9870.00  2.52000e+29
      9890.00  2.51500e+29
      9910.00  2.50700e+29
      9930.00  2.51700e+29
      9950.00  2.51900e+29
      9970.00  2.51700e+29
      9990.00  2.50700e+29
      10025.0  2.47798e+29
      10075.0  2.43373e+29
      10125.0  2.49000e+29
      10175.0  2.46800e+29
      10225.0  2.47400e+29
      10275.0  2.47600e+29
      10325.0  2.49395e+29
      10375.0  2.43000e+29
      10425.0  2.43300e+29
      10475.0  2.39200e+29
      10525.0  2.36600e+29
      10575.0  2.32300e+29
      10625.0  2.29700e+29
      10675.0  2.27421e+29
      10725.0  2.28704e+29
      10775.0  2.27000e+29
      10825.0  2.30675e+29
      10875.0  2.22601e+29
      10925.0  2.18904e+29
      10975.0  2.17910e+29
      11025.0  2.18400e+29
      11075.0  2.15600e+29
      11125.0  2.14600e+29
      11175.0  2.12900e+29
      11225.0  2.12700e+29
      11275.0  2.09900e+29
      11325.0  2.09200e+29
      11375.0  2.08000e+29
      11425.0  2.05900e+29
      11475.0  2.07500e+29
      11525.0  2.06500e+29
      11575.0  2.04200e+29
      11625.0  2.01300e+29
      11675.0  2.00600e+29
      11725.0  2.01100e+29
      11775.0  1.96800e+29
      11825.0  1.95100e+29
      11875.0  1.91900e+29
      11925.0  1.94200e+29
      11975.0  1.89000e+29
      12025.0  1.91500e+29
      12075.0  1.89800e+29
      12125.0  1.89700e+29
      12175.0  1.89800e+29
      12225.0  1.88400e+29
      12275.0  1.86900e+29
      12325.0  1.85700e+29
      12375.0  1.84900e+29
      12425.0  1.82700e+29
      12475.0  1.81800e+29
      12525.0  1.80200e+29
      12575.0  1.79200e+29
      12625.0  1.78100e+29
      12675.0  1.76800e+29
      12725.0  1.76400e+29
      12775.0  1.75764e+29
      12825.0  1.72071e+29
      12875.0  1.72700e+29
      12925.0  1.71500e+29
      12975.0  1.72400e+29
      13025.0  1.70500e+29
      13075.0  1.70200e+29
      13125.0  1.67200e+29
      13175.0  1.65900e+29
      13225.0  1.65400e+29
      13275.0  1.62500e+29
      13325.0  1.62200e+29
      13375.0  1.60300e+29
      13425.0  1.60000e+29
      13475.0  1.58300e+29
      13525.0  1.56900e+29
      13575.0  1.54200e+29
      13625.0  1.53500e+29
      13675.0  1.53700e+29
      13725.0  1.53700e+29
      13775.0  1.53400e+29
      13825.0  1.53100e+29
      13875.0  1.51700e+29
      13925.0  1.46000e+29
      13975.0  1.45000e+29
      14025.0  1.43400e+29
      14075.0  1.44100e+29
      14125.0  1.42500e+29
      14175.0  1.43400e+29
      14225.0  1.41600e+29
      14275.0  1.40000e+29
      14325.0  1.41800e+29
      14375.0  1.42200e+29
      14425.0  1.38800e+29
      14475.0  1.41300e+29
      14525.0  1.39600e+29
      14570.0  1.40400e+29
      14620.0  1.37900e+29
      14675.0  1.37300e+29
      14725.0  1.35900e+29
      14775.0  1.36500e+29
      14825.0  1.36800e+29
      14875.0  1.35700e+29
      14925.0  1.38100e+29
      14975.0  1.36900e+29
      15025.0  1.35800e+29
      15075.0  1.35500e+29
      15125.0  1.37400e+29
      15175.0  1.37700e+29
      15225.0  1.37500e+29
      15275.0  1.38100e+29
      15325.0  1.37600e+29
      15375.0  1.37300e+29
      15425.0  1.36200e+29
      15475.0  1.36600e+29
      15525.0  1.35700e+29
      15575.0  1.32100e+29
      15625.0  1.33600e+29
      15675.0  1.32700e+29
      15725.0  1.34500e+29
      15775.0  1.29000e+29
      15825.0  1.29000e+29
      15875.0  1.27200e+29
      15925.0  1.31700e+29
      15975.0  1.29900e+29
      16050.0  1.29800e+29
      16150.0  1.30500e+29
      16250.0  1.28300e+29
      16350.0  1.30600e+29
      16450.0  1.26098e+29
      16550.0  1.28700e+29
      16650.0  1.26100e+29
      16750.0  1.25100e+29
      16850.0  1.22400e+29
      16950.0  1.23600e+29
      17050.0  1.21200e+29
      17150.0  1.19400e+29
      17250.0  1.16600e+29
      17350.0  1.12000e+29
      17450.0  1.11200e+29
      17550.0  1.08900e+29
      17650.0  1.06200e+29
      17750.0  1.03000e+29
      17850.0  1.00700e+29
      17950.0  9.77900e+28
      18050.0  9.49600e+28
      18150.0  9.21300e+28
      18250.0  9.14900e+28
      18350.0  9.04300e+28
      18450.0  8.84400e+28
      18550.0  8.72100e+28
      18650.0  8.47900e+28
      18750.0  8.84809e+28
      18850.0  8.26800e+28
      18950.0  8.02200e+28
      19050.0  8.09400e+28
      19150.0  7.96300e+28
      19250.0  7.87100e+28
      19350.0  7.69200e+28
      19450.0  7.49183e+28
      19550.0  7.47700e+28
      19650.0  7.34300e+28
      19750.0  7.17800e+28
      19850.0  7.09300e+28
      19950.0  7.01200e+28
      20050.0  6.97300e+28
      20150.0  6.89600e+28
      20250.0  6.76000e+28
      20350.0  6.69600e+28
      20450.0  6.70300e+28
      20550.0  6.63368e+28
      20650.0  6.55009e+28
      20750.0  6.50600e+28
      20850.0  6.44400e+28
      20950.0  6.36200e+28
      21050.0  6.35200e+28
      21150.0  6.27002e+28
      21250.0  6.22298e+28
      21350.0  6.17800e+28
      21450.0  6.11400e+28
      21550.0  6.03900e+28
      21650.0  5.93514e+28
      21750.0  5.86500e+28
      21850.0  5.81300e+28
      21950.0  5.75800e+28
      22050.0  5.64100e+28
      22150.0  5.62000e+28
      22250.0  5.50800e+28
      22350.0  5.44500e+28
      22450.0  5.37800e+28
      22550.0  5.31300e+28
      22650.0  5.21800e+28
      22750.0  5.18200e+28
      22850.0  5.08100e+28
      22950.0  4.42900e+28
      23050.0  4.64000e+28
      23150.0  4.60500e+28
      23250.0  4.06700e+28
      23350.0  4.29100e+28
      23450.0  4.15700e+28
      23550.0  3.77200e+28
      23650.0  3.99600e+28
      23750.0  3.86600e+28
      23850.0  3.56100e+28
      23950.0  3.71200e+28
      24050.0  3.64100e+28
      24150.0  3.36500e+28
      24250.0  3.44200e+28
      24350.0  3.36400e+28
      24450.0  3.18300e+28
      24550.0  3.11900e+28
      24650.0  3.13200e+28
      24750.0  3.00800e+28
      24850.0  2.80500e+28
      24950.0  2.78800e+28
      25050.0  2.81900e+28
      25150.0  2.64200e+28
      25250.0  2.68700e+28
      25350.0  2.67800e+28
      25450.0  2.61900e+28
      25550.0  2.59200e+28
      25650.0  2.58700e+28
      25750.0  2.60600e+28
      25850.0  2.51400e+28
      25950.0  2.53200e+28
      26050.0  2.53200e+28
      26150.0  2.47604e+28
      26250.0  2.50419e+28
      26350.0  2.44907e+28
      26450.0  2.42900e+28
      26550.0  2.39400e+28
      26650.0  2.34600e+28
      26750.0  2.36200e+28
      26850.0  2.34400e+28
      26950.0  2.29300e+28
      27050.0  2.29400e+28
      27150.0  2.26900e+28
      27250.0  2.25700e+28
      27350.0  2.21000e+28
      27450.0  2.20400e+28
      27550.0  2.17600e+28
      27650.0  2.15200e+28
      27750.0  2.12300e+28
      27850.0  2.11600e+28
      27950.0  2.10500e+28
      28050.0  2.07900e+28
      28150.0  2.04900e+28
      28250.0  2.03700e+28
      28350.0  2.02300e+28
      28450.0  1.99900e+28
      28550.0  1.97900e+28
      28650.0  1.95800e+28
      28750.0  1.92600e+28
      28850.0  1.92100e+28
      28950.0  1.90500e+28
      29050.0  1.88700e+28
      29150.0  1.87100e+28
      29250.0  1.84100e+28
      29350.0  1.83700e+28
      29450.0  1.81200e+28
      29550.0  1.79700e+28
      29650.0  1.78500e+28
      29750.0  1.76600e+28
      29850.0  1.74700e+28
      29950.0  1.73100e+28
      30050.0  1.71400e+28
      30150.0  1.70600e+28
      30250.0  1.68700e+28
      30350.0  1.65800e+28
      30450.0  1.65900e+28
      30550.0  1.64800e+28
      30650.0  1.63600e+28
      30750.0  1.62700e+28
      30850.0  1.61000e+28
      30950.0  1.60200e+28
      31050.0  1.59400e+28
      31150.0  1.57200e+28
      31250.0  1.56700e+28
      31350.0  1.55500e+28
      31450.0  1.54300e+28
      31550.0  1.52900e+28
      31650.0  1.51600e+28
      31750.0  1.50700e+28
      31850.0  1.49600e+28
      31950.0  1.48700e+28
      32100.0  1.46900e+28
      32300.0  1.44700e+28
      32500.0  1.42700e+28
      32700.0  1.40300e+28
      32900.0  1.37200e+28
      33100.0  1.35800e+28
      33300.0  1.33700e+28
      33500.0  1.31800e+28
      33700.0  1.29500e+28
      33900.0  1.27300e+28
      34100.0  1.25000e+28
      34300.0  1.23200e+28
      34500.0  1.21100e+28
      34700.0  1.18900e+28
      34900.0  1.16900e+28
      35100.0  1.15000e+28
      35300.0  1.12800e+28
      35500.0  1.10900e+28
      35700.0  1.08900e+28
      35900.0  1.07000e+28
      36100.0  1.05300e+28
      36300.0  1.03400e+28
      36500.0  1.01400e+28
      36700.0  9.95600e+27
      36900.0  9.74700e+27
      37100.0  9.56900e+27
      37300.0  9.41200e+27
      37500.0  9.18600e+27
      37700.0  9.08700e+27
      37900.0  8.91100e+27
      38100.0  8.75900e+27
      38300.0  8.61400e+27
      38500.0  8.46700e+27
      38700.0  8.28600e+27
      38900.0  8.13900e+27
      39100.0  7.98800e+27
      39300.0  7.85600e+27
      39500.0  7.68300e+27
      39700.0  7.55200e+27
      39900.0  7.38100e+27
      40100.0  7.26500e+27
      40300.0  7.14300e+27
      40500.0  7.93064e+27
      40700.0  6.88002e+27
      40900.0  6.76200e+27
      41100.0  6.65000e+27
      41300.0  6.53700e+27
      41500.0  6.41300e+27
      41700.0  6.28700e+27
      41900.0  6.19200e+27
      42100.0  6.07400e+27
      42300.0  5.99600e+27
      42500.0  5.87900e+27
      42700.0  5.79000e+27
      42900.0  5.51700e+27
      43100.0  5.25500e+27
      43300.0  5.25000e+27
      43500.0  5.00500e+27
      43700.0  4.86900e+27
      43900.0  4.77900e+27
      44100.0  4.58300e+27
      44300.0  4.51300e+27
      44500.0  4.42900e+27
      44700.0  4.28400e+27
      44900.0  4.27100e+27
      45100.0  4.17500e+27
      45300.0  4.06300e+27
      45500.0  4.04400e+27
      45700.0  3.99100e+27
      45900.0  3.85800e+27
      46100.0  3.86700e+27
      46300.0  3.79200e+27
      46500.0  3.72700e+27
      46700.0  3.70800e+27
      46900.0  3.65500e+27
      47100.0  3.58500e+27
      47300.0  3.58400e+27
      47500.0  3.50400e+27
      47700.0  3.46700e+27
      47900.0  3.42400e+27
      48100.0  3.34500e+27
      48300.0  3.35500e+27
      48500.0  3.28400e+27
      48700.0  3.22400e+27
      48900.0  3.18500e+27
      49100.0  3.13700e+27
      49300.0  3.09800e+27
      49500.0  3.04300e+27
      49700.0  3.02400e+27
      49900.0  2.97200e+27
      50100.0  2.94100e+27
      50300.0  2.90200e+27
      50500.0  2.84400e+27
      50700.0  2.81800e+27
      50900.0  2.78100e+27
      51100.0  2.73200e+27
      51300.0  2.70100e+27
      51500.0  2.66500e+27
      51700.0  2.65100e+27
      51900.0  2.60500e+27
      52100.0  2.57400e+27
      52300.0  2.53200e+27
      52500.0  2.51000e+27
      52700.0  2.49700e+27
      52900.0  2.43900e+27
      53100.0  2.40600e+27
      53300.0  2.38600e+27
      53500.0  2.35500e+27
      53700.0  2.32800e+27
      53900.0  2.30100e+27
      54100.0  2.27300e+27
      54300.0  2.23300e+27
      54500.0  2.22100e+27
      54700.0  2.18400e+27
      54900.0  2.16200e+27
      55100.0  2.13200e+27
      55300.0  2.13300e+27
      55500.0  2.08000e+27
      55700.0  2.07300e+27
      55900.0  2.03900e+27
      56100.0  2.02300e+27
      56300.0  1.98600e+27
      56500.0  1.97500e+27
      56700.0  1.95000e+27
      56900.0  1.91600e+27
      57100.0  1.90700e+27
      57300.0  1.88400e+27
      57500.0  1.86100e+27
      57700.0  1.83600e+27
      57900.0  1.82300e+27
      58100.0  1.79500e+27
      58300.0  1.77600e+27
      58500.0  1.75600e+27
      58700.0  1.72900e+27
      58900.0  1.71000e+27
      59100.0  1.68700e+27
      59300.0  1.67400e+27
      59500.0  1.65100e+27
      59700.0  1.63700e+27
      59900.0  1.61800e+27
      60100.0  1.59900e+27
      60300.0  1.58100e+27
      60500.0  1.55800e+27
      60700.0  1.54100e+27
      60900.0  1.52300e+27
      61100.0  1.50300e+27
      61300.0  1.48900e+27
      61500.0  1.47300e+27
      61700.0  1.45900e+27
      61900.0  1.44100e+27
      62100.0  1.42600e+27
      62300.0  1.40700e+27
      62500.0  1.38900e+27
      62700.0  1.37300e+27
      62900.0  1.35900e+27
      63100.0  1.34300e+27
      63300.0  1.33100e+27
      63500.0  1.31400e+27
      63700.0  1.30200e+27
      63900.0  1.28400e+27
      64200.0  1.26400e+27
      64600.0  1.23500e+27
      65000.0  1.20800e+27
      65400.0  1.18100e+27
      65800.0  1.15600e+27
      66200.0  1.13000e+27
      66600.0  1.10500e+27
      67000.0  1.08200e+27
      67400.0  1.05800e+27
      67800.0  1.03500e+27
      68200.0  1.01200e+27
      68600.0  9.91300e+26
      69000.0  9.69700e+26
      69400.0  9.49100e+26
      69800.0  9.29200e+26
      70200.0  9.09200e+26
      70600.0  8.90600e+26
      71000.0  8.71700e+26
      71400.0  8.53600e+26
      71800.0  8.35600e+26
      72200.0  8.18300e+26
      72600.0  8.01200e+26
      73000.0  7.84800e+26
      73400.0  7.68500e+26
      73800.0  7.53000e+26
      74200.0  7.37000e+26
      74600.0  7.20800e+26
      75000.0  7.06400e+26
      75400.0  6.92700e+26
      75800.0  6.78900e+26
      76200.0  6.64900e+26
      76600.0  6.51300e+26
      77000.0  6.37900e+26
      77400.0  6.25000e+26
      77800.0  6.12400e+26
      78200.0  6.00000e+26
      78600.0  5.88100e+26
      79000.0  5.76300e+26
      79400.0  5.64900e+26
      79800.0  5.53400e+26
      80200.0  5.41900e+26
      80600.0  5.30800e+26
      81000.0  5.20200e+26
      81400.0  5.09600e+26
      81800.0  4.99500e+26
      82200.0  4.89600e+26
      82600.0  4.79800e+26
      83000.0  4.70200e+26
      83400.0  4.60900e+26
      83800.0  4.51800e+26
      84200.0  4.43100e+26
      84600.0  4.34300e+26
      85000.0  4.25900e+26
      85400.0  4.17600e+26
      85800.0  4.09500e+26
      86200.0  4.01700e+26
      86600.0  3.94000e+26
      87000.0  3.86500e+26
      87400.0  3.79200e+26
      87800.0  3.72000e+26
      88200.0  3.64900e+26
      88600.0  3.58100e+26
      89000.0  3.51400e+26
      89400.0  3.45000e+26
      89800.0  3.38500e+26
      90200.0  3.32400e+26
      90600.0  3.26300e+26
      91000.0  3.20100e+26
      91400.0  3.14400e+26
      91800.0  3.08700e+26
      92200.0  3.03200e+26
      92600.0  2.97800e+26
      93000.0  2.92500e+26
      93400.0  2.87300e+26
      93800.0  2.82200e+26
      94200.0  2.77200e+26
      94600.0  2.72600e+26
      95000.0  2.68400e+26
      95400.0  2.64300e+26
      95800.0  2.60300e+26
      96200.0  2.56300e+26
      96600.0  2.52500e+26
      97000.0  2.48600e+26
      97400.0  2.44700e+26
      97800.0  2.41200e+26
      98200.0  2.37600e+26
      98600.0  2.34100e+26
      99000.0  2.30600e+26
      99400.0  2.27200e+26
      99800.0  2.23900e+26
      100200.  2.20600e+26
      200000.  1.61700e+25
      400000.  1.23400e+24
      600000.  3.09600e+23
      800000.  1.28100e+23
  1.00000e+06  6.87900e+22
  1.20000e+06  4.34200e+22
  1.40000e+06  3.00900e+22
  1.60000e+06  2.22000e+22
