      91.0000      0.00000
      94.0000      0.00000
      96.0000      0.00000
      98.0000      0.00000
      100.000      0.00000
      102.000      0.00000
      104.000      0.00000
      106.000      0.00000
      108.000      0.00000
      110.000      0.00000
      114.000      0.00000
      118.000      0.00000
      121.000      0.00000
      125.000      0.00000
      127.000      0.00000
      128.000      0.00000
      131.000      0.00000
      132.000      0.00000
      134.000      0.00000
      137.000      0.00000
      140.000      0.00000
      143.000      0.00000
      147.000      0.00000
      151.000      0.00000
      155.000      0.00000
      159.000      0.00000
      162.000      0.00000
      166.000      0.00000
      170.000      0.00000
      173.000      0.00000
      177.000      0.00000
      180.000      0.00000
      182.000      0.00000
      186.000      0.00000
      191.000      0.00000
      194.000      0.00000
      198.000      0.00000
      202.000      0.00000
      205.000      0.00000
      210.000      0.00000
      216.000      0.00000
      220.000      0.00000
      223.000      0.00000
      227.000      0.00000
      230.000      0.00000
      234.000      0.00000
      240.000      0.00000
      246.000      0.00000
      252.000      0.00000
      257.000      0.00000
      260.000      0.00000
      264.000      0.00000
      269.000      0.00000
      274.000      0.00000
      279.000      0.00000
      284.000      0.00000
      290.000      0.00000
      296.000      0.00000
      301.000      0.00000
      308.000      0.00000
      318.000      0.00000
      328.000      0.00000
      338.000      0.00000
      348.000      0.00000
      357.000      0.00000
      366.000      0.00000
      375.000      0.00000
      385.000      0.00000
      395.000      0.00000
      405.000      0.00000
      414.000      0.00000
      422.000      0.00000
      430.000      0.00000
      441.000      0.00000
      451.000      0.00000
      460.000      0.00000
      470.000      0.00000
      480.000      0.00000
      490.000      0.00000
      500.000      0.00000
      506.000      0.00000
      512.000      0.00000
      520.000      0.00000
      530.000      0.00000
      540.000      0.00000
      550.000      0.00000
      560.000      0.00000
      570.000      0.00000
      580.000      0.00000
      590.000      0.00000
      600.000      0.00000
      610.000      0.00000
      620.000      0.00000
      630.000      0.00000
      640.000      0.00000
      650.000      0.00000
      658.000      0.00000
      665.000      0.00000
      675.000      0.00000
      685.000      0.00000
      695.000      0.00000
      705.000      0.00000
      716.000      0.00000
      726.000      0.00000
      735.000      0.00000
      745.000      0.00000
      755.000      0.00000
      765.000      0.00000
      775.000      0.00000
      785.000      0.00000
      795.000      0.00000
      805.000      0.00000
      815.000      0.00000
      825.000      0.00000
      835.000      0.00000
      845.000      0.00000
      855.000      0.00000
      865.000      0.00000
      875.000      0.00000
      885.000      0.00000
      895.000      0.00000
      905.000      0.00000
      915.000  4.42800e+28
      925.000  1.00200e+29
      935.000  1.51600e+29
      945.000  2.10900e+29
      955.000  2.44800e+29
      965.000  2.78400e+29
      975.000  1.27100e+29
      985.000  2.62900e+29
      995.000  2.48600e+29
      1005.00  2.84700e+29
      1015.00  2.72900e+29
      1025.00  1.71200e+29
      1035.00  2.43500e+29
      1045.00  3.23900e+29
      1055.00  3.21400e+29
      1065.00  2.88300e+29
      1075.00  3.10500e+29
      1085.00  2.79800e+29
      1095.00  3.14300e+29
      1105.00  3.05400e+29
      1115.00  3.02800e+29
      1125.00  2.80900e+29
      1135.00  3.09200e+29
      1145.00  2.92000e+29
      1155.00  2.93700e+29
      1165.00  2.94500e+29
      1175.00  2.32200e+29
      1185.00  2.76500e+29
      1195.00  2.36300e+29
      1205.00  2.05200e+29
      1215.00  1.39900e+29
      1225.00  2.13800e+29
      1235.00  2.61700e+29
      1245.00  2.77800e+29
      1255.00  2.77400e+29
      1265.00  2.61500e+29
      1275.00  2.90300e+29
      1285.00  2.95600e+29
      1295.00  2.69700e+29
      1305.00  2.65200e+29
      1315.00  2.89500e+29
      1325.00  2.81200e+29
      1335.00  2.85560e+29
      1345.00  2.81700e+29
      1355.00  2.73700e+29
      1365.00  2.58200e+29
      1375.00  2.59100e+29
      1385.00  2.58400e+29
      1395.00  2.26500e+29
      1405.00  2.22700e+29
      1415.00  2.43100e+29
      1425.00  2.39700e+29
      1435.00  2.42200e+29
      1442.00  2.47900e+29
      1447.00  2.49000e+29
      1455.00  2.45200e+29
      1465.00  2.37400e+29
      1475.00  2.36300e+29
      1485.00  2.37900e+29
      1495.00  2.38100e+29
      1505.00  2.34400e+29
      1512.00  2.23700e+29
      1517.00  2.30400e+29
      1525.00  2.27200e+29
      1535.00  2.10500e+29
      1545.00  2.10500e+29
      1555.00  2.06300e+29
      1565.00  2.14600e+29
      1575.00  2.25100e+29
      1585.00  2.30400e+29
      1595.00  2.33700e+29
      1605.00  2.25600e+29
      1615.00  2.23900e+29
      1625.00  2.18900e+29
      1635.00  2.24800e+29
      1645.00  2.24400e+29
      1655.00  2.17100e+29
      1665.00  2.27840e+29
      1672.00  2.12000e+29
      1677.00  2.28200e+29
      1685.00  2.30500e+29
      1695.00  2.22500e+29
      1705.00  2.17300e+29
      1715.00  2.11900e+29
      1725.00  2.09600e+29
      1735.00  2.17100e+29
      1745.00  2.13200e+29
      1755.00  2.18600e+29
      1765.00  2.07800e+29
      1775.00  2.11300e+29
      1785.00  2.12200e+29
      1795.00  2.16600e+29
      1805.00  2.15200e+29
      1815.00  2.07500e+29
      1825.00  2.07500e+29
      1835.00  2.03800e+29
      1845.00  1.93300e+29
      1855.00  1.93800e+29
      1865.00  1.95800e+29
      1875.00  2.01000e+29
      1885.00  1.91700e+29
      1895.00  1.86100e+29
      1905.00  2.08813e+29
      1915.00  1.86205e+29
      1925.00  1.81900e+29
      1935.00  1.84200e+29
      1945.00  1.88500e+29
      1955.00  1.79200e+29
      1967.00  1.86000e+29
      1976.00  1.87700e+29
      1984.00  1.80900e+29
      1995.00  1.76100e+29
      2005.00  1.77100e+29
      2015.00  1.73800e+29
      2025.00  1.75500e+29
      2035.00  1.70000e+29
      2045.00  1.71000e+29
      2055.00  1.57900e+29
      2065.00  1.61200e+29
      2074.00  1.69900e+29
      2078.00  1.65500e+29
      2085.00  1.66800e+29
      2095.00  1.60500e+29
      2105.00  1.60700e+29
      2115.00  1.60500e+29
      2125.00  1.61200e+29
      2135.00  1.54940e+29
      2145.00  1.56552e+29
      2155.00  1.58200e+29
      2165.00  1.54100e+29
      2175.00  1.53300e+29
      2185.00  1.51900e+29
      2195.00  1.55600e+29
      2205.00  1.52300e+29
      2215.00  1.47700e+29
      2225.00  1.45400e+29
      2235.00  1.50100e+29
      2245.00  1.45800e+29
      2255.00  1.42700e+29
      2265.00  1.43500e+29
      2275.00  1.45500e+29
      2285.00  1.46700e+29
      2295.00  1.41200e+29
      2305.00  1.41600e+29
      2315.00  1.39301e+29
      2325.00  1.64768e+29
      2335.00  1.34925e+29
      2345.00  1.31100e+29
      2355.00  1.36200e+29
      2365.00  1.30400e+29
      2375.00  1.32200e+29
      2385.00  1.25500e+29
      2395.00  1.29700e+29
      2405.00  1.26800e+29
      2415.00  1.27200e+29
      2425.00  1.30400e+29
      2435.00  1.26800e+29
      2445.00  1.29900e+29
      2455.00  1.28100e+29
      2465.00  1.27000e+29
      2475.00  1.24200e+29
      2485.00  1.25600e+29
      2495.00  1.18400e+29
      2505.00  1.27200e+29
      2513.00  1.19600e+29
      2518.00  1.21400e+29
      2525.00  1.18200e+29
      2535.00  1.17900e+29
      2545.00  1.16800e+29
      2555.00  1.20300e+29
      2565.00  1.18700e+29
      2575.00  1.21400e+29
      2585.00  1.20600e+29
      2595.00  1.19300e+29
      2605.00  1.16300e+29
      2615.00  1.14900e+29
      2625.00  1.16900e+29
      2635.00  1.17700e+29
      2645.00  1.22700e+29
      2655.00  1.22900e+29
      2665.00  1.17400e+29
      2675.00  1.19100e+29
      2685.00  1.19100e+29
      2695.00  1.15100e+29
      2705.00  1.16100e+29
      2715.00  1.12400e+29
      2725.00  1.11600e+29
      2735.00  1.13800e+29
      2745.00  1.06200e+29
      2755.00  1.06900e+29
      2765.00  1.08700e+29
      2775.00  1.10800e+29
      2785.00  1.07600e+29
      2795.00  9.98943e+28
      2805.00  9.84888e+28
      2815.00  1.08900e+29
      2825.00  1.09900e+29
      2835.00  1.07400e+29
      2845.00  1.05300e+29
      2855.00  1.02900e+29
      2865.00  1.06900e+29
      2875.00  1.06400e+29
      2885.00  1.06200e+29
      2895.00  1.05400e+29
      2910.00  1.08900e+29
      2930.00  1.05900e+29
      2950.00  1.04200e+29
      2970.00  1.04000e+29
      2990.00  1.03300e+29
      3010.00  1.03100e+29
      3030.00  1.02300e+29
      3050.00  1.01600e+29
      3070.00  1.00700e+29
      3090.00  1.00000e+29
      3110.00  9.91600e+28
      3130.00  9.76300e+28
      3150.00  9.70300e+28
      3170.00  9.66000e+28
      3190.00  9.35200e+28
      3210.00  9.44100e+28
      3230.00  9.20900e+28
      3250.00  9.39000e+28
      3270.00  9.47400e+28
      3290.00  9.38900e+28
      3310.00  9.30700e+28
      3330.00  9.20300e+28
      3350.00  9.05900e+28
      3370.00  8.80000e+28
      3390.00  8.82000e+28
      3410.00  8.81500e+28
      3430.00  8.75600e+28
      3450.00  8.72100e+28
      3470.00  8.67500e+28
      3490.00  8.68900e+28
      3510.00  8.72600e+28
      3530.00  8.56700e+28
      3550.00  8.68100e+28
      3570.00  8.29600e+28
      3590.00  8.20200e+28
      3610.00  8.31900e+28
      3630.00  8.29800e+28
      3640.00  8.30000e+28
      3650.00  8.01000e+28
      3670.00  7.85600e+28
      3690.00  7.62080e+28
      3710.00  8.26437e+28
      3730.00  3.30662e+29
      3750.00  9.46677e+28
      3770.00  9.93912e+28
      3790.00  1.07000e+29
      3810.00  1.15917e+29
      3830.00  9.85415e+28
      3850.00  1.20104e+29
      3870.00  1.60060e+29
      3890.00  1.02830e+29
      3910.00  1.30200e+29
      3930.00  1.17800e+29
      3950.00  1.26100e+29
      3970.00  9.99646e+28
      3990.00  1.28100e+29
      4010.00  1.37200e+29
      4030.00  1.36100e+29
      4050.00  1.35200e+29
      4070.00  1.34805e+29
      4090.00  1.16457e+29
      4110.00  1.00376e+29
      4130.00  1.26600e+29
      4150.00  1.29700e+29
      4170.00  1.29500e+29
      4190.00  1.27800e+29
      4210.00  1.27100e+29
      4230.00  1.25000e+29
      4250.00  1.24300e+29
      4270.00  1.21300e+29
      4290.00  1.18900e+29
      4310.00  1.11400e+29
      4330.00  1.04406e+29
      4350.00  9.43402e+28
      4370.00  1.16836e+29
      4390.00  1.15900e+29
      4410.00  1.17100e+29
      4430.00  1.18200e+29
      4450.00  1.17700e+29
      4470.00  1.22045e+29
      4490.00  1.17001e+29
      4510.00  1.19500e+29
      4530.00  1.15300e+29
      4550.00  1.14700e+29
      4570.00  1.16600e+29
      4590.00  1.13800e+29
      4610.00  1.14400e+29
      4630.00  1.12600e+29
      4650.00  1.12300e+29
      4670.00  1.12300e+29
      4690.00  1.10700e+29
      4710.00  1.08000e+29
      4730.00  1.09500e+29
      4750.00  1.09600e+29
      4770.00  1.08500e+29
      4790.00  1.07300e+29
      4810.00  1.05700e+29
      4830.00  1.03600e+29
      4850.00  9.79965e+28
      4870.00  9.59702e+28
      4890.00  9.93800e+28
      4910.00  1.01400e+29
      4930.00  1.00100e+29
      4950.00  1.01500e+29
      4970.00  1.01100e+29
      4990.00  9.94637e+28
      5010.00  4.35788e+29
      5030.00  9.73008e+28
      5050.00  9.61500e+28
      5070.00  9.72000e+28
      5090.00  9.52100e+28
      5110.00  9.51600e+28
      5130.00  9.35200e+28
      5150.00  9.17600e+28
      5170.00  8.97300e+28
      5190.00  9.03119e+28
      5210.00  9.06640e+28
      5230.00  9.06400e+28
      5250.00  9.12600e+28
      5270.00  8.74700e+28
      5290.00  9.02700e+28
      5310.00  9.07100e+28
      5330.00  8.73300e+28
      5350.00  8.90700e+28
      5370.00  8.82200e+28
      5390.00  8.72400e+28
      5410.00  8.59900e+28
      5430.00  8.59300e+28
      5450.00  8.64000e+28
      5470.00  8.52500e+28
      5490.00  8.48700e+28
      5510.00  8.42500e+28
      5530.00  8.43500e+28
      5550.00  8.42300e+28
      5570.00  8.28900e+28
      5590.00  8.19800e+28
      5610.00  8.22700e+28
      5630.00  8.18600e+28
      5650.00  8.15900e+28
      5670.00  8.03400e+28
      5690.00  8.07100e+28
      5710.00  7.92500e+28
      5730.00  8.08501e+28
      5750.00  8.01702e+28
      5770.00  7.94399e+28
      5790.00  7.81500e+28
      5810.00  7.85400e+28
      5830.00  7.86900e+28
      5850.00  7.75306e+28
      5870.00  8.36077e+28
      5890.00  7.49823e+28
      5910.00  7.59700e+28
      5930.00  7.57000e+28
      5950.00  7.53100e+28
      5970.00  7.52900e+28
      5990.00  7.45000e+28
      6010.00  7.37300e+28
      6030.00  7.38100e+28
      6050.00  7.39800e+28
      6070.00  7.34400e+28
      6090.00  7.23400e+28
      6110.00  7.19800e+28
      6130.00  7.02500e+28
      6150.00  7.02900e+28
      6170.00  6.91300e+28
      6190.00  7.00600e+28
      6210.00  6.96100e+28
      6230.00  6.84700e+28
      6250.00  6.71100e+28
      6270.00  6.82301e+28
      6290.00  7.08233e+28
      6310.00  7.16460e+28
      6330.00  6.72635e+28
      6350.00  6.69700e+28
      6370.00  6.66300e+28
      6390.00  6.65700e+28
      6410.00  6.56200e+28
      6430.00  6.55800e+28
      6450.00  6.51500e+28
      6470.00  6.48100e+28
      6490.00  6.38100e+28
      6510.00  6.41900e+28
      6530.00  6.34515e+28
      6550.00  9.91462e+28
      6570.00  1.64579e+29
      6590.00  1.08211e+29
      6610.00  6.24585e+28
      6630.00  6.23600e+28
      6650.00  6.20504e+28
      6670.00  6.27296e+28
      6690.00  6.22105e+28
      6710.00  8.94193e+28
      6730.00  9.47492e+28
      6750.00  6.06218e+28
      6770.00  6.01600e+28
      6790.00  5.97600e+28
      6810.00  5.94800e+28
      6830.00  5.94500e+28
      6850.00  5.86400e+28
      6870.00  5.87200e+28
      6890.00  5.88100e+28
      6910.00  5.84500e+28
      6930.00  5.81100e+28
      6950.00  5.77200e+28
      6970.00  5.77600e+28
      6990.00  5.74700e+28
      7010.00  5.68200e+28
      7030.00  5.69300e+28
      7050.00  5.66400e+28
      7070.00  5.57400e+28
      7090.00  5.52100e+28
      7110.00  5.46252e+28
      7130.00  6.67464e+28
      7150.00  5.56100e+28
      7170.00  5.38401e+28
      7190.00  5.29800e+28
      7210.00  5.32600e+28
      7230.00  5.34200e+28
      7250.00  5.33500e+28
      7270.00  5.32100e+28
      7290.00  5.26000e+28
      7310.00  5.30518e+28
      7330.00  5.58097e+28
      7350.00  5.30218e+28
      7370.00  5.33100e+28
      7390.00  5.25800e+28
      7410.00  5.21300e+28
      7430.00  5.26300e+28
      7450.00  5.24900e+28
      7470.00  5.26100e+28
      7490.00  5.23500e+28
      7510.00  5.23400e+28
      7530.00  5.24500e+28
      7550.00  5.24600e+28
      7570.00  5.21300e+28
      7590.00  5.14600e+28
      7610.00  5.08300e+28
      7630.00  5.02000e+28
      7650.00  4.95600e+28
      7670.00  4.84200e+28
      7690.00  4.88400e+28
      7710.00  4.81600e+28
      7730.00  4.81700e+28
      7750.00  4.77900e+28
      7770.00  4.77600e+28
      7790.00  4.78500e+28
      7810.00  4.77800e+28
      7830.00  4.74500e+28
      7850.00  4.70900e+28
      7870.00  4.71600e+28
      7890.00  4.67900e+28
      7910.00  4.61400e+28
      7930.00  4.60200e+28
      7950.00  4.57700e+28
      7970.00  4.63100e+28
      7990.00  4.60500e+28
      8010.00  4.65000e+28
      8030.00  4.65000e+28
      8050.00  4.62600e+28
      8070.00  4.64700e+28
      8090.00  4.62100e+28
      8110.00  4.62700e+28
      8130.00  4.65600e+28
      8150.00  4.66300e+28
      8170.00  4.65800e+28
      8190.00  4.59100e+28
      8210.00  4.49900e+28
      8230.00  4.47700e+28
      8250.00  4.46700e+28
      8270.00  4.46600e+28
      8290.00  4.43200e+28
      8310.00  4.37200e+28
      8330.00  4.32500e+28
      8350.00  4.32600e+28
      8370.00  4.30800e+28
      8390.00  4.23400e+28
      8410.00  4.27300e+28
      8430.00  4.20600e+28
      8450.00  4.16300e+28
      8470.00  4.10400e+28
      8490.00  4.16000e+28
      8510.00  3.96400e+28
      8530.00  4.15000e+28
      8550.00  3.71300e+28
      8570.00  4.23000e+28
      8590.00  4.09400e+28
      8610.00  4.07300e+28
      8630.00  4.25200e+28
      8650.00  4.17100e+28
      8670.00  3.68600e+28
      8690.00  4.16400e+28
      8710.00  4.26200e+28
      8730.00  4.21384e+28
      8750.00  3.98867e+28
      8770.00  4.16199e+28
      8790.00  4.26000e+28
      8810.00  4.23100e+28
      8830.00  4.20208e+28
      8850.00  4.07713e+28
      8870.00  3.85233e+28
      8890.00  4.05669e+28
      8910.00  4.11100e+28
      8930.00  4.09300e+28
      8950.00  4.08600e+28
      8970.00  4.07000e+28
      8990.00  4.01623e+28
      9010.00  3.80419e+28
      9030.00  3.91030e+28
      9050.00  5.71077e+28
      9070.00  1.88082e+29
      9090.00  5.04128e+28
      9110.00  4.06355e+28
      9130.00  4.07100e+28
      9150.00  4.05300e+28
      9170.00  4.03100e+28
      9190.00  4.01002e+28
      9210.00  3.89544e+28
      9230.00  3.73785e+28
      9250.00  3.80427e+28
      9270.00  3.87401e+28
      9290.00  3.88200e+28
      9310.00  3.88300e+28
      9330.00  3.88100e+28
      9350.00  3.86200e+28
      9370.00  3.82500e+28
      9390.00  3.84200e+28
      9410.00  3.78800e+28
      9430.00  3.82800e+28
      9450.00  3.79800e+28
      9470.00  3.81000e+28
      9490.00  3.78900e+28
      9510.00  3.73316e+28
      9530.00  3.70281e+28
      9550.00  3.60863e+28
      9570.00  3.65209e+28
      9590.00  3.71200e+28
      9610.00  3.69700e+28
      9630.00  3.69300e+28
      9650.00  3.66900e+28
      9670.00  3.65600e+28
      9690.00  3.66700e+28
      9710.00  3.63800e+28
      9730.00  3.61400e+28
      9750.00  3.59700e+28
      9770.00  3.59300e+28
      9790.00  3.56600e+28
      9810.00  3.58200e+28
      9830.00  3.56400e+28
      9850.00  3.55500e+28
      9870.00  3.53400e+28
      9890.00  3.51900e+28
      9910.00  3.50900e+28
      9930.00  3.50400e+28
      9950.00  3.49600e+28
      9970.00  3.48300e+28
      9990.00  3.46300e+28
      10025.0  3.38253e+28
      10075.0  3.30780e+28
      10125.0  3.38000e+28
      10175.0  3.34700e+28
      10225.0  3.33100e+28
      10275.0  3.31300e+28
      10325.0  3.97088e+28
      10375.0  3.23506e+28
      10425.0  3.22000e+28
      10475.0  3.17500e+28
      10525.0  3.15300e+28
      10575.0  3.11100e+28
      10625.0  3.07800e+28
      10675.0  3.06142e+28
      10725.0  3.02363e+28
      10775.0  2.98800e+28
      10825.0  3.89142e+28
      10875.0  2.91519e+28
      10925.0  3.00440e+28
      10975.0  2.82942e+28
      11025.0  2.84700e+28
      11075.0  2.82400e+28
      11125.0  2.79900e+28
      11175.0  2.76900e+28
      11225.0  2.75600e+28
      11275.0  2.71500e+28
      11325.0  2.69700e+28
      11375.0  2.67500e+28
      11425.0  2.64300e+28
      11475.0  2.64400e+28
      11525.0  2.62400e+28
      11575.0  2.59300e+28
      11625.0  2.55400e+28
      11675.0  2.53900e+28
      11725.0  2.53700e+28
      11775.0  2.49100e+28
      11825.0  2.47200e+28
      11875.0  2.43700e+28
      11925.0  2.44900e+28
      11975.0  2.39100e+28
      12025.0  2.40100e+28
      12075.0  2.37400e+28
      12125.0  2.36300e+28
      12175.0  2.35300e+28
      12225.0  2.33300e+28
      12275.0  2.31000e+28
      12325.0  2.29300e+28
      12375.0  2.27600e+28
      12425.0  2.25600e+28
      12475.0  2.24000e+28
      12525.0  2.21900e+28
      12575.0  2.20200e+28
      12625.0  2.18400e+28
      12675.0  2.16600e+28
      12725.0  2.15300e+28
      12775.0  2.17937e+28
      12825.0  2.64082e+28
      12875.0  2.09303e+28
      12925.0  2.08100e+28
      12975.0  2.08000e+28
      13025.0  2.05900e+28
      13075.0  2.04900e+28
      13125.0  2.01900e+28
      13175.0  2.00200e+28
      13225.0  1.99300e+28
      13275.0  1.96300e+28
      13325.0  1.95600e+28
      13375.0  1.93600e+28
      13425.0  1.92800e+28
      13475.0  1.91000e+28
      13525.0  1.89400e+28
      13575.0  1.86700e+28
      13625.0  1.85500e+28
      13675.0  1.85300e+28
      13725.0  1.84800e+28
      13775.0  1.84100e+28
      13825.0  1.83400e+28
      13875.0  1.81600e+28
      13925.0  1.76200e+28
      13975.0  1.75000e+28
      14025.0  1.73100e+28
      14075.0  1.73300e+28
      14125.0  1.71700e+28
      14175.0  1.71800e+28
      14225.0  1.69800e+28
      14275.0  1.68300e+28
      14325.0  1.69300e+28
      14375.0  1.69200e+28
      14425.0  1.66000e+28
      14475.0  1.67700e+28
      14525.0  1.65700e+28
      14570.0  1.66000e+28
      14620.0  1.62900e+28
      14675.0  1.62000e+28
      14725.0  1.60400e+28
      14775.0  1.60600e+28
      14825.0  1.60400e+28
      14875.0  1.59100e+28
      14925.0  1.60600e+28
      14975.0  1.59300e+28
      15025.0  1.58000e+28
      15075.0  1.57100e+28
      15125.0  1.58500e+28
      15175.0  1.58300e+28
      15225.0  1.57800e+28
      15275.0  1.57600e+28
      15325.0  1.56900e+28
      15375.0  1.56600e+28
      15425.0  1.54900e+28
      15475.0  1.55500e+28
      15525.0  1.54500e+28
      15575.0  1.50500e+28
      15625.0  1.52500e+28
      15675.0  1.51200e+28
      15725.0  1.51400e+28
      15775.0  1.47800e+28
      15825.0  1.47500e+28
      15875.0  1.44500e+28
      15925.0  1.49300e+28
      15975.0  1.47400e+28
      16050.0  1.46100e+28
      16150.0  1.45300e+28
      16250.0  1.43700e+28
      16350.0  1.44700e+28
      16450.0  1.47659e+28
      16550.0  1.41800e+28
      16650.0  1.38000e+28
      16750.0  1.36400e+28
      16850.0  1.32100e+28
      16950.0  1.33500e+28
      17050.0  1.30500e+28
      17150.0  1.28400e+28
      17250.0  1.25700e+28
      17350.0  1.20100e+28
      17450.0  1.20000e+28
      17550.0  1.17800e+28
      17650.0  1.15300e+28
      17750.0  1.12500e+28
      17850.0  1.10300e+28
      17950.0  1.07700e+28
      18050.0  1.05000e+28
      18150.0  1.01500e+28
      18250.0  1.01200e+28
      18350.0  1.00100e+28
      18450.0  9.82100e+27
      18550.0  9.68900e+27
      18650.0  9.47100e+27
      18750.0  1.76128e+28
      18850.0  9.18401e+27
      18950.0  8.94000e+27
      19050.0  8.92300e+27
      19150.0  8.75700e+27
      19250.0  8.62100e+27
      19350.0  8.41900e+27
      19450.0  8.62318e+27
      19550.0  8.15300e+27
      19650.0  8.01900e+27
      19750.0  7.85100e+27
      19850.0  7.74400e+27
      19950.0  7.63700e+27
      20050.0  7.56900e+27
      20150.0  7.47000e+27
      20250.0  7.32600e+27
      20350.0  7.22900e+27
      20450.0  7.19200e+27
      20550.0  7.19433e+27
      20650.0  6.99112e+27
      20750.0  6.91400e+27
      20850.0  6.83000e+27
      20950.0  6.72600e+27
      21050.0  6.67600e+27
      21150.0  6.57728e+27
      21250.0  6.71071e+27
      21350.0  6.42700e+27
      21450.0  6.34400e+27
      21550.0  6.25100e+27
      21650.0  6.75020e+27
      21750.0  6.05506e+27
      21850.0  5.98800e+27
      21950.0  5.92000e+27
      22050.0  5.80400e+27
      22150.0  5.75800e+27
      22250.0  5.64800e+27
      22350.0  5.57600e+27
      22450.0  5.50100e+27
      22550.0  5.42500e+27
      22650.0  5.33500e+27
      22750.0  5.27800e+27
      22850.0  5.17400e+27
      22950.0  4.59100e+27
      23050.0  4.76900e+27
      23150.0  4.72900e+27
      23250.0  4.24300e+27
      23350.0  4.43700e+27
      23450.0  4.30600e+27
      23550.0  3.95900e+27
      23650.0  4.14900e+27
      23750.0  4.02700e+27
      23850.0  3.75700e+27
      23950.0  3.88500e+27
      24050.0  3.81900e+27
      24150.0  3.57800e+27
      24250.0  3.64600e+27
      24350.0  3.57200e+27
      24450.0  3.41400e+27
      24550.0  3.36300e+27
      24650.0  3.36400e+27
      24750.0  3.25200e+27
      24850.0  3.06700e+27
      24950.0  3.03400e+27
      25050.0  3.06000e+27
      25150.0  2.90100e+27
      25250.0  2.92200e+27
      25350.0  2.91600e+27
      25450.0  2.86100e+27
      25550.0  2.82400e+27
      25650.0  2.80400e+27
      25750.0  2.81800e+27
      25850.0  2.73700e+27
      25950.0  2.74400e+27
      26050.0  2.73000e+27
      26150.0  2.66753e+27
      26250.0  3.60306e+27
      26350.0  2.63994e+27
      26450.0  2.62000e+27
      26550.0  2.58100e+27
      26650.0  2.53600e+27
      26750.0  2.52900e+27
      26850.0  2.51800e+27
      26950.0  2.47600e+27
      27050.0  2.46800e+27
      27150.0  2.44100e+27
      27250.0  2.42300e+27
      27350.0  2.37900e+27
      27450.0  2.36600e+27
      27550.0  2.32600e+27
      27650.0  2.30800e+27
      27750.0  2.28500e+27
      27850.0  2.27100e+27
      27950.0  2.25500e+27
      28050.0  2.22900e+27
      28150.0  2.20000e+27
      28250.0  2.18100e+27
      28350.0  2.16400e+27
      28450.0  2.13800e+27
      28550.0  2.11400e+27
      28650.0  2.08700e+27
      28750.0  2.04700e+27
      28850.0  2.04900e+27
      28950.0  2.03000e+27
      29050.0  2.00900e+27
      29150.0  1.99000e+27
      29250.0  1.96300e+27
      29350.0  1.95100e+27
      29450.0  1.92600e+27
      29550.0  1.90800e+27
      29650.0  1.89100e+27
      29750.0  1.87200e+27
      29850.0  1.85200e+27
      29950.0  1.83200e+27
      30050.0  1.81400e+27
      30150.0  1.80000e+27
      30250.0  1.78100e+27
      30350.0  1.74500e+27
      30450.0  1.74300e+27
      30550.0  1.73400e+27
      30650.0  1.71900e+27
      30750.0  1.70700e+27
      30850.0  1.68900e+27
      30950.0  1.67500e+27
      31050.0  1.66300e+27
      31150.0  1.64200e+27
      31250.0  1.63200e+27
      31350.0  1.61800e+27
      31450.0  1.60300e+27
      31550.0  1.58600e+27
      31650.0  1.57200e+27
      31750.0  1.55900e+27
      31850.0  1.54500e+27
      31950.0  1.53300e+27
      32100.0  1.51100e+27
      32300.0  1.48400e+27
      32500.0  1.45700e+27
      32700.0  1.43000e+27
      32900.0  1.38900e+27
      33100.0  1.37100e+27
      33300.0  1.34700e+27
      33500.0  1.32400e+27
      33700.0  1.29800e+27
      33900.0  1.27200e+27
      34100.0  1.24700e+27
      34300.0  1.22500e+27
      34500.0  1.20200e+27
      34700.0  1.17800e+27
      34900.0  1.15600e+27
      35100.0  1.13400e+27
      35300.0  1.11100e+27
      35500.0  1.09000e+27
      35700.0  1.06900e+27
      35900.0  1.04900e+27
      36100.0  1.02900e+27
      36300.0  1.01000e+27
      36500.0  9.88300e+26
      36700.0  9.69900e+26
      36900.0  9.48700e+26
      37100.0  9.31000e+26
      37300.0  9.12900e+26
      37500.0  8.90300e+26
      37700.0  8.80800e+26
      37900.0  8.64000e+26
      38100.0  8.47100e+26
      38300.0  8.32000e+26
      38500.0  8.17600e+26
      38700.0  8.00900e+26
      38900.0  7.85900e+26
      39100.0  7.70300e+26
      39300.0  7.57900e+26
      39500.0  7.42800e+26
      39700.0  7.29500e+26
      39900.0  7.13900e+26
      40100.0  7.01100e+26
      40300.0  6.88701e+26
      40500.0  1.83110e+27
      40700.0  6.64726e+26
      40900.0  6.53500e+26
      41100.0  6.42300e+26
      41300.0  6.31400e+26
      41500.0  6.19600e+26
      41700.0  6.06800e+26
      41900.0  5.97900e+26
      42100.0  5.87200e+26
      42300.0  5.79000e+26
      42500.0  5.68300e+26
      42700.0  5.59300e+26
      42900.0  5.35300e+26
      43100.0  5.13400e+26
      43300.0  5.12000e+26
      43500.0  4.90500e+26
      43700.0  4.77600e+26
      43900.0  4.69800e+26
      44100.0  4.51400e+26
      44300.0  4.46500e+26
      44500.0  4.38200e+26
      44700.0  4.21800e+26
      44900.0  4.21600e+26
      45100.0  4.11900e+26
      45300.0  4.00300e+26
      45500.0  3.98500e+26
      45700.0  3.93100e+26
      45900.0  3.80600e+26
      46100.0  3.80800e+26
      46300.0  3.73200e+26
      46500.0  3.66800e+26
      46700.0  3.63500e+26
      46900.0  3.58900e+26
      47100.0  3.52600e+26
      47300.0  3.51800e+26
      47500.0  3.44800e+26
      47700.0  3.40000e+26
      47900.0  3.35900e+26
      48100.0  3.28700e+26
      48300.0  3.28500e+26
      48500.0  3.22500e+26
      48700.0  3.16600e+26
      48900.0  3.12700e+26
      49100.0  3.08200e+26
      49300.0  3.03900e+26
      49500.0  2.99000e+26
      49700.0  2.96400e+26
      49900.0  2.92100e+26
      50100.0  2.88600e+26
      50300.0  2.84700e+26
      50500.0  2.79100e+26
      50700.0  2.76300e+26
      50900.0  2.72900e+26
      51100.0  2.68100e+26
      51300.0  2.64400e+26
      51500.0  2.61300e+26
      51700.0  2.59900e+26
      51900.0  2.55300e+26
      52100.0  2.52200e+26
      52300.0  2.48400e+26
      52500.0  2.46100e+26
      52700.0  2.44600e+26
      52900.0  2.39200e+26
      53100.0  2.36100e+26
      53300.0  2.33900e+26
      53500.0  2.31000e+26
      53700.0  2.28300e+26
      53900.0  2.25600e+26
      54100.0  2.22900e+26
      54300.0  2.19100e+26
      54500.0  2.17700e+26
      54700.0  2.14300e+26
      54900.0  2.12000e+26
      55100.0  2.09000e+26
      55300.0  2.08700e+26
      55500.0  2.03900e+26
      55700.0  2.03000e+26
      55900.0  1.99700e+26
      56100.0  1.98000e+26
      56300.0  1.94700e+26
      56500.0  1.93400e+26
      56700.0  1.91000e+26
      56900.0  1.87800e+26
      57100.0  1.86700e+26
      57300.0  1.84400e+26
      57500.0  1.82200e+26
      57700.0  1.79800e+26
      57900.0  1.78300e+26
      58100.0  1.75700e+26
      58300.0  1.73800e+26
      58500.0  1.71500e+26
      58700.0  1.69000e+26
      58900.0  1.67000e+26
      59100.0  1.64600e+26
      59300.0  1.63500e+26
      59500.0  1.61400e+26
      59700.0  1.59900e+26
      59900.0  1.58000e+26
      60100.0  1.56200e+26
      60300.0  1.54400e+26
      60500.0  1.52300e+26
      60700.0  1.50600e+26
      60900.0  1.48900e+26
      61100.0  1.47000e+26
      61300.0  1.45600e+26
      61500.0  1.44000e+26
      61700.0  1.42600e+26
      61900.0  1.40900e+26
      62100.0  1.39400e+26
      62300.0  1.37600e+26
      62500.0  1.35900e+26
      62700.0  1.34400e+26
      62900.0  1.33000e+26
      63100.0  1.31400e+26
      63300.0  1.30200e+26
      63500.0  1.28600e+26
      63700.0  1.27400e+26
      63900.0  1.25700e+26
      64200.0  1.23800e+26
      64600.0  1.21000e+26
      65000.0  1.18400e+26
      65400.0  1.15800e+26
      65800.0  1.13300e+26
      66200.0  1.10800e+26
      66600.0  1.08500e+26
      67000.0  1.06200e+26
      67400.0  1.03900e+26
      67800.0  1.01700e+26
      68200.0  9.95300e+25
      68600.0  9.74800e+25
      69000.0  9.54100e+25
      69400.0  9.34300e+25
      69800.0  9.15000e+25
      70200.0  8.95900e+25
      70600.0  8.77900e+25
      71000.0  8.59800e+25
      71400.0  8.42300e+25
      71800.0  8.25100e+25
      72200.0  8.08500e+25
      72600.0  7.92000e+25
      73000.0  7.76300e+25
      73400.0  7.60700e+25
      73800.0  7.45700e+25
      74200.0  7.28700e+25
      74600.0  7.12400e+25
      75000.0  6.98700e+25
      75400.0  6.86300e+25
      75800.0  6.72900e+25
      76200.0  6.59500e+25
      76600.0  6.46400e+25
      77000.0  6.33600e+25
      77400.0  6.21200e+25
      77800.0  6.09100e+25
      78200.0  5.97200e+25
      78600.0  5.85700e+25
      79000.0  5.74500e+25
      79400.0  5.63500e+25
      79800.0  5.52300e+25
      80200.0  5.41300e+25
      80600.0  5.30600e+25
      81000.0  5.20300e+25
      81400.0  5.10100e+25
      81800.0  5.00300e+25
      82200.0  4.90700e+25
      82600.0  4.81200e+25
      83000.0  4.72000e+25
      83400.0  4.63000e+25
      83800.0  4.54300e+25
      84200.0  4.45800e+25
      84600.0  4.37400e+25
      85000.0  4.29300e+25
      85400.0  4.21300e+25
      85800.0  4.13500e+25
      86200.0  4.05900e+25
      86600.0  3.98500e+25
      87000.0  3.91200e+25
      87400.0  3.84100e+25
      87800.0  3.77200e+25
      88200.0  3.70400e+25
      88600.0  3.63800e+25
      89000.0  3.57400e+25
      89400.0  3.51100e+25
      89800.0  3.44900e+25
      90200.0  3.38900e+25
      90600.0  3.33000e+25
      91000.0  3.27100e+25
      91400.0  3.20800e+25
      91800.0  3.15300e+25
      92200.0  3.10000e+25
      92600.0  3.04700e+25
      93000.0  2.99500e+25
      93400.0  2.94500e+25
      93800.0  2.89500e+25
      94200.0  2.84700e+25
      94600.0  2.80300e+25
      95000.0  2.76200e+25
      95400.0  2.72200e+25
      95800.0  2.68300e+25
      96200.0  2.64500e+25
      96600.0  2.60700e+25
      97000.0  2.57000e+25
      97400.0  2.53300e+25
      97800.0  2.49800e+25
      98200.0  2.46300e+25
      98600.0  2.42900e+25
      99000.0  2.39500e+25
      99400.0  2.36200e+25
      99800.0  2.32900e+25
      100200.  2.29700e+25
      200000.  2.29200e+24
      400000.  3.49900e+23
      600000.  1.41900e+23
      800000.  7.90700e+22
  1.00000e+06  5.10600e+22
  1.20000e+06  3.63600e+22
  1.40000e+06  2.72500e+22
  1.60000e+06  2.12000e+22
