      91.0000       0.0000000
      94.0000       0.0000000
      96.0000       0.0000000
      98.0000       0.0000000
      100.000       0.0000000
      102.000       0.0000000
      104.000       0.0000000
      106.000       0.0000000
      108.000       0.0000000
      110.000       0.0000000
      114.000       0.0000000
      118.000       0.0000000
      121.000       0.0000000
      125.000       0.0000000
      127.000       0.0000000
      128.000       0.0000000
      131.000       0.0000000
      132.000       0.0000000
      134.000       0.0000000
      137.000       0.0000000
      140.000       0.0000000
      143.000       0.0000000
      147.000       0.0000000
      151.000       0.0000000
      155.000       0.0000000
      159.000       0.0000000
      162.000       0.0000000
      166.000       0.0000000
      170.000       0.0000000
      173.000       0.0000000
      177.000       0.0000000
      180.000       0.0000000
      182.000       0.0000000
      186.000       0.0000000
      191.000       0.0000000
      194.000       0.0000000
      198.000       0.0000000
      202.000       0.0000000
      205.000       0.0000000
      210.000       0.0000000
      216.000       0.0000000
      220.000       0.0000000
      223.000       0.0000000
      227.000       0.0000000
      230.000       0.0000000
      234.000       0.0000000
      240.000       0.0000000
      246.000       0.0000000
      252.000       0.0000000
      257.000       0.0000000
      260.000       0.0000000
      264.000       0.0000000
      269.000       0.0000000
      274.000       0.0000000
      279.000       0.0000000
      284.000       0.0000000
      290.000       0.0000000
      296.000       0.0000000
      301.000       0.0000000
      308.000       0.0000000
      318.000       0.0000000
      328.000       0.0000000
      338.000       0.0000000
      348.000       0.0000000
      357.000       0.0000000
      366.000       0.0000000
      375.000       0.0000000
      385.000       0.0000000
      395.000       0.0000000
      405.000       0.0000000
      414.000       0.0000000
      422.000       0.0000000
      430.000       0.0000000
      441.000       0.0000000
      451.000       0.0000000
      460.000       0.0000000
      470.000       0.0000000
      480.000       0.0000000
      490.000       0.0000000
      500.000       0.0000000
      506.000       0.0000000
      512.000       0.0000000
      520.000       0.0000000
      530.000       0.0000000
      540.000       0.0000000
      550.000       0.0000000
      560.000       0.0000000
      570.000       0.0000000
      580.000       0.0000000
      590.000       0.0000000
      600.000       0.0000000
      610.000       0.0000000
      620.000       0.0000000
      630.000       0.0000000
      640.000       0.0000000
      650.000       0.0000000
      658.000       0.0000000
      665.000       0.0000000
      675.000       0.0000000
      685.000       0.0000000
      695.000       0.0000000
      705.000       0.0000000
      716.000       0.0000000
      726.000       0.0000000
      735.000       0.0000000
      745.000       0.0000000
      755.000       0.0000000
      765.000       0.0000000
      775.000       0.0000000
      785.000       0.0000000
      795.000       0.0000000
      805.000       0.0000000
      815.000       0.0000000
      825.000       0.0000000
      835.000       0.0000000
      845.000       0.0000000
      855.000       0.0000000
      865.000       0.0000000
      875.000       0.0000000
      885.000       0.0000000
      895.000       0.0000000
      905.000       0.0000000
      915.000   8.1314135e+22
      925.000   2.1662382e+23
      935.000   3.7814593e+23
      945.000   5.3739452e+23
      955.000   6.8040687e+23
      965.000   7.6281197e+23
      975.000   2.8107231e+23
      985.000   6.3140765e+23
      995.000   7.1455102e+23
      1005.00   1.0655842e+24
      1015.00   1.2427918e+24
      1025.00   1.0039736e+24
      1035.00   1.2846407e+24
      1045.00   2.0409252e+24
      1055.00   2.1348567e+24
      1065.00   1.8675664e+24
      1075.00   2.3115766e+24
      1085.00   2.1766676e+24
      1095.00   2.9282809e+24
      1105.00   3.0517470e+24
      1115.00   3.2280862e+24
      1125.00   2.9876752e+24
      1135.00   4.1872944e+24
      1145.00   4.3493209e+24
      1155.00   4.8434531e+24
      1165.00   5.1895045e+24
      1175.00   3.4439870e+24
      1185.00   5.9628072e+24
      1195.00   5.4081858e+24
      1205.00   4.7843263e+24
      1215.00   7.8186524e+25
      1225.00   7.0253187e+24
      1235.00   9.4493213e+24
      1245.00   1.0456744e+25
      1255.00   1.0688788e+25
      1265.00   1.0831191e+25
      1275.00   1.3458140e+25
      1285.00   1.4731024e+25
      1295.00   1.2620667e+25
      1305.00   1.3400836e+25
      1315.00   1.7054959e+25
      1325.00   1.7048797e+25
      1335.00   1.7209673e+25
      1345.00   1.9391169e+25
      1355.00   1.9661149e+25
      1365.00   1.8605694e+25
      1375.00   1.9644633e+25
      1385.00   2.0125623e+25
      1395.00   1.5507100e+25
      1405.00   1.6163216e+25
      1415.00   2.0938106e+25
      1425.00   2.1644052e+25
      1435.00   2.3211928e+25
      1442.00   2.4477456e+25
      1447.00   2.5160255e+25
      1455.00   2.4783105e+25
      1465.00   2.3711429e+25
      1475.00   2.5037075e+25
      1485.00   2.6362600e+25
      1495.00   2.7171991e+25
      1505.00   2.6284544e+25
      1512.00   2.4132358e+25
      1517.00   2.5956451e+25
      1525.00   2.5847236e+25
      1535.00   2.2306298e+25
      1545.00   2.2120533e+25
      1555.00   2.2393168e+25
      1565.00   2.5370831e+25
      1575.00   2.8260890e+25
      1585.00   3.0548888e+25
      1595.00   3.1657418e+25
      1605.00   3.1925570e+25
      1615.00   3.2503314e+25
      1625.00   3.2166896e+25
      1635.00   3.5243900e+25
      1645.00   3.6974329e+25
      1655.00   3.5500005e+25
      1665.00   3.9306206e+25
      1672.00   3.4963211e+25
      1677.00   4.3424587e+25
      1685.00   4.5022641e+25
      1695.00   4.2953214e+25
      1705.00   4.3177138e+25
      1715.00   4.2475610e+25
      1725.00   4.3150704e+25
      1735.00   4.7652213e+25
      1745.00   4.7846196e+25
      1755.00   5.1934058e+25
      1765.00   4.8511244e+25
      1775.00   5.0358222e+25
      1785.00   5.3057403e+25
      1795.00   5.8273400e+25
      1805.00   5.9555487e+25
      1815.00   5.6911228e+25
      1825.00   5.8296896e+25
      1835.00   5.7917385e+25
      1845.00   5.3218491e+25
      1855.00   5.6177996e+25
      1865.00   6.0324401e+25
      1875.00   6.4506358e+25
      1885.00   6.1530183e+25
      1895.00   6.1937561e+25
      1905.00   6.9791225e+25
      1915.00   6.5713927e+25
      1925.00   6.4976769e+25
      1935.00   6.5194304e+25
      1945.00   7.4050978e+25
      1955.00   7.1139741e+25
      1967.00   8.0765280e+25
      1976.00   8.3191498e+25
      1984.00   8.0903773e+25
      1995.00   8.0618542e+25
      2005.00   8.2930921e+25
      2015.00   8.3200661e+25
      2025.00   8.4850205e+25
      2035.00   8.6052131e+25
      2045.00   9.2408530e+25
      2055.00   8.7554628e+25
      2065.00   8.9570738e+25
      2074.00   1.0244959e+26
      2078.00   1.0087051e+26
      2085.00   1.0464538e+26
      2095.00   1.0075552e+26
      2105.00   1.0112011e+26
      2115.00   1.0592918e+26
      2125.00   1.0809061e+26
      2135.00   1.0088643e+26
      2145.00   1.0902246e+26
      2155.00   1.1336484e+26
      2165.00   1.1020252e+26
      2175.00   1.1191129e+26
      2185.00   1.1555030e+26
      2195.00   1.2476759e+26
      2205.00   1.2291317e+26
      2215.00   1.1643093e+26
      2225.00   1.1762441e+26
      2235.00   1.3152641e+26
      2245.00   1.2690683e+26
      2255.00   1.2079593e+26
      2265.00   1.2376154e+26
      2275.00   1.3107336e+26
      2285.00   1.3955027e+26
      2295.00   1.3026341e+26
      2305.00   1.3887803e+26
      2315.00   1.3582948e+26
      2325.00   1.3115205e+26
      2335.00   1.2642446e+26
      2345.00   1.1714782e+26
      2355.00   1.4144487e+26
      2365.00   1.2314990e+26
      2375.00   1.3549350e+26
      2385.00   1.1609079e+26
      2395.00   1.2954374e+26
      2405.00   1.2846331e+26
      2415.00   1.3425050e+26
      2425.00   1.5694372e+26
      2435.00   1.5432180e+26
      2445.00   1.6830818e+26
      2455.00   1.6997664e+26
      2465.00   1.7179403e+26
      2475.00   1.6351878e+26
      2485.00   1.6045800e+26
      2495.00   1.4944678e+26
      2505.00   1.8730810e+26
      2513.00   1.5623888e+26
      2518.00   1.5060443e+26
      2525.00   1.4860740e+26
      2535.00   1.5946506e+26
      2545.00   1.6295521e+26
      2555.00   1.8854841e+26
      2565.00   1.8239082e+26
      2575.00   2.0239271e+26
      2585.00   2.0237422e+26
      2595.00   2.0006831e+26
      2605.00   1.9320387e+26
      2615.00   1.8673325e+26
      2625.00   2.1503879e+26
      2635.00   2.3733459e+26
      2645.00   2.7802027e+26
      2655.00   3.0262596e+26
      2665.00   2.6284754e+26
      2675.00   2.8530864e+26
      2685.00   2.9823955e+26
      2695.00   2.7051811e+26
      2705.00   2.9154865e+26
      2715.00   2.6612493e+26
      2725.00   2.6739429e+26
      2735.00   2.9390121e+26
      2745.00   2.3545623e+26
      2755.00   2.5988272e+26
      2765.00   2.8770739e+26
      2775.00   3.1103541e+26
      2785.00   2.7429229e+26
      2795.00   1.7996734e+26
      2805.00   2.0145143e+26
      2815.00   3.2901727e+26
      2825.00   3.6921572e+26
      2835.00   3.6167383e+26
      2845.00   3.4233657e+26
      2855.00   3.0373820e+26
      2865.00   3.8355269e+26
      2875.00   4.0565988e+26
      2885.00   4.0490786e+26
      2895.00   4.1434867e+26
      2910.00   4.8637029e+26
      2930.00   4.7522560e+26
      2950.00   4.7730720e+26
      2970.00   5.0337703e+26
      2990.00   5.2398343e+26
      3010.00   5.4602151e+26
      3030.00   5.6803953e+26
      3050.00   5.9552544e+26
      3070.00   6.2179226e+26
      3090.00   6.4121730e+26
      3110.00   6.7062400e+26
      3130.00   6.7419882e+26
      3150.00   6.9671900e+26
      3170.00   7.3372461e+26
      3190.00   7.0344753e+26
      3210.00   7.6177161e+26
      3230.00   7.2932839e+26
      3250.00   8.4212792e+26
      3270.00   9.2402716e+26
      3290.00   9.4243185e+26
      3310.00   9.5984116e+26
      3330.00   9.8143533e+26
      3350.00   9.8916298e+26
      3370.00   9.2710204e+26
      3390.00   9.9332541e+26
      3410.00   1.0312703e+27
      3430.00   1.0897830e+27
      3450.00   1.1305518e+27
      3470.00   1.1693493e+27
      3490.00   1.2421460e+27
      3510.00   1.3132764e+27
      3530.00   1.2899221e+27
      3550.00   1.4197502e+27
      3570.00   1.2699758e+27
      3590.00   1.2860138e+27
      3610.00   1.4226520e+27
      3630.00   1.4822692e+27
      3640.00   1.5193216e+27
      3650.00   1.6211052e+27
      3670.00   1.6483278e+27
      3690.00   1.5948647e+27
      3710.00   1.7793961e+27
      3730.00   2.4272134e+27
      3750.00   1.8944841e+27
      3770.00   2.1335814e+27
      3790.00   2.3488131e+27
      3810.00   2.5377643e+27
      3830.00   2.0253808e+27
      3850.00   2.6094685e+27
      3870.00   2.8866962e+27
      3890.00   2.4545339e+27
      3910.00   3.1702320e+27
      3930.00   2.3082734e+27
      3950.00   3.1198075e+27
      3970.00   2.2742050e+27
      3990.00   3.7512658e+27
      4010.00   4.1272231e+27
      4030.00   4.2092676e+27
      4050.00   4.2363822e+27
      4070.00   4.2101452e+27
      4090.00   4.3104963e+27
      4110.00   3.9423386e+27
      4130.00   4.6086300e+27
      4150.00   4.7649402e+27
      4170.00   4.8965862e+27
      4190.00   4.9166289e+27
      4210.00   5.0449247e+27
      4230.00   5.0295168e+27
      4250.00   5.2048709e+27
      4270.00   5.1442370e+27
      4290.00   5.0882093e+27
      4310.00   4.7172667e+27
      4330.00   5.2859855e+27
      4350.00   5.0274466e+27
      4370.00   6.0573424e+27
      4390.00   5.9448057e+27
      4410.00   6.2286735e+27
      4430.00   6.5846287e+27
      4450.00   6.7157754e+27
      4470.00   7.0566306e+27
      4490.00   7.2316344e+27
      4510.00   7.8251418e+27
      4530.00   7.4382150e+27
      4550.00   7.6930790e+27
      4570.00   8.1872427e+27
      4590.00   8.0425070e+27
      4610.00   8.3469027e+27
      4630.00   8.3627368e+27
      4650.00   8.5731382e+27
      4670.00   8.8830249e+27
      4690.00   8.9153282e+27
      4710.00   8.8433253e+27
      4730.00   9.2441704e+27
      4750.00   9.5364056e+27
      4770.00   9.6151425e+27
      4790.00   9.7386410e+27
      4810.00   9.8347954e+27
      4830.00   1.0013563e+28
      4850.00   9.4595631e+27
      4870.00   8.7072863e+27
      4890.00   1.0202236e+28
      4910.00   1.0477802e+28
      4930.00   1.0504860e+28
      4950.00   1.0959740e+28
      4970.00   1.1109869e+28
      4990.00   1.0783378e+28
      5010.00   1.4271878e+28
      5030.00   1.1167110e+28
      5050.00   1.1266008e+28
      5070.00   1.1745308e+28
      5090.00   1.1561287e+28
      5110.00   1.1878721e+28
      5130.00   1.1787329e+28
      5150.00   1.1661873e+28
      5170.00   1.1400738e+28
      5190.00   1.1758721e+28
      5210.00   1.2269921e+28
      5230.00   1.2797614e+28
      5250.00   1.3288736e+28
      5270.00   1.2542757e+28
      5290.00   1.3700713e+28
      5310.00   1.4268615e+28
      5330.00   1.3492238e+28
      5350.00   1.4390398e+28
      5370.00   1.4489739e+28
      5390.00   1.4511013e+28
      5410.00   1.4502621e+28
      5430.00   1.4826953e+28
      5450.00   1.5273047e+28
      5470.00   1.5269753e+28
      5490.00   1.5489316e+28
      5510.00   1.5619595e+28
      5530.00   1.6075776e+28
      5550.00   1.6407607e+28
      5570.00   1.6323812e+28
      5590.00   1.6327007e+28
      5610.00   1.6799198e+28
      5630.00   1.7009857e+28
      5650.00   1.7314190e+28
      5670.00   1.7219744e+28
      5690.00   1.7756400e+28
      5710.00   1.7554265e+28
      5730.00   1.8630120e+28
      5750.00   1.8442370e+28
      5770.00   1.8747610e+28
      5790.00   1.8565510e+28
      5810.00   1.9147453e+28
      5830.00   1.9645563e+28
      5850.00   1.9489749e+28
      5870.00   1.9824901e+28
      5890.00   1.8570153e+28
      5910.00   1.9900387e+28
      5930.00   2.0205873e+28
      5950.00   2.0425835e+28
      5970.00   2.0826624e+28
      5990.00   2.0854706e+28
      6010.00   2.0864593e+28
      6030.00   2.1376536e+28
      6050.00   2.1863995e+28
      6070.00   2.2016448e+28
      6090.00   2.1813689e+28
      6110.00   2.2046595e+28
      6130.00   2.1512410e+28
      6150.00   2.2066850e+28
      6170.00   2.1666991e+28
      6190.00   2.2647983e+28
      6210.00   2.2769708e+28
      6230.00   2.2544632e+28
      6250.00   2.2252013e+28
      6270.00   2.3220095e+28
      6290.00   2.3711649e+28
      6310.00   2.3062848e+28
      6330.00   2.3404391e+28
      6350.00   2.3698304e+28
      6370.00   2.3904144e+28
      6390.00   2.4341453e+28
      6410.00   2.4203746e+28
      6430.00   2.4608618e+28
      6450.00   2.4772796e+28
      6470.00   2.4967602e+28
      6490.00   2.4822226e+28
      6510.00   2.5618297e+28
      6530.00   2.5794787e+28
      6550.00   2.6156540e+28
      6570.00   2.6258326e+28
      6590.00   2.7448907e+28
      6610.00   2.6727139e+28
      6630.00   2.6944350e+28
      6650.00   2.7166828e+28
      6670.00   2.7112212e+28
      6690.00   2.7660692e+28
      6710.00   2.8188720e+28
      6730.00   2.9024522e+28
      6750.00   2.7880533e+28
      6770.00   2.8226725e+28
      6790.00   2.8327684e+28
      6810.00   2.8592959e+28
      6830.00   2.9039247e+28
      6850.00   2.8834540e+28
      6870.00   2.9351854e+28
      6890.00   2.9880926e+28
      6910.00   3.0045368e+28
      6930.00   3.0196198e+28
      6950.00   3.0375072e+28
      6970.00   3.0862194e+28
      6990.00   3.1029178e+28
      7010.00   3.0965137e+28
      7030.00   3.1577178e+28
      7050.00   3.1867729e+28
      7070.00   3.1628736e+28
      7090.00   3.1386280e+28
      7110.00   3.1213550e+28
      7130.00   3.1620835e+28
      7150.00   3.1388197e+28
      7170.00   3.1780794e+28
      7190.00   3.1441527e+28
      7210.00   3.2145264e+28
      7230.00   3.2788838e+28
      7250.00   3.3153923e+28
      7270.00   3.3507136e+28
      7290.00   3.3385670e+28
      7310.00   3.4208122e+28
      7330.00   3.4655448e+28
      7350.00   3.5001147e+28
      7370.00   3.5804638e+28
      7390.00   3.5570411e+28
      7410.00   3.5590287e+28
      7430.00   3.6486392e+28
      7450.00   3.6811868e+28
      7470.00   3.7362629e+28
      7490.00   3.7528501e+28
      7510.00   3.8030953e+28
      7530.00   3.8640804e+28
      7550.00   3.9088423e+28
      7570.00   3.9199640e+28
      7590.00   3.9038877e+28
      7610.00   3.8960942e+28
      7630.00   3.8686058e+28
      7650.00   3.8502123e+28
      7670.00   3.7643598e+28
      7690.00   3.8536405e+28
      7710.00   3.8246674e+28
      7730.00   3.8614196e+28
      7750.00   3.8642994e+28
      7770.00   3.9240135e+28
      7790.00   3.9683064e+28
      7810.00   3.9958874e+28
      7830.00   3.9946014e+28
      7850.00   3.9919443e+28
      7870.00   4.0594467e+28
      7890.00   4.0471539e+28
      7910.00   4.0109181e+28
      7930.00   4.0385186e+28
      7950.00   4.0471921e+28
      7970.00   4.1606248e+28
      7990.00   4.1849636e+28
      8010.00   4.2626163e+28
      8030.00   4.2970666e+28
      8050.00   4.3158610e+28
      8070.00   4.3762266e+28
      8090.00   4.3790594e+28
      8110.00   4.4399947e+28
      8130.00   4.5268421e+28
      8150.00   4.5787508e+28
      8170.00   4.6299845e+28
      8190.00   4.5724197e+28
      8210.00   4.5753435e+28
      8230.00   4.6148137e+28
      8250.00   4.6438211e+28
      8270.00   4.6963940e+28
      8290.00   4.6943107e+28
      8310.00   4.6331017e+28
      8330.00   4.6165514e+28
      8350.00   4.6666016e+28
      8370.00   4.7014263e+28
      8390.00   4.6200363e+28
      8410.00   4.7364484e+28
      8430.00   4.6215725e+28
      8450.00   4.5880673e+28
      8470.00   4.5939711e+28
      8490.00   4.6343350e+28
      8510.00   4.4695499e+28
      8530.00   4.6721546e+28
      8550.00   4.2147649e+28
      8570.00   4.8393419e+28
      8590.00   4.7969762e+28
      8610.00   4.8369633e+28
      8630.00   4.9719382e+28
      8650.00   4.9651734e+28
      8670.00   4.4392249e+28
      8690.00   4.9675868e+28
      8710.00   5.1268268e+28
      8730.00   5.1649124e+28
      8750.00   5.0437328e+28
      8770.00   5.2269583e+28
      8790.00   5.3082399e+28
      8810.00   5.2770369e+28
      8830.00   5.3177753e+28
      8850.00   5.3084298e+28
      8870.00   5.1316202e+28
      8890.00   5.3363346e+28
      8910.00   5.4102501e+28
      8930.00   5.3842369e+28
      8950.00   5.4141900e+28
      8970.00   5.4550140e+28
      8990.00   5.4784017e+28
      9010.00   5.2732372e+28
      9030.00   5.4933304e+28
      9050.00   5.7989608e+28
      9070.00   6.8763490e+28
      9090.00   5.7001444e+28
      9110.00   5.7222261e+28
      9130.00   5.8039576e+28
      9150.00   5.8103243e+28
      9170.00   5.8337222e+28
      9190.00   5.8875306e+28
      9210.00   5.7136937e+28
      9230.00   5.5050369e+28
      9250.00   5.6421272e+28
      9270.00   5.7160723e+28
      9290.00   5.7061986e+28
      9310.00   5.7575370e+28
      9330.00   5.7894688e+28
      9350.00   5.7879588e+28
      9370.00   5.7539590e+28
      9390.00   5.8515968e+28
      9410.00   5.7797550e+28
      9430.00   5.9091310e+28
      9450.00   5.8877947e+28
      9470.00   5.9934067e+28
      9490.00   6.0191371e+28
      9510.00   5.9859357e+28
      9530.00   5.9947392e+28
      9550.00   5.8128362e+28
      9570.00   6.0058421e+28
      9590.00   6.1162201e+28
      9610.00   6.0858791e+28
      9630.00   6.1256361e+28
      9650.00   6.0811382e+28
      9670.00   6.1056969e+28
      9690.00   6.1970941e+28
      9710.00   6.1681172e+28
      9730.00   6.1604883e+28
      9750.00   6.1711573e+28
      9770.00   6.2175019e+28
      9790.00   6.1867590e+28
      9810.00   6.3055596e+28
      9830.00   6.2951644e+28
      9850.00   6.3488901e+28
      9870.00   6.3450121e+28
      9890.00   6.3619381e+28
      9910.00   6.3574808e+28
      9930.00   6.4043109e+28
      9950.00   6.4352154e+28
      9970.00   6.4607404e+28
      9990.00   6.4699570e+28
      10025.0   6.4520050e+28
      10075.0   6.4235127e+28
      10125.0   6.5899163e+28
      10175.0   6.5894893e+28
      10225.0   6.6600583e+28
      10275.0   6.7305773e+28
      10325.0   6.7976192e+28
      10375.0   6.7444199e+28
      10425.0   6.8253090e+28
      10475.0   6.7885925e+28
      10525.0   6.7740260e+28
      10575.0   6.7242558e+28
      10625.0   6.7264037e+28
      10675.0   6.7182020e+28
      10725.0   6.8164684e+28
      10775.0   6.8432078e+28
      10825.0   6.9471691e+28
      10875.0   6.8696891e+28
      10925.0   6.8543701e+28
      10975.0   6.8847355e+28
      11025.0   6.9473315e+28
      11075.0   6.9290382e+28
      11125.0   6.9533896e+28
      11175.0   6.9532632e+28
      11225.0   7.0066399e+28
      11275.0   6.9778645e+28
      11325.0   7.0153156e+28
      11375.0   7.0202808e+28
      11425.0   7.0067059e+28
      11475.0   7.1243344e+28
      11525.0   7.1519647e+28
      11575.0   7.1278423e+28
      11625.0   7.0788609e+28
      11675.0   7.1187675e+28
      11725.0   7.1897260e+28
      11775.0   7.0860531e+28
      11825.0   7.0835518e+28
      11875.0   7.0205696e+28
      11925.0   7.1566474e+28
      11975.0   7.0086575e+28
      12025.0   7.1614962e+28
      12075.0   7.1567839e+28
      12125.0   7.2100819e+28
      12175.0   7.2660948e+28
      12225.0   7.2704646e+28
      12275.0   7.2652182e+28
      12325.0   7.2734392e+28
      12375.0   7.2925500e+28
      12425.0   7.2517705e+28
      12475.0   7.2720470e+28
      12525.0   7.2555874e+28
      12575.0   7.2743250e+28
      12625.0   7.2771477e+28
      12675.0   7.2698547e+28
      12725.0   7.3050271e+28
      12775.0   7.3269013e+28
      12825.0   7.1860022e+28
      12875.0   7.2972486e+28
      12925.0   7.2821546e+28
      12975.0   7.3724672e+28
      13025.0   7.3365259e+28
      13075.0   7.3778121e+28
      13125.0   7.2902386e+28
      13175.0   7.2969385e+28
      13225.0   7.3263752e+28
      13275.0   7.2509546e+28
      13325.0   7.2857210e+28
      13375.0   7.2552630e+28
      13425.0   7.2890479e+28
      13475.0   7.2636270e+28
      13525.0   7.2580709e+28
      13575.0   7.1919643e+28
      13625.0   7.1950293e+28
      13675.0   7.2508902e+28
      13725.0   7.2960570e+28
      13775.0   7.3122589e+28
      13825.0   7.3425384e+28
      13875.0   7.3103472e+28
      13925.0   7.1739555e+28
      13975.0   7.1722876e+28
      14025.0   7.1289304e+28
      14075.0   7.1970238e+28
      14125.0   7.1595812e+28
      14175.0   7.2313124e+28
      14225.0   7.1809167e+28
      14275.0   7.1331453e+28
      14325.0   7.2584936e+28
      14375.0   7.3029642e+28
      14425.0   7.1827268e+28
      14475.0   7.3286787e+28
      14525.0   7.2813870e+28
      14570.0   7.3443754e+28
      14620.0   7.2915586e+28
      14675.0   7.3064196e+28
      14725.0   7.2596964e+28
      14775.0   7.3222183e+28
      14825.0   7.3602755e+28
      14875.0   7.3279801e+28
      14925.0   7.4859983e+28
      14975.0   7.4530038e+28
      15025.0   7.4065108e+28
      15075.0   7.4223932e+28
      15125.0   7.5569563e+28
      15175.0   7.5984818e+28
      15225.0   7.6141787e+28
      15275.0   7.6727515e+28
      15325.0   7.6749965e+28
      15375.0   7.7117091e+28
      15425.0   7.6956473e+28
      15475.0   7.7451308e+28
      15525.0   7.7192394e+28
      15575.0   7.5499012e+28
      15625.0   7.6652276e+28
      15675.0   7.6461188e+28
      15725.0   7.7667514e+28
      15775.0   7.4739557e+28
      15825.0   7.5391550e+28
      15875.0   7.4712484e+28
      15925.0   7.7256812e+28
      15975.0   7.6432401e+28
      16050.0   7.6529111e+28
      16150.0   7.7180954e+28
      16250.0   7.6636702e+28
      16350.0   7.8424894e+28
      16450.0   7.5716814e+28
      16550.0   7.8081963e+28
      16650.0   7.6422210e+28
      16750.0   7.6715095e+28
      16850.0   7.5184657e+28
      16950.0   7.6459838e+28
      17050.0   7.5435970e+28
      17150.0   7.4898057e+28
      17250.0   7.3920469e+28
      17350.0   7.1545787e+28
      17450.0   7.1877494e+28
      17550.0   7.0865822e+28
      17650.0   7.0041753e+28
      17750.0   6.8649662e+28
      17850.0   6.7991550e+28
      17950.0   6.6870868e+28
      18050.0   6.5555633e+28
      18150.0   6.4434656e+28
      18250.0   6.4304291e+28
      18350.0   6.3764351e+28
      18450.0   6.2978042e+28
      18550.0   6.2691498e+28
      18650.0   6.1519356e+28
      18750.0   6.2783538e+28
      18850.0   6.0634867e+28
      18950.0   5.9184507e+28
      19050.0   5.9933661e+28
      19150.0   5.9142605e+28
      19250.0   5.8764521e+28
      19350.0   5.7616585e+28
      19450.0   5.6423859e+28
      19550.0   5.6709663e+28
      19650.0   5.6066131e+28
      19750.0   5.5019017e+28
      19850.0   5.4741723e+28
      19950.0   5.4391526e+28
      20050.0   5.4395732e+28
      20150.0   5.4014769e+28
      20250.0   5.3131549e+28
      20350.0   5.2818473e+28
      20450.0   5.3007633e+28
      20550.0   5.2576542e+28
      20650.0   5.2071450e+28
      20750.0   5.1877284e+28
      20850.0   5.1528896e+28
      20950.0   5.1009862e+28
      21050.0   5.1077667e+28
      21150.0   5.0595833e+28
      21250.0   5.0308242e+28
      21350.0   5.0141010e+28
      21450.0   4.9792530e+28
      21550.0   4.9331493e+28
      21650.0   4.8625174e+28
      21750.0   4.8304974e+28
      21850.0   4.8043655e+28
      21950.0   4.7783046e+28
      22050.0   4.6929348e+28
      22150.0   4.7038150e+28
      22250.0   4.6241666e+28
      22350.0   4.5930528e+28
      22450.0   4.5556328e+28
      22550.0   4.5243149e+28
      22650.0   4.4577929e+28
      22750.0   4.4506548e+28
      22850.0   4.3842946e+28
      22950.0   3.8439475e+28
      23050.0   4.0316788e+28
      23150.0   4.0193900e+28
      23250.0   3.5758119e+28
      23350.0   3.7885599e+28
      23450.0   3.7089424e+28
      23550.0   3.3703240e+28
      23650.0   3.5912917e+28
      23750.0   3.5059389e+28
      23850.0   3.2401128e+28
      23950.0   3.4018859e+28
      24050.0   3.3656025e+28
      24150.0   3.1305387e+28
      24250.0   3.2321307e+28
      24350.0   3.1916807e+28
      24450.0   3.0459385e+28
      24550.0   3.0194251e+28
      24650.0   3.0623169e+28
      24750.0   2.9686128e+28
      24850.0   2.8033454e+28
      24950.0   2.8188540e+28
      25050.0   2.8654579e+28
      25150.0   2.7043786e+28
      25250.0   2.7718898e+28
      25350.0   2.7753328e+28
      25450.0   2.7333792e+28
      25550.0   2.7141376e+28
      25650.0   2.7222923e+28
      25750.0   2.7469745e+28
      25850.0   2.6617358e+28
      25950.0   2.6914810e+28
      26050.0   2.7055704e+28
      26150.0   2.6638369e+28
      26250.0   2.6695911e+28
      26350.0   2.6559406e+28
      26450.0   2.6481591e+28
      26550.0   2.6221412e+28
      26650.0   2.5848448e+28
      26750.0   2.6157778e+28
      26850.0   2.6027712e+28
      26950.0   2.5599405e+28
      27050.0   2.5714804e+28
      27150.0   2.5568851e+28
      27250.0   2.5552282e+28
      27350.0   2.5147371e+28
      27450.0   2.5212514e+28
      27550.0   2.5067559e+28
      27650.0   2.4891598e+28
      27750.0   2.4655210e+28
      27850.0   2.4687271e+28
      27950.0   2.4679989e+28
      28050.0   2.4495516e+28
      28150.0   2.4239460e+28
      28250.0   2.4178153e+28
      28350.0   2.4145410e+28
      28450.0   2.3929999e+28
      28550.0   2.3650001e+28
      28650.0   2.3389999e+28
      28750.0   2.3029999e+28
      28850.0   2.2920001e+28
      28950.0   2.2690001e+28
      29050.0   2.2430001e+28
      29150.0   2.2220000e+28
      29250.0   2.1860000e+28
      29350.0   2.1759999e+28
      29450.0   2.1470001e+28
      29550.0   2.1250000e+28
      29650.0   2.1079999e+28
      29750.0   2.0860001e+28
      29850.0   2.0599999e+28
      29950.0   2.0370001e+28
      30050.0   2.0160000e+28
      30150.0   2.0010001e+28
      30250.0   1.9770000e+28
      30350.0   1.9439999e+28
      30450.0   1.9380001e+28
      30550.0   1.9220000e+28
      30650.0   1.9030000e+28
      30750.0   1.8890000e+28
      30850.0   1.8660000e+28
      30950.0   1.8510000e+28
      31050.0   1.8390000e+28
      31150.0   1.8110000e+28
      31250.0   1.8020000e+28
      31350.0   1.7850000e+28
      31450.0   1.7680001e+28
      31550.0   1.7490000e+28
      31650.0   1.7310000e+28
      31750.0   1.7190000e+28
      31850.0   1.7030000e+28
      31950.0   1.6889999e+28
      32100.0   1.6640000e+28
      32300.0   1.6330000e+28
      32500.0   1.6039999e+28
      32700.0   1.5730000e+28
      32900.0   1.5360000e+28
      33100.0   1.5140000e+28
      33300.0   1.4850000e+28
      33500.0   1.4610000e+28
      33700.0   1.4320000e+28
      33900.0   1.4040000e+28
      34100.0   1.3760000e+28
      34300.0   1.3530000e+28
      34500.0   1.3280001e+28
      34700.0   1.3020000e+28
      34900.0   1.2780000e+28
      35100.0   1.2549999e+28
      35300.0   1.2290000e+28
      35500.0   1.2080000e+28
      35700.0   1.1840000e+28
      35900.0   1.1620000e+28
      36100.0   1.1420000e+28
      36300.0   1.1200000e+28
      36500.0   1.0969999e+28
      36700.0   1.0770000e+28
      36900.0   1.0530000e+28
      37100.0   1.0330000e+28
      37300.0   1.0150000e+28
      37500.0   9.9100006e+27
      37700.0   9.8000001e+27
      37900.0   9.6079999e+27
      38100.0   9.4340002e+27
      38300.0   9.2720000e+27
      38500.0   9.1099998e+27
      38700.0   8.9119999e+27
      38900.0   8.7510002e+27
      39100.0   8.5909999e+27
      39300.0   8.4390000e+27
      39500.0   8.2540001e+27
      39700.0   8.1059999e+27
      39900.0   7.9170002e+27
      40100.0   7.7919997e+27
      40300.0   7.6590008e+27
      40500.0   8.0926327e+27
      40700.0   7.3720137e+27
      40900.0   7.2419999e+27
      41100.0   7.1130002e+27
      41300.0   6.9910002e+27
      41500.0   6.8560001e+27
      41700.0   6.7230000e+27
      41900.0   6.6049999e+27
      42100.0   6.4790000e+27
      42300.0   6.3929998e+27
      42500.0   6.2640001e+27
      42700.0   6.1649999e+27
      42900.0   5.8410001e+27
      43100.0   5.5149998e+27
      43300.0   5.5180002e+27
      43500.0   5.2200000e+27
      43700.0   5.0680000e+27
      43900.0   4.9539997e+27
      44100.0   4.7439999e+27
      44300.0   4.6379999e+27
      44500.0   4.5469999e+27
      44700.0   4.4050001e+27
      44900.0   4.3809999e+27
      45100.0   4.2880000e+27
      45300.0   4.1769999e+27
      45500.0   4.1490001e+27
      45700.0   4.0859999e+27
      45900.0   3.9430001e+27
      46100.0   3.9629999e+27
      46300.0   3.8820001e+27
      46500.0   3.8230001e+27
      46700.0   3.8130001e+27
      46900.0   3.7499999e+27
      47100.0   3.6780001e+27
      47300.0   3.6860001e+27
      47500.0   3.5870001e+27
      47700.0   3.5650001e+27
      47900.0   3.5210000e+27
      48100.0   3.4230000e+27
      48300.0   3.4520000e+27
      48500.0   3.3649999e+27
      48700.0   3.3010000e+27
      48900.0   3.2600001e+27
      49100.0   3.2070001e+27
      49300.0   3.1739999e+27
      49500.0   3.1120000e+27
      49700.0   3.1000001e+27
      49900.0   3.0459999e+27
      50100.0   3.0139999e+27
      50300.0   2.9720001e+27
      50500.0   2.9089999e+27
      50700.0   2.8840000e+27
      50900.0   2.8460000e+27
      51100.0   2.7949999e+27
      51300.0   2.7660001e+27
      51500.0   2.7240000e+27
      51700.0   2.7130001e+27
      51900.0   2.6630000e+27
      52100.0   2.6320000e+27
      52300.0   2.5880000e+27
      52500.0   2.5679999e+27
      52700.0   2.5570000e+27
      52900.0   2.4960000e+27
      53100.0   2.4620000e+27
      53300.0   2.4430000e+27
      53500.0   2.4120000e+27
      53700.0   2.3850001e+27
      53900.0   2.3580001e+27
      54100.0   2.3300000e+27
      54300.0   2.2870000e+27
      54500.0   2.2760000e+27
      54700.0   2.2370001e+27
      54900.0   2.2150000e+27
      55100.0   2.1829999e+27
      55300.0   2.1890000e+27
      55500.0   2.1290000e+27
      55700.0   2.1259999e+27
      55900.0   2.0890001e+27
      56100.0   2.0750000e+27
      56300.0   2.0349999e+27
      56500.0   2.0250000e+27
      56700.0   2.0000000e+27
      56900.0   1.9629999e+27
      57100.0   1.9560001e+27
      57300.0   1.9320000e+27
      57500.0   1.9090000e+27
      57700.0   1.8830000e+27
      57900.0   1.8700000e+27
      58100.0   1.8410000e+27
      58300.0   1.8220000e+27
      58500.0   1.8010000e+27
      58700.0   1.7730000e+27
      58900.0   1.7540000e+27
      59100.0   1.7320001e+27
      59300.0   1.7180000e+27
      59500.0   1.6930000e+27
      59700.0   1.6800000e+27
      59900.0   1.6600001e+27
      60100.0   1.6410001e+27
      60300.0   1.6210000e+27
      60500.0   1.5970000e+27
      60700.0   1.5799999e+27
      60900.0   1.5609999e+27
      61100.0   1.5410000e+27
      61300.0   1.5269999e+27
      61500.0   1.5100000e+27
      61700.0   1.4960000e+27
      61900.0   1.4780001e+27
      62100.0   1.4630001e+27
      62300.0   1.4429999e+27
      62500.0   1.4230000e+27
      62700.0   1.4070000e+27
      62900.0   1.3920000e+27
      63100.0   1.3760000e+27
      63300.0   1.3640001e+27
      63500.0   1.3460000e+27
      63700.0   1.3350000e+27
      63900.0   1.3150001e+27
      64200.0   1.2950000e+27
      64600.0   1.2649999e+27
      65000.0   1.2370000e+27
      65400.0   1.2090000e+27
      65800.0   1.1830000e+27
      66200.0   1.1560000e+27
      66600.0   1.1310000e+27
      67000.0   1.1070000e+27
      67400.0   1.0820000e+27
      67800.0   1.0580000e+27
      68200.0   1.0350000e+27
      68600.0   1.0130000e+27
      69000.0   9.9089999e+26
      69400.0   9.6970003e+26
      69800.0   9.4899998e+26
      70200.0   9.2839998e+26
      70600.0   9.0920002e+26
      71000.0   8.8980002e+26
      71400.0   8.7130001e+26
      71800.0   8.5279999e+26
      72200.0   8.3520002e+26
      72600.0   8.1759999e+26
      73000.0   8.0080002e+26
      73400.0   7.8410003e+26
      73800.0   7.6819997e+26
      74200.0   7.5180001e+26
      74600.0   7.3550002e+26
      75000.0   7.2090001e+26
      75400.0   7.0710000e+26
      75800.0   6.9350003e+26
      76200.0   6.7980000e+26
      76600.0   6.6630001e+26
      77000.0   6.5299998e+26
      77400.0   6.4029999e+26
      77800.0   6.2780003e+26
      78200.0   6.1550000e+26
      78600.0   6.0360001e+26
      79000.0   5.9199999e+26
      79400.0   5.8060002e+26
      79800.0   5.6960000e+26
      80200.0   5.5850001e+26
      80600.0   5.4789999e+26
      81000.0   5.3779999e+26
      81400.0   5.2760001e+26
      81800.0   5.1790001e+26
      82200.0   5.0830000e+26
      82600.0   4.9890001e+26
      83000.0   4.8970000e+26
      83400.0   4.8060000e+26
      83800.0   4.7180001e+26
      84200.0   4.6339999e+26
      84600.0   4.5500001e+26
      85000.0   4.4690001e+26
      85400.0   4.3880001e+26
      85800.0   4.3099998e+26
      86200.0   4.2350002e+26
      86600.0   4.1600001e+26
      87000.0   4.0859999e+26
      87400.0   4.0149999e+26
      87800.0   3.9450000e+26
      88200.0   3.8760000e+26
      88600.0   3.8089999e+26
      89000.0   3.7430001e+26
      89400.0   3.6800000e+26
      89800.0   3.6150000e+26
      90200.0   3.5559999e+26
      90600.0   3.4960000e+26
      91000.0   3.4349999e+26
      91400.0   3.3779999e+26
      91800.0   3.3220000e+26
      92200.0   3.2680001e+26
      92600.0   3.2139998e+26
      93000.0   3.1610001e+26
      93400.0   3.1089999e+26
      93800.0   3.0580000e+26
      94200.0   3.0080001e+26
      94600.0   2.9590000e+26
      95000.0   2.9110001e+26
      95400.0   2.8650000e+26
      95800.0   2.8190001e+26
      96200.0   2.7740000e+26
      96600.0   2.7300001e+26
      97000.0   2.6870000e+26
      97400.0   2.6430001e+26
      97800.0   2.6020000e+26
      98200.0   2.5620000e+26
      98600.0   2.5219999e+26
      99000.0   2.4830000e+26
      99400.0   2.4450001e+26
      99800.0   2.4070000e+26
      100200.   2.3700000e+26
      200000.   1.6240000e+25
      400000.   1.1570000e+24
      600000.   2.7150001e+23
      800000.   1.0570000e+23
  1.00000e+06   5.4120000e+22
  1.20000e+06   3.2890000e+22
  1.40000e+06   2.2170000e+22
  1.60000e+06   1.6030000e+22
