      91.0000      0.00000
      94.0000      0.00000
      96.0000      0.00000
      98.0000      0.00000
      100.000      0.00000
      102.000      0.00000
      104.000      0.00000
      106.000      0.00000
      108.000      0.00000
      110.000      0.00000
      114.000      0.00000
      118.000      0.00000
      121.000      0.00000
      125.000      0.00000
      127.000      0.00000
      128.000      0.00000
      131.000      0.00000
      132.000      0.00000
      134.000      0.00000
      137.000      0.00000
      140.000      0.00000
      143.000      0.00000
      147.000      0.00000
      151.000      0.00000
      155.000      0.00000
      159.000      0.00000
      162.000      0.00000
      166.000      0.00000
      170.000      0.00000
      173.000      0.00000
      177.000      0.00000
      180.000      0.00000
      182.000      0.00000
      186.000      0.00000
      191.000      0.00000
      194.000      0.00000
      198.000      0.00000
      202.000      0.00000
      205.000      0.00000
      210.000      0.00000
      216.000      0.00000
      220.000      0.00000
      223.000      0.00000
      227.000      0.00000
      230.000      0.00000
      234.000      0.00000
      240.000      0.00000
      246.000      0.00000
      252.000      0.00000
      257.000      0.00000
      260.000      0.00000
      264.000      0.00000
      269.000      0.00000
      274.000      0.00000
      279.000      0.00000
      284.000      0.00000
      290.000      0.00000
      296.000      0.00000
      301.000      0.00000
      308.000      0.00000
      318.000      0.00000
      328.000      0.00000
      338.000      0.00000
      348.000      0.00000
      357.000      0.00000
      366.000      0.00000
      375.000      0.00000
      385.000      0.00000
      395.000      0.00000
      405.000      0.00000
      414.000      0.00000
      422.000      0.00000
      430.000      0.00000
      441.000      0.00000
      451.000      0.00000
      460.000      0.00000
      470.000      0.00000
      480.000      0.00000
      490.000      0.00000
      500.000      0.00000
      506.000      0.00000
      512.000      0.00000
      520.000      0.00000
      530.000      0.00000
      540.000      0.00000
      550.000      0.00000
      560.000      0.00000
      570.000      0.00000
      580.000      0.00000
      590.000      0.00000
      600.000      0.00000
      610.000      0.00000
      620.000      0.00000
      630.000      0.00000
      640.000      0.00000
      650.000      0.00000
      658.000      0.00000
      665.000      0.00000
      675.000      0.00000
      685.000      0.00000
      695.000      0.00000
      705.000      0.00000
      716.000      0.00000
      726.000      0.00000
      735.000      0.00000
      745.000      0.00000
      755.000      0.00000
      765.000      0.00000
      775.000      0.00000
      785.000      0.00000
      795.000      0.00000
      805.000      0.00000
      815.000      0.00000
      825.000      0.00000
      835.000      0.00000
      845.000      0.00000
      855.000      0.00000
      865.000      0.00000
      875.000      0.00000
      885.000      0.00000
      895.000      0.00000
      905.000      0.00000
      915.000  1.56300e+29
      925.000  3.63800e+29
      935.000  5.59800e+29
      945.000  7.57000e+29
      955.000  8.80200e+29
      965.000  9.81500e+29
      975.000  4.10500e+29
      985.000  8.59000e+29
      995.000  8.18300e+29
      1005.00  9.85000e+29
      1015.00  9.79800e+29
      1025.00  6.48000e+29
      1035.00  8.69900e+29
      1045.00  1.18700e+30
      1055.00  1.16600e+30
      1065.00  1.02100e+30
      1075.00  1.11900e+30
      1085.00  9.96200e+29
      1095.00  1.15400e+30
      1105.00  1.12200e+30
      1115.00  1.11300e+30
      1125.00  1.01600e+30
      1135.00  1.16300e+30
      1145.00  1.09900e+30
      1155.00  1.11100e+30
      1165.00  1.11300e+30
      1175.00  8.24500e+29
      1185.00  1.05700e+30
      1195.00  8.91300e+29
      1205.00  7.69200e+29
      1215.00  5.71100e+29
      1225.00  8.46300e+29
      1235.00  1.04900e+30
      1245.00  1.11400e+30
      1255.00  1.10300e+30
      1265.00  1.03700e+30
      1275.00  1.18100e+30
      1285.00  1.21000e+30
      1295.00  1.07400e+30
      1305.00  1.06100e+30
      1315.00  1.19500e+30
      1325.00  1.15700e+30
      1335.00  1.14965e+30
      1345.00  1.17200e+30
      1355.00  1.13600e+30
      1365.00  1.05800e+30
      1375.00  1.06800e+30
      1385.00  1.06300e+30
      1395.00  8.92500e+29
      1405.00  8.78700e+29
      1415.00  9.94600e+29
      1425.00  9.82800e+29
      1435.00  9.99400e+29
      1442.00  1.02800e+30
      1447.00  1.03600e+30
      1455.00  1.01400e+30
      1465.00  9.70200e+29
      1475.00  9.69800e+29
      1485.00  9.82000e+29
      1495.00  9.85600e+29
      1505.00  9.60300e+29
      1512.00  9.00000e+29
      1517.00  9.35300e+29
      1525.00  9.19400e+29
      1535.00  8.29300e+29
      1545.00  8.24000e+29
      1555.00  8.06800e+29
      1565.00  8.54500e+29
      1575.00  9.06100e+29
      1585.00  9.33700e+29
      1595.00  9.46100e+29
      1605.00  9.14600e+29
      1615.00  9.05100e+29
      1625.00  8.79200e+29
      1635.00  9.11700e+29
      1645.00  9.14100e+29
      1655.00  8.74800e+29
      1665.00  9.21789e+29
      1672.00  8.42500e+29
      1677.00  9.30600e+29
      1685.00  9.39900e+29
      1695.00  8.97000e+29
      1705.00  8.70900e+29
      1715.00  8.38400e+29
      1725.00  8.26300e+29
      1735.00  8.61800e+29
      1745.00  8.43700e+29
      1755.00  8.69400e+29
      1765.00  8.19800e+29
      1775.00  8.26700e+29
      1785.00  8.32100e+29
      1795.00  8.53400e+29
      1805.00  8.44200e+29
      1815.00  7.98900e+29
      1825.00  8.00200e+29
      1835.00  7.78200e+29
      1845.00  7.27500e+29
      1855.00  7.28600e+29
      1865.00  7.36200e+29
      1875.00  7.60500e+29
      1885.00  7.13300e+29
      1895.00  6.84700e+29
      1905.00  7.57955e+29
      1915.00  6.78714e+29
      1925.00  6.55600e+29
      1935.00  6.65600e+29
      1945.00  6.78700e+29
      1955.00  6.34100e+29
      1967.00  6.63300e+29
      1976.00  6.69100e+29
      1984.00  6.36600e+29
      1995.00  6.14600e+29
      2005.00  6.18500e+29
      2015.00  6.00600e+29
      2025.00  6.07600e+29
      2035.00  5.78900e+29
      2045.00  5.83100e+29
      2055.00  5.32900e+29
      2065.00  5.42300e+29
      2074.00  5.74800e+29
      2078.00  5.51700e+29
      2085.00  5.58100e+29
      2095.00  5.30400e+29
      2105.00  5.29000e+29
      2115.00  5.27600e+29
      2125.00  5.31000e+29
      2135.00  5.06506e+29
      2145.00  5.11341e+29
      2155.00  5.20900e+29
      2165.00  5.06600e+29
      2175.00  5.03700e+29
      2185.00  4.96500e+29
      2195.00  5.11200e+29
      2205.00  5.00100e+29
      2215.00  4.82800e+29
      2225.00  4.73000e+29
      2235.00  4.90000e+29
      2245.00  4.76100e+29
      2255.00  4.66700e+29
      2265.00  4.74000e+29
      2275.00  4.83200e+29
      2285.00  4.90100e+29
      2295.00  4.70400e+29
      2305.00  4.74600e+29
      2315.00  4.65802e+29
      2325.00  5.19076e+29
      2335.00  4.52169e+29
      2345.00  4.43000e+29
      2355.00  4.63700e+29
      2365.00  4.43800e+29
      2375.00  4.51700e+29
      2385.00  4.29700e+29
      2395.00  4.48200e+29
      2405.00  4.38200e+29
      2415.00  4.42800e+29
      2425.00  4.57000e+29
      2435.00  4.44800e+29
      2445.00  4.59900e+29
      2455.00  4.54700e+29
      2465.00  4.53400e+29
      2475.00  4.43800e+29
      2485.00  4.51900e+29
      2495.00  4.18100e+29
      2505.00  4.61400e+29
      2513.00  4.32000e+29
      2518.00  4.41900e+29
      2525.00  4.29900e+29
      2535.00  4.29900e+29
      2545.00  4.25000e+29
      2555.00  4.39800e+29
      2565.00  4.34700e+29
      2575.00  4.47500e+29
      2585.00  4.45000e+29
      2595.00  4.40600e+29
      2605.00  4.30300e+29
      2615.00  4.25700e+29
      2625.00  4.35100e+29
      2635.00  4.38300e+29
      2645.00  4.57900e+29
      2655.00  4.58600e+29
      2665.00  4.36400e+29
      2675.00  4.44500e+29
      2685.00  4.44000e+29
      2695.00  4.29700e+29
      2705.00  4.34000e+29
      2715.00  4.21200e+29
      2725.00  4.19800e+29
      2735.00  4.29800e+29
      2745.00  3.99000e+29
      2755.00  4.01600e+29
      2765.00  4.08300e+29
      2775.00  4.18300e+29
      2785.00  4.06801e+29
      2795.00  3.71879e+29
      2805.00  3.71677e+29
      2815.00  4.13100e+29
      2825.00  4.17500e+29
      2835.00  4.05900e+29
      2845.00  3.99100e+29
      2855.00  3.92100e+29
      2865.00  4.06500e+29
      2875.00  4.03000e+29
      2885.00  4.03100e+29
      2895.00  3.98900e+29
      2910.00  4.13100e+29
      2930.00  4.02300e+29
      2950.00  3.96000e+29
      2970.00  3.95900e+29
      2990.00  3.93400e+29
      3010.00  3.92800e+29
      3030.00  3.90200e+29
      3050.00  3.87400e+29
      3070.00  3.84500e+29
      3090.00  3.82700e+29
      3110.00  3.79000e+29
      3130.00  3.73900e+29
      3150.00  3.72700e+29
      3170.00  3.70100e+29
      3190.00  3.58400e+29
      3210.00  3.62000e+29
      3230.00  3.53700e+29
      3250.00  3.59300e+29
      3270.00  3.61500e+29
      3290.00  3.58700e+29
      3310.00  3.56400e+29
      3330.00  3.52200e+29
      3350.00  3.47000e+29
      3370.00  3.39100e+29
      3390.00  3.38700e+29
      3410.00  3.38500e+29
      3430.00  3.35300e+29
      3450.00  3.33900e+29
      3470.00  3.31800e+29
      3490.00  3.31900e+29
      3510.00  3.33100e+29
      3530.00  3.27900e+29
      3550.00  3.30800e+29
      3570.00  3.17700e+29
      3590.00  3.14500e+29
      3610.00  3.17900e+29
      3630.00  3.17400e+29
      3640.00  3.17200e+29
      3650.00  3.08100e+29
      3670.00  3.02100e+29
      3690.00  2.90232e+29
      3710.00  3.12858e+29
      3730.00  1.14359e+30
      3750.00  3.61716e+29
      3770.00  3.78485e+29
      3790.00  4.12091e+29
      3810.00  4.49158e+29
      3830.00  3.80504e+29
      3850.00  4.67814e+29
      3870.00  6.09362e+29
      3890.00  3.90778e+29
      3910.00  5.08000e+29
      3930.00  4.58300e+29
      3950.00  4.90900e+29
      3970.00  3.78516e+29
      3990.00  4.98400e+29
      4010.00  5.35200e+29
      4030.00  5.30700e+29
      4050.00  5.27800e+29
      4070.00  5.23154e+29
      4090.00  4.49578e+29
      4110.00  3.83360e+29
      4130.00  4.91300e+29
      4150.00  5.05700e+29
      4170.00  5.04400e+29
      4190.00  4.99100e+29
      4210.00  4.97100e+29
      4230.00  4.88900e+29
      4250.00  4.86900e+29
      4270.00  4.74600e+29
      4290.00  4.68200e+29
      4310.00  4.39700e+29
      4330.00  4.02886e+29
      4350.00  3.62636e+29
      4370.00  4.57759e+29
      4390.00  4.54800e+29
      4410.00  4.58600e+29
      4430.00  4.60800e+29
      4450.00  4.60500e+29
      4470.00  4.75247e+29
      4490.00  4.56902e+29
      4510.00  4.67700e+29
      4530.00  4.50900e+29
      4550.00  4.47700e+29
      4570.00  4.56000e+29
      4590.00  4.44400e+29
      4610.00  4.47200e+29
      4630.00  4.38400e+29
      4650.00  4.38200e+29
      4670.00  4.38500e+29
      4690.00  4.30800e+29
      4710.00  4.19600e+29
      4730.00  4.27000e+29
      4750.00  4.27700e+29
      4770.00  4.24000e+29
      4790.00  4.19600e+29
      4810.00  4.12600e+29
      4830.00  4.04300e+29
      4850.00  3.75450e+29
      4870.00  3.62038e+29
      4890.00  3.87200e+29
      4910.00  3.95700e+29
      4930.00  3.90700e+29
      4950.00  3.97000e+29
      4970.00  3.94900e+29
      4990.00  3.87750e+29
      5010.00  1.57804e+30
      5030.00  3.79138e+29
      5050.00  3.74300e+29
      5070.00  3.79200e+29
      5090.00  3.70900e+29
      5110.00  3.70700e+29
      5130.00  3.63800e+29
      5150.00  3.56900e+29
      5170.00  3.48600e+29
      5190.00  3.50896e+29
      5210.00  3.52805e+29
      5230.00  3.52700e+29
      5250.00  3.55600e+29
      5270.00  3.39400e+29
      5290.00  3.51800e+29
      5310.00  3.53500e+29
      5330.00  3.39500e+29
      5350.00  3.47400e+29
      5370.00  3.44400e+29
      5390.00  3.39900e+29
      5410.00  3.34900e+29
      5430.00  3.35100e+29
      5450.00  3.37700e+29
      5470.00  3.32400e+29
      5490.00  3.31100e+29
      5510.00  3.28400e+29
      5530.00  3.28900e+29
      5550.00  3.28800e+29
      5570.00  3.24000e+29
      5590.00  3.20100e+29
      5610.00  3.22100e+29
      5630.00  3.19700e+29
      5650.00  3.18700e+29
      5670.00  3.13800e+29
      5690.00  3.15600e+29
      5710.00  3.10100e+29
      5730.00  3.17300e+29
      5750.00  3.13519e+29
      5770.00  3.11309e+29
      5790.00  3.05500e+29
      5810.00  3.07900e+29
      5830.00  3.09100e+29
      5850.00  3.04302e+29
      5870.00  3.26197e+29
      5890.00  2.93719e+29
      5910.00  2.98300e+29
      5930.00  2.97300e+29
      5950.00  2.95600e+29
      5970.00  2.96100e+29
      5990.00  2.92300e+29
      6010.00  2.89200e+29
      6030.00  2.90100e+29
      6050.00  2.90800e+29
      6070.00  2.88900e+29
      6090.00  2.83600e+29
      6110.00  2.82300e+29
      6130.00  2.75200e+29
      6150.00  2.75200e+29
      6170.00  2.70800e+29
      6190.00  2.75300e+29
      6210.00  2.73400e+29
      6230.00  2.68400e+29
      6250.00  2.62500e+29
      6270.00  2.67600e+29
      6290.00  2.77608e+29
      6310.00  2.79918e+29
      6330.00  2.63924e+29
      6350.00  2.62100e+29
      6370.00  2.60700e+29
      6390.00  2.61400e+29
      6410.00  2.57600e+29
      6430.00  2.57700e+29
      6450.00  2.55700e+29
      6470.00  2.54700e+29
      6490.00  2.50400e+29
      6510.00  2.52200e+29
      6530.00  2.48805e+29
      6550.00  3.79798e+29
      6570.00  6.21758e+29
      6590.00  4.15370e+29
      6610.00  2.45769e+29
      6630.00  2.45400e+29
      6650.00  2.44402e+29
      6670.00  2.46495e+29
      6690.00  2.44908e+29
      6710.00  3.45986e+29
      6730.00  3.66512e+29
      6750.00  2.38417e+29
      6770.00  2.36900e+29
      6790.00  2.34900e+29
      6810.00  2.34100e+29
      6830.00  2.34100e+29
      6850.00  2.30500e+29
      6870.00  2.31200e+29
      6890.00  2.31800e+29
      6910.00  2.30200e+29
      6930.00  2.28600e+29
      6950.00  2.26900e+29
      6970.00  2.27300e+29
      6990.00  2.26100e+29
      7010.00  2.23000e+29
      7030.00  2.24000e+29
      7050.00  2.23300e+29
      7070.00  2.19400e+29
      7090.00  2.17000e+29
      7110.00  2.13933e+29
      7130.00  2.59629e+29
      7150.00  2.17825e+29
      7170.00  2.11200e+29
      7190.00  2.07700e+29
      7210.00  2.09300e+29
      7230.00  2.10000e+29
      7250.00  2.09900e+29
      7270.00  2.09300e+29
      7290.00  2.06500e+29
      7310.00  2.08672e+29
      7330.00  2.19334e+29
      7350.00  2.08772e+29
      7370.00  2.10400e+29
      7390.00  2.07200e+29
      7410.00  2.05700e+29
      7430.00  2.07700e+29
      7450.00  2.07200e+29
      7470.00  2.08000e+29
      7490.00  2.07100e+29
      7510.00  2.07500e+29
      7530.00  2.08600e+29
      7550.00  2.08900e+29
      7570.00  2.07700e+29
      7590.00  2.04700e+29
      7610.00  2.02000e+29
      7630.00  1.99200e+29
      7650.00  1.96400e+29
      7670.00  1.91400e+29
      7690.00  1.93300e+29
      7710.00  1.90600e+29
      7730.00  1.90500e+29
      7750.00  1.89000e+29
      7770.00  1.88800e+29
      7790.00  1.89800e+29
      7810.00  1.89300e+29
      7830.00  1.87900e+29
      7850.00  1.86100e+29
      7870.00  1.86400e+29
      7890.00  1.84400e+29
      7910.00  1.81500e+29
      7930.00  1.81200e+29
      7950.00  1.79800e+29
      7970.00  1.82700e+29
      7990.00  1.81600e+29
      8010.00  1.83000e+29
      8030.00  1.83000e+29
      8050.00  1.82200e+29
      8070.00  1.83200e+29
      8090.00  1.81800e+29
      8110.00  1.82300e+29
      8130.00  1.84600e+29
      8150.00  1.85500e+29
      8170.00  1.85900e+29
      8190.00  1.83000e+29
      8210.00  1.78000e+29
      8230.00  1.77300e+29
      8250.00  1.77000e+29
      8270.00  1.77300e+29
      8290.00  1.75700e+29
      8310.00  1.72400e+29
      8330.00  1.70900e+29
      8350.00  1.70600e+29
      8370.00  1.70300e+29
      8390.00  1.67000e+29
      8410.00  1.69000e+29
      8430.00  1.65300e+29
      8450.00  1.63000e+29
      8470.00  1.61000e+29
      8490.00  1.64000e+29
      8510.00  1.55600e+29
      8530.00  1.64100e+29
      8550.00  1.48100e+29
      8570.00  1.67700e+29
      8590.00  1.61200e+29
      8610.00  1.60700e+29
      8630.00  1.69400e+29
      8650.00  1.66100e+29
      8670.00  1.46800e+29
      8690.00  1.65600e+29
      8710.00  1.70600e+29
      8730.00  1.68650e+29
      8750.00  1.58124e+29
      8770.00  1.66795e+29
      8790.00  1.72100e+29
      8810.00  1.70900e+29
      8830.00  1.69903e+29
      8850.00  1.63758e+29
      8870.00  1.52658e+29
      8890.00  1.62427e+29
      8910.00  1.65500e+29
      8930.00  1.64300e+29
      8950.00  1.64400e+29
      8970.00  1.63700e+29
      8990.00  1.61187e+29
      9010.00  1.51308e+29
      9030.00  1.56828e+29
      9050.00  2.29670e+29
      9070.00  7.42267e+29
      9090.00  2.04020e+29
      9110.00  1.66321e+29
      9130.00  1.67400e+29
      9150.00  1.66400e+29
      9170.00  1.65600e+29
      9190.00  1.65001e+29
      9210.00  1.58544e+29
      9230.00  1.49719e+29
      9250.00  1.53502e+29
      9270.00  1.57000e+29
      9290.00  1.57300e+29
      9310.00  1.57600e+29
      9330.00  1.57800e+29
      9350.00  1.57100e+29
      9370.00  1.55300e+29
      9390.00  1.56400e+29
      9410.00  1.53900e+29
      9430.00  1.56500e+29
      9450.00  1.55100e+29
      9470.00  1.56500e+29
      9490.00  1.55700e+29
      9510.00  1.52406e+29
      9530.00  1.51039e+29
      9550.00  1.46159e+29
      9570.00  1.49418e+29
      9590.00  1.52900e+29
      9610.00  1.52100e+29
      9630.00  1.52200e+29
      9650.00  1.51200e+29
      9670.00  1.50700e+29
      9690.00  1.51600e+29
      9710.00  1.49800e+29
      9730.00  1.48400e+29
      9750.00  1.47600e+29
      9770.00  1.47800e+29
      9790.00  1.46600e+29
      9810.00  1.47800e+29
      9830.00  1.46800e+29
      9850.00  1.46700e+29
      9870.00  1.45700e+29
      9890.00  1.45200e+29
      9910.00  1.44800e+29
      9930.00  1.45000e+29
      9950.00  1.44900e+29
      9970.00  1.44500e+29
      9990.00  1.43600e+29
      10025.0  1.40474e+29
      10075.0  1.37226e+29
      10125.0  1.41600e+29
      10175.0  1.40400e+29
      10225.0  1.40300e+29
      10275.0  1.39900e+29
      10325.0  1.66066e+29
      10375.0  1.36902e+29
      10425.0  1.36500e+29
      10475.0  1.34300e+29
      10525.0  1.32700e+29
      10575.0  1.30400e+29
      10625.0  1.28800e+29
      10675.0  1.28486e+29
      10725.0  1.27525e+29
      10775.0  1.26300e+29
      10825.0  1.62039e+29
      10875.0  1.23107e+29
      10925.0  1.25930e+29
      10975.0  1.19256e+29
      11025.0  1.20000e+29
      11075.0  1.18400e+29
      11125.0  1.17700e+29
      11175.0  1.16600e+29
      11225.0  1.16300e+29
      11275.0  1.14600e+29
      11325.0  1.14000e+29
      11375.0  1.13300e+29
      11425.0  1.12000e+29
      11475.0  1.12300e+29
      11525.0  1.11600e+29
      11575.0  1.10300e+29
      11625.0  1.08700e+29
      11675.0  1.08100e+29
      11725.0  1.08100e+29
      11775.0  1.05900e+29
      11825.0  1.04900e+29
      11875.0  1.03200e+29
      11925.0  1.04000e+29
      11975.0  1.01500e+29
      12025.0  1.02300e+29
      12075.0  1.01300e+29
      12125.0  1.01000e+29
      12175.0  1.00700e+29
      12225.0  9.98600e+28
      12275.0  9.89600e+28
      12325.0  9.82200e+28
      12375.0  9.76000e+28
      12425.0  9.65400e+28
      12475.0  9.58700e+28
      12525.0  9.49800e+28
      12575.0  9.42600e+28
      12625.0  9.35800e+28
      12675.0  9.28300e+28
      12725.0  9.24000e+28
      12775.0  9.35031e+28
      12825.0  1.11610e+29
      12875.0  9.00014e+28
      12925.0  8.95100e+28
      12975.0  8.97100e+28
      13025.0  8.87400e+28
      13075.0  8.84300e+28
      13125.0  8.69400e+28
      13175.0  8.61600e+28
      13225.0  8.57300e+28
      13275.0  8.42800e+28
      13325.0  8.39800e+28
      13375.0  8.29600e+28
      13425.0  8.26400e+28
      13475.0  8.17200e+28
      13525.0  8.09400e+28
      13575.0  7.96000e+28
      13625.0  7.91400e+28
      13675.0  7.91600e+28
      13725.0  7.90400e+28
      13775.0  7.88200e+28
      13825.0  7.86200e+28
      13875.0  7.78500e+28
      13925.0  7.46700e+28
      13975.0  7.40800e+28
      14025.0  7.32900e+28
      14075.0  7.35000e+28
      14125.0  7.27400e+28
      14175.0  7.29900e+28
      14225.0  7.21500e+28
      14275.0  7.14400e+28
      14325.0  7.21000e+28
      14375.0  7.22000e+28
      14425.0  7.06800e+28
      14475.0  7.16900e+28
      14525.0  7.09000e+28
      14570.0  7.12100e+28
      14620.0  6.95600e+28
      14675.0  6.92300e+28
      14725.0  6.85800e+28
      14775.0  6.88100e+28
      14825.0  6.88900e+28
      14875.0  6.84100e+28
      14925.0  6.93600e+28
      14975.0  6.88200e+28
      15025.0  6.84000e+28
      15075.0  6.81200e+28
      15125.0  6.89000e+28
      15175.0  6.89900e+28
      15225.0  6.89100e+28
      15275.0  6.90300e+28
      15325.0  6.87800e+28
      15375.0  6.86300e+28
      15425.0  6.78300e+28
      15475.0  6.82000e+28
      15525.0  6.78100e+28
      15575.0  6.56700e+28
      15625.0  6.64900e+28
      15675.0  6.60900e+28
      15725.0  6.67600e+28
      15775.0  6.44200e+28
      15825.0  6.40600e+28
      15875.0  6.30700e+28
      15925.0  6.55200e+28
      15975.0  6.45200e+28
      16050.0  6.43800e+28
      16150.0  6.46500e+28
      16250.0  6.36200e+28
      16350.0  6.46800e+28
      16450.0  6.58199e+28
      16550.0  6.38000e+28
      16650.0  6.25100e+28
      16750.0  6.19100e+28
      16850.0  6.04500e+28
      16950.0  6.11100e+28
      17050.0  6.00400e+28
      17150.0  5.90700e+28
      17250.0  5.77400e+28
      17350.0  5.52400e+28
      17450.0  5.49700e+28
      17550.0  5.38800e+28
      17650.0  5.24900e+28
      17750.0  5.09600e+28
      17850.0  4.97600e+28
      17950.0  4.83100e+28
      18050.0  4.68900e+28
      18150.0  4.53000e+28
      18250.0  4.51000e+28
      18350.0  4.46500e+28
      18450.0  4.37000e+28
      18550.0  4.30400e+28
      18650.0  4.18700e+28
      18750.0  7.62061e+28
      18850.0  4.07600e+28
      18950.0  3.96500e+28
      19050.0  3.98600e+28
      19150.0  3.92200e+28
      19250.0  3.87300e+28
      19350.0  3.78700e+28
      19450.0  3.87050e+28
      19550.0  3.67500e+28
      19650.0  3.61100e+28
      19750.0  3.53200e+28
      19850.0  3.48700e+28
      19950.0  3.44700e+28
      20050.0  3.42300e+28
      20150.0  3.38400e+28
      20250.0  3.32200e+28
      20350.0  3.29100e+28
      20450.0  3.28900e+28
      20550.0  3.29431e+28
      20650.0  3.21548e+28
      20750.0  3.19200e+28
      20850.0  3.16100e+28
      20950.0  3.12200e+28
      21050.0  3.11300e+28
      21150.0  3.07212e+28
      21250.0  3.13339e+28
      21350.0  3.02300e+28
      21450.0  2.99000e+28
      21550.0  2.95100e+28
      21650.0  3.16354e+28
      21750.0  2.86403e+28
      21850.0  2.83900e+28
      21950.0  2.81100e+28
      22050.0  2.75600e+28
      22150.0  2.74100e+28
      22250.0  2.68800e+28
      22350.0  2.65500e+28
      22450.0  2.62200e+28
      22550.0  2.58800e+28
      22650.0  2.54400e+28
      22750.0  2.52300e+28
      22850.0  2.47100e+28
      22950.0  2.16400e+28
      23050.0  2.26300e+28
      23150.0  2.24500e+28
      23250.0  1.99200e+28
      23350.0  2.09600e+28
      23450.0  2.01700e+28
      23550.0  1.84700e+28
      23650.0  1.94800e+28
      23750.0  1.87600e+28
      23850.0  1.74300e+28
      23950.0  1.81100e+28
      24050.0  1.76800e+28
      24150.0  1.64600e+28
      24250.0  1.68000e+28
      24350.0  1.63300e+28
      24450.0  1.55100e+28
      24550.0  1.52000e+28
      24650.0  1.51600e+28
      24750.0  1.45800e+28
      24850.0  1.35800e+28
      24950.0  1.33800e+28
      25050.0  1.35200e+28
      25150.0  1.27400e+28
      25250.0  1.28600e+28
      25350.0  1.28200e+28
      25450.0  1.25800e+28
      25550.0  1.24400e+28
      25650.0  1.23700e+28
      25750.0  1.24900e+28
      25850.0  1.21100e+28
      25950.0  1.21500e+28
      26050.0  1.21300e+28
      26150.0  1.18423e+28
      26250.0  1.59170e+28
      26350.0  1.17441e+28
      26450.0  1.16500e+28
      26550.0  1.14900e+28
      26650.0  1.12600e+28
      26750.0  1.12800e+28
      26850.0  1.12400e+28
      26950.0  1.10100e+28
      27050.0  1.10100e+28
      27150.0  1.08900e+28
      27250.0  1.08400e+28
      27350.0  1.06100e+28
      27450.0  1.05700e+28
      27550.0  1.04100e+28
      27650.0  1.03200e+28
      27750.0  1.01900e+28
      27850.0  1.01600e+28
      27950.0  1.01100e+28
      28050.0  9.98600e+27
      28150.0  9.84600e+27
      28250.0  9.78900e+27
      28350.0  9.72500e+27
      28450.0  9.61700e+27
      28550.0  9.51500e+27
      28650.0  9.40800e+27
      28750.0  9.23600e+27
      28850.0  9.24200e+27
      28950.0  9.17100e+27
      29050.0  9.09100e+27
      29150.0  9.01400e+27
      29250.0  8.87900e+27
      29350.0  8.85900e+27
      29450.0  8.73900e+27
      29550.0  8.66900e+27
      29650.0  8.61100e+27
      29750.0  8.52500e+27
      29850.0  8.43600e+27
      29950.0  8.36400e+27
      30050.0  8.28500e+27
      30150.0  8.24100e+27
      30250.0  8.15400e+27
      30350.0  8.00400e+27
      30450.0  8.01900e+27
      30550.0  7.97600e+27
      30650.0  7.92300e+27
      30750.0  7.88300e+27
      30850.0  7.81100e+27
      30950.0  7.77200e+27
      31050.0  7.73500e+27
      31150.0  7.63400e+27
      31250.0  7.60700e+27
      31350.0  7.54900e+27
      31450.0  7.49300e+27
      31550.0  7.43100e+27
      31650.0  7.36800e+27
      31750.0  7.32200e+27
      31850.0  7.26900e+27
      31950.0  7.22600e+27
      32100.0  7.14200e+27
      32300.0  7.03800e+27
      32500.0  6.94100e+27
      32700.0  6.82500e+27
      32900.0  6.65000e+27
      33100.0  6.58800e+27
      33300.0  6.49200e+27
      33500.0  6.39900e+27
      33700.0  6.28700e+27
      33900.0  6.17800e+27
      34100.0  6.06800e+27
      34300.0  5.97600e+27
      34500.0  5.87400e+27
      34700.0  5.76800e+27
      34900.0  5.67000e+27
      35100.0  5.57500e+27
      35300.0  5.46600e+27
      35500.0  5.37500e+27
      35700.0  5.27500e+27
      35900.0  5.18200e+27
      36100.0  5.10100e+27
      36300.0  5.00600e+27
      36500.0  4.90600e+27
      36700.0  4.82000e+27
      36900.0  4.71800e+27
      37100.0  4.63400e+27
      37300.0  4.55100e+27
      37500.0  4.44000e+27
      37700.0  4.39300e+27
      37900.0  4.30900e+27
      38100.0  4.23400e+27
      38300.0  4.16100e+27
      38500.0  4.09100e+27
      38700.0  4.00600e+27
      38900.0  3.93400e+27
      39100.0  3.85700e+27
      39300.0  3.79800e+27
      39500.0  3.71600e+27
      39700.0  3.65300e+27
      39900.0  3.57300e+27
      40100.0  3.51500e+27
      40300.0  3.45501e+27
      40500.0  8.51380e+27
      40700.0  3.33311e+27
      40900.0  3.27700e+27
      41100.0  3.22400e+27
      41300.0  3.16900e+27
      41500.0  3.10900e+27
      41700.0  3.04400e+27
      41900.0  3.00500e+27
      42100.0  2.94900e+27
      42300.0  2.90900e+27
      42500.0  2.85500e+27
      42700.0  2.81200e+27
      42900.0  2.69200e+27
      43100.0  2.58200e+27
      43300.0  2.57600e+27
      43500.0  2.47000e+27
      43700.0  2.40600e+27
      43900.0  2.36800e+27
      44100.0  2.27500e+27
      44300.0  2.25100e+27
      44500.0  2.20900e+27
      44700.0  2.13200e+27
      44900.0  2.12900e+27
      45100.0  2.08000e+27
      45300.0  2.02400e+27
      45500.0  2.01600e+27
      45700.0  1.99000e+27
      45900.0  1.92700e+27
      46100.0  1.92800e+27
      46300.0  1.89000e+27
      46500.0  1.85500e+27
      46700.0  1.84200e+27
      46900.0  1.81800e+27
      47100.0  1.78500e+27
      47300.0  1.78100e+27
      47500.0  1.74600e+27
      47700.0  1.72300e+27
      47900.0  1.70100e+27
      48100.0  1.66700e+27
      48300.0  1.66400e+27
      48500.0  1.63400e+27
      48700.0  1.60500e+27
      48900.0  1.58600e+27
      49100.0  1.56300e+27
      49300.0  1.54200e+27
      49500.0  1.51700e+27
      49700.0  1.50500e+27
      49900.0  1.48000e+27
      50100.0  1.46400e+27
      50300.0  1.44500e+27
      50500.0  1.41700e+27
      50700.0  1.40300e+27
      50900.0  1.38600e+27
      51100.0  1.36200e+27
      51300.0  1.34300e+27
      51500.0  1.32800e+27
      51700.0  1.32100e+27
      51900.0  1.29900e+27
      52100.0  1.28200e+27
      52300.0  1.26300e+27
      52500.0  1.25100e+27
      52700.0  1.24300e+27
      52900.0  1.21700e+27
      53100.0  1.20000e+27
      53300.0  1.18900e+27
      53500.0  1.17400e+27
      53700.0  1.16000e+27
      53900.0  1.14700e+27
      54100.0  1.13300e+27
      54300.0  1.11400e+27
      54500.0  1.10700e+27
      54700.0  1.08900e+27
      54900.0  1.07800e+27
      55100.0  1.06300e+27
      55300.0  1.06200e+27
      55500.0  1.03800e+27
      55700.0  1.03300e+27
      55900.0  1.01600e+27
      56100.0  1.00800e+27
      56300.0  9.91000e+26
      56500.0  9.84500e+26
      56700.0  9.72300e+26
      56900.0  9.56000e+26
      57100.0  9.50500e+26
      57300.0  9.39100e+26
      57500.0  9.27900e+26
      57700.0  9.16000e+26
      57900.0  9.08500e+26
      58100.0  8.95600e+26
      58300.0  8.85900e+26
      58500.0  8.74100e+26
      58700.0  8.61300e+26
      58900.0  8.51700e+26
      59100.0  8.39100e+26
      59300.0  8.33900e+26
      59500.0  8.22900e+26
      59700.0  8.15800e+26
      59900.0  8.06400e+26
      60100.0  7.97300e+26
      60300.0  7.88000e+26
      60500.0  7.77200e+26
      60700.0  7.68800e+26
      60900.0  7.59800e+26
      61100.0  7.50400e+26
      61300.0  7.43200e+26
      61500.0  7.35500e+26
      61700.0  7.28400e+26
      61900.0  7.19700e+26
      62100.0  7.12500e+26
      62300.0  7.03200e+26
      62500.0  6.94200e+26
      62700.0  6.86800e+26
      62900.0  6.79500e+26
      63100.0  6.71700e+26
      63300.0  6.65700e+26
      63500.0  6.57500e+26
      63700.0  6.51700e+26
      63900.0  6.43000e+26
      64200.0  6.33100e+26
      64600.0  6.18800e+26
      65000.0  6.05500e+26
      65400.0  5.92400e+26
      65800.0  5.80100e+26
      66200.0  5.67400e+26
      66600.0  5.55400e+26
      67000.0  5.43800e+26
      67400.0  5.32000e+26
      67800.0  5.20900e+26
      68200.0  5.09900e+26
      68600.0  4.99600e+26
      69000.0  4.89000e+26
      69400.0  4.78900e+26
      69800.0  4.69100e+26
      70200.0  4.59400e+26
      70600.0  4.50200e+26
      71000.0  4.41000e+26
      71400.0  4.32100e+26
      71800.0  4.23300e+26
      72200.0  4.14800e+26
      72600.0  4.06400e+26
      73000.0  3.98400e+26
      73400.0  3.90400e+26
      73800.0  3.82700e+26
      74200.0  3.74100e+26
      74600.0  3.65800e+26
      75000.0  3.58800e+26
      75400.0  3.52300e+26
      75800.0  3.45500e+26
      76200.0  3.38600e+26
      76600.0  3.31900e+26
      77000.0  3.25200e+26
      77400.0  3.18900e+26
      77800.0  3.12600e+26
      78200.0  3.06500e+26
      78600.0  3.00600e+26
      79000.0  2.94800e+26
      79400.0  2.89100e+26
      79800.0  2.83300e+26
      80200.0  2.77600e+26
      80600.0  2.72000e+26
      81000.0  2.66700e+26
      81400.0  2.61300e+26
      81800.0  2.56300e+26
      82200.0  2.51300e+26
      82600.0  2.46400e+26
      83000.0  2.41600e+26
      83400.0  2.36900e+26
      83800.0  2.32400e+26
      84200.0  2.28000e+26
      84600.0  2.23700e+26
      85000.0  2.19500e+26
      85400.0  2.15300e+26
      85800.0  2.11300e+26
      86200.0  2.07400e+26
      86600.0  2.03500e+26
      87000.0  1.99800e+26
      87400.0  1.96100e+26
      87800.0  1.92500e+26
      88200.0  1.89000e+26
      88600.0  1.85600e+26
      89000.0  1.82200e+26
      89400.0  1.79000e+26
      89800.0  1.75700e+26
      90200.0  1.72700e+26
      90600.0  1.69600e+26
      91000.0  1.66600e+26
      91400.0  1.63400e+26
      91800.0  1.60500e+26
      92200.0  1.57800e+26
      92600.0  1.55000e+26
      93000.0  1.52400e+26
      93400.0  1.49800e+26
      93800.0  1.47200e+26
      94200.0  1.44700e+26
      94600.0  1.42500e+26
      95000.0  1.40400e+26
      95400.0  1.38400e+26
      95800.0  1.36400e+26
      96200.0  1.34400e+26
      96600.0  1.32600e+26
      97000.0  1.30700e+26
      97400.0  1.28800e+26
      97800.0  1.27000e+26
      98200.0  1.25200e+26
      98600.0  1.23500e+26
      99000.0  1.21800e+26
      99400.0  1.20100e+26
      99800.0  1.18400e+26
      100200.  1.16800e+26
      200000.  1.13800e+25
      400000.  1.64800e+24
      600000.  6.54100e+23
      800000.  3.61200e+23
  1.00000e+06  2.32200e+23
  1.20000e+06  1.64900e+23
  1.40000e+06  1.23400e+23
  1.60000e+06  9.59200e+22
