      91.0000      0.00000
      94.0000      0.00000
      96.0000      0.00000
      98.0000      0.00000
      100.000      0.00000
      102.000      0.00000
      104.000      0.00000
      106.000      0.00000
      108.000      0.00000
      110.000      0.00000
      114.000      0.00000
      118.000      0.00000
      121.000      0.00000
      125.000      0.00000
      127.000      0.00000
      128.000      0.00000
      131.000      0.00000
      132.000      0.00000
      134.000      0.00000
      137.000      0.00000
      140.000      0.00000
      143.000      0.00000
      147.000      0.00000
      151.000      0.00000
      155.000      0.00000
      159.000      0.00000
      162.000      0.00000
      166.000      0.00000
      170.000      0.00000
      173.000      0.00000
      177.000      0.00000
      180.000      0.00000
      182.000      0.00000
      186.000      0.00000
      191.000      0.00000
      194.000      0.00000
      198.000      0.00000
      202.000      0.00000
      205.000      0.00000
      210.000      0.00000
      216.000      0.00000
      220.000      0.00000
      223.000      0.00000
      227.000      0.00000
      230.000      0.00000
      234.000      0.00000
      240.000      0.00000
      246.000      0.00000
      252.000      0.00000
      257.000      0.00000
      260.000      0.00000
      264.000      0.00000
      269.000      0.00000
      274.000      0.00000
      279.000      0.00000
      284.000      0.00000
      290.000      0.00000
      296.000      0.00000
      301.000      0.00000
      308.000      0.00000
      318.000      0.00000
      328.000      0.00000
      338.000      0.00000
      348.000      0.00000
      357.000      0.00000
      366.000      0.00000
      375.000      0.00000
      385.000      0.00000
      395.000      0.00000
      405.000      0.00000
      414.000      0.00000
      422.000      0.00000
      430.000      0.00000
      441.000      0.00000
      451.000      0.00000
      460.000      0.00000
      470.000      0.00000
      480.000      0.00000
      490.000      0.00000
      500.000      0.00000
      506.000      0.00000
      512.000      0.00000
      520.000      0.00000
      530.000      0.00000
      540.000      0.00000
      550.000      0.00000
      560.000      0.00000
      570.000      0.00000
      580.000      0.00000
      590.000      0.00000
      600.000      0.00000
      610.000      0.00000
      620.000      0.00000
      630.000      0.00000
      640.000      0.00000
      650.000      0.00000
      658.000      0.00000
      665.000      0.00000
      675.000      0.00000
      685.000      0.00000
      695.000      0.00000
      705.000      0.00000
      716.000      0.00000
      726.000      0.00000
      735.000      0.00000
      745.000      0.00000
      755.000      0.00000
      765.000      0.00000
      775.000      0.00000
      785.000      0.00000
      795.000      0.00000
      805.000      0.00000
      815.000      0.00000
      825.000      0.00000
      835.000      0.00000
      845.000      0.00000
      855.000      0.00000
      865.000      0.00000
      875.000      0.00000
      885.000      0.00000
      895.000      0.00000
      905.000      0.00000
      915.000  1.61900e+28
      925.000  3.85500e+28
      935.000  6.03200e+28
      945.000  7.89700e+28
      955.000  9.16700e+28
      965.000  9.76800e+28
      975.000  3.60700e+28
      985.000  7.49100e+28
      995.000  7.40400e+28
      1005.00  9.57400e+28
      1015.00  9.92600e+28
      1025.00  6.98800e+28
      1035.00  8.65200e+28
      1045.00  1.22800e+29
      1055.00  1.18800e+29
      1065.00  9.91100e+28
      1075.00  1.10900e+29
      1085.00  9.67300e+28
      1095.00  1.16500e+29
      1105.00  1.12600e+29
      1115.00  1.10400e+29
      1125.00  9.73000e+28
      1135.00  1.18400e+29
      1145.00  1.11700e+29
      1155.00  1.13500e+29
      1165.00  1.12600e+29
      1175.00  7.50100e+28
      1185.00  1.07500e+29
      1195.00  8.87800e+28
      1205.00  7.44600e+28
      1215.00  6.24900e+28
      1225.00  8.96600e+28
      1235.00  1.13300e+29
      1245.00  1.19700e+29
      1255.00  1.16800e+29
      1265.00  1.10000e+29
      1275.00  1.29300e+29
      1285.00  1.33800e+29
      1295.00  1.12900e+29
      1305.00  1.12300e+29
      1315.00  1.32900e+29
      1325.00  1.28000e+29
      1335.00  1.22174e+29
      1345.00  1.31700e+29
      1355.00  1.27300e+29
      1365.00  1.16300e+29
      1375.00  1.18100e+29
      1385.00  1.16900e+29
      1395.00  9.22100e+28
      1405.00  9.14800e+28
      1415.00  1.08400e+29
      1425.00  1.08100e+29
      1435.00  1.10800e+29
      1442.00  1.14500e+29
      1447.00  1.16100e+29
      1455.00  1.12400e+29
      1465.00  1.05400e+29
      1475.00  1.06500e+29
      1485.00  1.08800e+29
      1495.00  1.09400e+29
      1505.00  1.04700e+29
      1512.00  9.55400e+28
      1517.00  1.00800e+29
      1525.00  9.83000e+28
      1535.00  8.50700e+28
      1545.00  8.44400e+28
      1555.00  8.24500e+28
      1565.00  8.90100e+28
      1575.00  9.58500e+28
      1585.00  1.00100e+29
      1595.00  1.01300e+29
      1605.00  9.84600e+28
      1615.00  9.72300e+28
      1625.00  9.34700e+28
      1635.00  9.85500e+28
      1645.00  9.97000e+28
      1655.00  9.37500e+28
      1665.00  9.98739e+28
      1672.00  8.83700e+28
      1677.00  1.04000e+29
      1685.00  1.05500e+29
      1695.00  9.87600e+28
      1705.00  9.57700e+28
      1715.00  9.17400e+28
      1725.00  9.06000e+28
      1735.00  9.63800e+28
      1745.00  9.40400e+28
      1755.00  9.89900e+28
      1765.00  9.09100e+28
      1775.00  9.21800e+28
      1785.00  9.33900e+28
      1795.00  9.90000e+28
      1805.00  9.70600e+28
      1815.00  9.06900e+28
      1825.00  9.07300e+28
      1835.00  8.72100e+28
      1845.00  7.93200e+28
      1855.00  8.10800e+28
      1865.00  8.39200e+28
      1875.00  8.69600e+28
      1885.00  8.09100e+28
      1895.00  7.86100e+28
      1905.00  8.40819e+28
      1915.00  7.77809e+28
      1925.00  7.39700e+28
      1935.00  7.21600e+28
      1945.00  7.86700e+28
      1955.00  7.33600e+28
      1967.00  7.92800e+28
      1976.00  7.92600e+28
      1984.00  7.56600e+28
      1995.00  7.28900e+28
      2005.00  7.26000e+28
      2015.00  7.01900e+28
      2025.00  6.99400e+28
      2035.00  6.83500e+28
      2045.00  7.05300e+28
      2055.00  6.44000e+28
      2065.00  6.42300e+28
      2074.00  7.06200e+28
      2078.00  7.06200e+28
      2085.00  7.22300e+28
      2095.00  6.75300e+28
      2105.00  6.56900e+28
      2115.00  6.67200e+28
      2125.00  6.64500e+28
      2135.00  6.13265e+28
      2145.00  6.49370e+28
      2155.00  6.65300e+28
      2165.00  6.33800e+28
      2175.00  6.32900e+28
      2185.00  6.42100e+28
      2195.00  6.72600e+28
      2205.00  6.50700e+28
      2215.00  6.01900e+28
      2225.00  5.95100e+28
      2235.00  6.53800e+28
      2245.00  6.26500e+28
      2255.00  5.85400e+28
      2265.00  5.97300e+28
      2275.00  6.25500e+28
      2285.00  6.63100e+28
      2295.00  6.15500e+28
      2305.00  6.46400e+28
      2315.00  6.18601e+28
      2325.00  5.66328e+28
      2335.00  5.55142e+28
      2345.00  5.13000e+28
      2355.00  6.10600e+28
      2365.00  5.23600e+28
      2375.00  5.67400e+28
      2385.00  4.87500e+28
      2395.00  5.34500e+28
      2405.00  5.23300e+28
      2415.00  5.47700e+28
      2425.00  6.34800e+28
      2435.00  6.19300e+28
      2445.00  6.68900e+28
      2455.00  6.70800e+28
      2465.00  6.62600e+28
      2475.00  6.27800e+28
      2485.00  6.10200e+28
      2495.00  5.66700e+28
      2505.00  7.02200e+28
      2513.00  5.57900e+28
      2518.00  5.41400e+28
      2525.00  5.36200e+28
      2535.00  5.71000e+28
      2545.00  5.76000e+28
      2555.00  6.59600e+28
      2565.00  6.18900e+28
      2575.00  6.74800e+28
      2585.00  6.59100e+28
      2595.00  6.39300e+28
      2605.00  6.07100e+28
      2615.00  5.82500e+28
      2625.00  6.57600e+28
      2635.00  7.32200e+28
      2645.00  8.52300e+28
      2655.00  9.21700e+28
      2665.00  7.73000e+28
      2675.00  8.32200e+28
      2685.00  8.53800e+28
      2695.00  7.66900e+28
      2705.00  8.22400e+28
      2715.00  7.36200e+28
      2725.00  7.28300e+28
      2735.00  7.85600e+28
      2745.00  6.05300e+28
      2755.00  6.60500e+28
      2765.00  7.21400e+28
      2775.00  7.73100e+28
      2785.00  6.50000e+28
      2795.00  4.50471e+28
      2805.00  4.86270e+28
      2815.00  7.54500e+28
      2825.00  8.72200e+28
      2835.00  8.43700e+28
      2845.00  7.95400e+28
      2855.00  6.88800e+28
      2865.00  8.73300e+28
      2875.00  9.05400e+28
      2885.00  8.82800e+28
      2895.00  8.93400e+28
      2910.00  1.03800e+29
      2930.00  9.74300e+28
      2950.00  9.50800e+28
      2970.00  9.88700e+28
      2990.00  9.98300e+28
      3010.00  1.02300e+29
      3030.00  1.02700e+29
      3050.00  1.04700e+29
      3070.00  1.07000e+29
      3090.00  1.08300e+29
      3110.00  1.10000e+29
      3130.00  1.07700e+29
      3150.00  1.08600e+29
      3170.00  1.11200e+29
      3190.00  1.02900e+29
      3210.00  1.09400e+29
      3230.00  1.00700e+29
      3250.00  1.14100e+29
      3270.00  1.22400e+29
      3290.00  1.21400e+29
      3310.00  1.21300e+29
      3330.00  1.21100e+29
      3350.00  1.19200e+29
      3370.00  1.09200e+29
      3390.00  1.13800e+29
      3410.00  1.14900e+29
      3430.00  1.17300e+29
      3450.00  1.19400e+29
      3470.00  1.20000e+29
      3490.00  1.24800e+29
      3510.00  1.28800e+29
      3530.00  1.23000e+29
      3550.00  1.33000e+29
      3570.00  1.14800e+29
      3590.00  1.14100e+29
      3610.00  1.23400e+29
      3630.00  1.26100e+29
      3640.00  1.27900e+29
      3650.00  1.36800e+29
      3670.00  1.35800e+29
      3690.00  1.27221e+29
      3710.00  1.38871e+29
      3730.00  1.76970e+29
      3750.00  1.41655e+29
      3770.00  1.56879e+29
      3790.00  1.70638e+29
      3810.00  1.82004e+29
      3830.00  1.40662e+29
      3850.00  1.81101e+29
      3870.00  1.97819e+29
      3890.00  1.61561e+29
      3910.00  2.05800e+29
      3930.00  1.38000e+29
      3950.00  1.88200e+29
      3970.00  1.30909e+29
      3990.00  2.24000e+29
      4010.00  2.42900e+29
      4030.00  2.43400e+29
      4050.00  2.38900e+29
      4070.00  2.32415e+29
      4090.00  2.33767e+29
      4110.00  2.07949e+29
      4130.00  2.39700e+29
      4150.00  2.44300e+29
      4170.00  2.44800e+29
      4190.00  2.42800e+29
      4210.00  2.45000e+29
      4230.00  2.39900e+29
      4250.00  2.45300e+29
      4270.00  2.37300e+29
      4290.00  2.31200e+29
      4310.00  2.10700e+29
      4330.00  2.30844e+29
      4350.00  2.15847e+29
      4370.00  2.58976e+29
      4390.00  2.48000e+29
      4410.00  2.54000e+29
      4430.00  2.62100e+29
      4450.00  2.63700e+29
      4470.00  2.73225e+29
      4490.00  2.74500e+29
      4510.00  2.96300e+29
      4530.00  2.73400e+29
      4550.00  2.78400e+29
      4570.00  2.93700e+29
      4590.00  2.81800e+29
      4610.00  2.88300e+29
      4630.00  2.82300e+29
      4650.00  2.85800e+29
      4670.00  2.92300e+29
      4690.00  2.87100e+29
      4710.00  2.79000e+29
      4730.00  2.89000e+29
      4750.00  2.94300e+29
      4770.00  2.93000e+29
      4790.00  2.92000e+29
      4810.00  2.90100e+29
      4830.00  2.92400e+29
      4850.00  2.68882e+29
      4870.00  2.40917e+29
      4890.00  2.82600e+29
      4910.00  2.85500e+29
      4930.00  2.81500e+29
      4950.00  2.91800e+29
      4970.00  2.90500e+29
      4990.00  2.75403e+29
      5010.00  3.45167e+29
      5030.00  2.77103e+29
      5050.00  2.75500e+29
      5070.00  2.84500e+29
      5090.00  2.73600e+29
      5110.00  2.77800e+29
      5130.00  2.70400e+29
      5150.00  2.63200e+29
      5170.00  2.52700e+29
      5190.00  2.57527e+29
      5210.00  2.67061e+29
      5230.00  2.76000e+29
      5250.00  2.83500e+29
      5270.00  2.59700e+29
      5290.00  2.84200e+29
      5310.00  2.93800e+29
      5330.00  2.70400e+29
      5350.00  2.87800e+29
      5370.00  2.86300e+29
      5390.00  2.81500e+29
      5410.00  2.77100e+29
      5430.00  2.80700e+29
      5450.00  2.87800e+29
      5470.00  2.82300e+29
      5490.00  2.83300e+29
      5510.00  2.81500e+29
      5530.00  2.86200e+29
      5550.00  2.89100e+29
      5570.00  2.83800e+29
      5590.00  2.79400e+29
      5610.00  2.86400e+29
      5630.00  2.85200e+29
      5650.00  2.87000e+29
      5670.00  2.81200e+29
      5690.00  2.87300e+29
      5710.00  2.80100e+29
      5730.00  2.96200e+29
      5750.00  2.88151e+29
      5770.00  2.90607e+29
      5790.00  2.82600e+29
      5810.00  2.90100e+29
      5830.00  2.95400e+29
      5850.00  2.88800e+29
      5870.00  2.90777e+29
      5890.00  2.69366e+29
      5910.00  2.85800e+29
      5930.00  2.86500e+29
      5950.00  2.86500e+29
      5970.00  2.89400e+29
      5990.00  2.85400e+29
      6010.00  2.81700e+29
      6030.00  2.86000e+29
      6050.00  2.89600e+29
      6070.00  2.88300e+29
      6090.00  2.80600e+29
      6110.00  2.80800e+29
      6130.00  2.69600e+29
      6150.00  2.74200e+29
      6170.00  2.66300e+29
      6190.00  2.77600e+29
      6210.00  2.75900e+29
      6230.00  2.69400e+29
      6250.00  2.61500e+29
      6270.00  2.71600e+29
      6290.00  2.74986e+29
      6310.00  2.69457e+29
      6330.00  2.71009e+29
      6350.00  2.71300e+29
      6370.00  2.70200e+29
      6390.00  2.73000e+29
      6410.00  2.68000e+29
      6430.00  2.69900e+29
      6450.00  2.68600e+29
      6470.00  2.68000e+29
      6490.00  2.62900e+29
      6510.00  2.69100e+29
      6530.00  2.68000e+29
      6550.00  2.66790e+29
      6570.00  2.62284e+29
      6590.00  2.74999e+29
      6610.00  2.67305e+29
      6630.00  2.66500e+29
      6650.00  2.66300e+29
      6670.00  2.62563e+29
      6690.00  2.66354e+29
      6710.00  2.66337e+29
      6730.00  2.72564e+29
      6750.00  2.60092e+29
      6770.00  2.61100e+29
      6790.00  2.59000e+29
      6810.00  2.59000e+29
      6830.00  2.60800e+29
      6850.00  2.55400e+29
      6870.00  2.58200e+29
      6890.00  2.60700e+29
      6910.00  2.59300e+29
      6930.00  2.57700e+29
      6950.00  2.56500e+29
      6970.00  2.58200e+29
      6990.00  2.56800e+29
      7010.00  2.52500e+29
      7030.00  2.56200e+29
      7050.00  2.57200e+29
      7070.00  2.52400e+29
      7090.00  2.48400e+29
      7110.00  2.44209e+29
      7130.00  2.44484e+29
      7150.00  2.41275e+29
      7170.00  2.42500e+29
      7190.00  2.37300e+29
      7210.00  2.41500e+29
      7230.00  2.44700e+29
      7250.00  2.45300e+29
      7270.00  2.45800e+29
      7290.00  2.41800e+29
      7310.00  2.46019e+29
      7330.00  2.47097e+29
      7350.00  2.47419e+29
      7370.00  2.51400e+29
      7390.00  2.46800e+29
      7410.00  2.44900e+29
      7430.00  2.49300e+29
      7450.00  2.49600e+29
      7470.00  2.51400e+29
      7490.00  2.50500e+29
      7510.00  2.52400e+29
      7530.00  2.54700e+29
      7550.00  2.56000e+29
      7570.00  2.54600e+29
      7590.00  2.51300e+29
      7610.00  2.48900e+29
      7630.00  2.46300e+29
      7650.00  2.43500e+29
      7670.00  2.35400e+29
      7690.00  2.40300e+29
      7710.00  2.36300e+29
      7730.00  2.37000e+29
      7750.00  2.35000e+29
      7770.00  2.37300e+29
      7790.00  2.38700e+29
      7810.00  2.38300e+29
      7830.00  2.36200e+29
      7850.00  2.34100e+29
      7870.00  2.36400e+29
      7890.00  2.33200e+29
      7910.00  2.28700e+29
      7930.00  2.28600e+29
      7950.00  2.26700e+29
      7970.00  2.32800e+29
      7990.00  2.32300e+29
      8010.00  2.34100e+29
      8030.00  2.34500e+29
      8050.00  2.33800e+29
      8070.00  2.35200e+29
      8090.00  2.32900e+29
      8110.00  2.34400e+29
      8130.00  2.38300e+29
      8150.00  2.39700e+29
      8170.00  2.40900e+29
      8190.00  2.35700e+29
      8210.00  2.32600e+29
      8230.00  2.33300e+29
      8250.00  2.33400e+29
      8270.00  2.35300e+29
      8290.00  2.33500e+29
      8310.00  2.27800e+29
      8330.00  2.26400e+29
      8350.00  2.27000e+29
      8370.00  2.27800e+29
      8390.00  2.21900e+29
      8410.00  2.27400e+29
      8430.00  2.20400e+29
      8450.00  2.18400e+29
      8470.00  2.17700e+29
      8490.00  2.19500e+29
      8510.00  2.09500e+29
      8530.00  2.19300e+29
      8550.00  1.99800e+29
      8570.00  2.23800e+29
      8590.00  2.19300e+29
      8610.00  2.19800e+29
      8630.00  2.25400e+29
      8650.00  2.24600e+29
      8670.00  2.01400e+29
      8690.00  2.20000e+29
      8710.00  2.26300e+29
      8730.00  2.26611e+29
      8750.00  2.19369e+29
      8770.00  2.26914e+29
      8790.00  2.29500e+29
      8810.00  2.26100e+29
      8830.00  2.27200e+29
      8850.00  2.24677e+29
      8870.00  2.14358e+29
      8890.00  2.22302e+29
      8910.00  2.24700e+29
      8930.00  2.21400e+29
      8950.00  2.21500e+29
      8970.00  2.21900e+29
      8990.00  2.21506e+29
      9010.00  2.10549e+29
      9030.00  2.19375e+29
      9050.00  2.31332e+29
      9070.00  2.68187e+29
      9090.00  2.24714e+29
      9110.00  2.25002e+29
      9130.00  2.28000e+29
      9150.00  2.26700e+29
      9170.00  2.26400e+29
      9190.00  2.27800e+29
      9210.00  2.19947e+29
      9230.00  2.10490e+29
      9250.00  2.14729e+29
      9270.00  2.17100e+29
      9290.00  2.16000e+29
      9310.00  2.17100e+29
      9330.00  2.17100e+29
      9350.00  2.16200e+29
      9370.00  2.13300e+29
      9390.00  2.16000e+29
      9410.00  2.11400e+29
      9430.00  2.16400e+29
      9450.00  2.13700e+29
      9470.00  2.17400e+29
      9490.00  2.17300e+29
      9510.00  2.14000e+29
      9530.00  2.13335e+29
      9550.00  2.05105e+29
      9570.00  2.11623e+29
      9590.00  2.15300e+29
      9610.00  2.12800e+29
      9630.00  2.13200e+29
      9650.00  2.10600e+29
      9670.00  2.10300e+29
      9690.00  2.12700e+29
      9710.00  2.10200e+29
      9730.00  2.08400e+29
      9750.00  2.07500e+29
      9770.00  2.08200e+29
      9790.00  2.06000e+29
      9810.00  2.09600e+29
      9830.00  2.08000e+29
      9850.00  2.08700e+29
      9870.00  2.07300e+29
      9890.00  2.07000e+29
      9910.00  2.06200e+29
      9930.00  2.07000e+29
      9950.00  2.07200e+29
      9970.00  2.07200e+29
      9990.00  2.06400e+29
      10025.0  2.04443e+29
      10075.0  2.01032e+29
      10125.0  2.04700e+29
      10175.0  2.02600e+29
      10225.0  2.03100e+29
      10275.0  2.03400e+29
      10325.0  2.02784e+29
      10375.0  1.99300e+29
      10425.0  1.99800e+29
      10475.0  1.96600e+29
      10525.0  1.94700e+29
      10575.0  1.91200e+29
      10625.0  1.89400e+29
      10675.0  1.87196e+29
      10725.0  1.88202e+29
      10775.0  1.86800e+29
      10825.0  1.87316e+29
      10875.0  1.83501e+29
      10925.0  1.81111e+29
      10975.0  1.80304e+29
      11025.0  1.80500e+29
      11075.0  1.78400e+29
      11125.0  1.77500e+29
      11175.0  1.76000e+29
      11225.0  1.75900e+29
      11275.0  1.73500e+29
      11325.0  1.72900e+29
      11375.0  1.71900e+29
      11425.0  1.70000e+29
      11475.0  1.71600e+29
      11525.0  1.70900e+29
      11575.0  1.68800e+29
      11625.0  1.66400e+29
      11675.0  1.65900e+29
      11725.0  1.66500e+29
      11775.0  1.62900e+29
      11825.0  1.61500e+29
      11875.0  1.58900e+29
      11925.0  1.61000e+29
      11975.0  1.56300e+29
      12025.0  1.58700e+29
      12075.0  1.57200e+29
      12125.0  1.57200e+29
      12175.0  1.57300e+29
      12225.0  1.56200e+29
      12275.0  1.54900e+29
      12325.0  1.53900e+29
      12375.0  1.53300e+29
      12425.0  1.51500e+29
      12475.0  1.50900e+29
      12525.0  1.49400e+29
      12575.0  1.48700e+29
      12625.0  1.47800e+29
      12675.0  1.46700e+29
      12725.0  1.46500e+29
      12775.0  1.46059e+29
      12825.0  1.41603e+29
      12875.0  1.43500e+29
      12925.0  1.42200e+29
      12975.0  1.43200e+29
      13025.0  1.41500e+29
      13075.0  1.41500e+29
      13125.0  1.38900e+29
      13175.0  1.38000e+29
      13225.0  1.37700e+29
      13275.0  1.35300e+29
      13325.0  1.35300e+29
      13375.0  1.33700e+29
      13425.0  1.33700e+29
      13475.0  1.32300e+29
      13525.0  1.31300e+29
      13575.0  1.29100e+29
      13625.0  1.28400e+29
      13675.0  1.28700e+29
      13725.0  1.28700e+29
      13775.0  1.28300e+29
      13825.0  1.28200e+29
      13875.0  1.26900e+29
      13925.0  1.23300e+29
      13975.0  1.22600e+29
      14025.0  1.21100e+29
      14075.0  1.21800e+29
      14125.0  1.20400e+29
      14175.0  1.21200e+29
      14225.0  1.19500e+29
      14275.0  1.18000e+29
      14325.0  1.19700e+29
      14375.0  1.20000e+29
      14425.0  1.17100e+29
      14475.0  1.19200e+29
      14525.0  1.17800e+29
      14570.0  1.18400e+29
      14620.0  1.16800e+29
      14675.0  1.16400e+29
      14725.0  1.15000e+29
      14775.0  1.15500e+29
      14825.0  1.15700e+29
      14875.0  1.14600e+29
      14925.0  1.16800e+29
      14975.0  1.15600e+29
      15025.0  1.14500e+29
      15075.0  1.14100e+29
      15125.0  1.15900e+29
      15175.0  1.16100e+29
      15225.0  1.15900e+29
      15275.0  1.16500e+29
      15325.0  1.15900e+29
      15375.0  1.15900e+29
      15425.0  1.15100e+29
      15475.0  1.15400e+29
      15525.0  1.14400e+29
      15575.0  1.11400e+29
      15625.0  1.12900e+29
      15675.0  1.11900e+29
      15725.0  1.13600e+29
      15775.0  1.08400e+29
      15825.0  1.08900e+29
      15875.0  1.07400e+29
      15925.0  1.10900e+29
      15975.0  1.09400e+29
      16050.0  1.09800e+29
      16150.0  1.10100e+29
      16250.0  1.08600e+29
      16350.0  1.10100e+29
      16450.0  1.06204e+29
      16550.0  1.08300e+29
      16650.0  1.06000e+29
      16750.0  1.05100e+29
      16850.0  1.02700e+29
      16950.0  1.03700e+29
      17050.0  1.01400e+29
      17150.0  1.00000e+29
      17250.0  9.76500e+28
      17350.0  9.40600e+28
      17450.0  9.33900e+28
      17550.0  9.15000e+28
      17650.0  8.94300e+28
      17750.0  8.68800e+28
      17850.0  8.51800e+28
      17950.0  8.28400e+28
      18050.0  8.05300e+28
      18150.0  7.83600e+28
      18250.0  7.76600e+28
      18350.0  7.66600e+28
      18450.0  7.49300e+28
      18550.0  7.39900e+28
      18650.0  7.19000e+28
      18750.0  7.25273e+28
      18850.0  7.01700e+28
      18950.0  6.78900e+28
      19050.0  6.86700e+28
      19150.0  6.75200e+28
      19250.0  6.67500e+28
      19350.0  6.51600e+28
      19450.0  6.34195e+28
      19550.0  6.34400e+28
      19650.0  6.23300e+28
      19750.0  6.09100e+28
      19850.0  6.02300e+28
      19950.0  5.95300e+28
      20050.0  5.92400e+28
      20150.0  5.85600e+28
      20250.0  5.72800e+28
      20350.0  5.67000e+28
      20450.0  5.67600e+28
      20550.0  5.60635e+28
      20650.0  5.53104e+28
      20750.0  5.49000e+28
      20850.0  5.42900e+28
      20950.0  5.35200e+28
      21050.0  5.34500e+28
      21150.0  5.26901e+28
      21250.0  5.21841e+28
      21350.0  5.18800e+28
      21450.0  5.13100e+28
      21550.0  5.06500e+28
      21650.0  4.96164e+28
      21750.0  4.91300e+28
      21850.0  4.86900e+28
      21950.0  4.82100e+28
      22050.0  4.71500e+28
      22150.0  4.70700e+28
      22250.0  4.60400e+28
      22350.0  4.55500e+28
      22450.0  4.49900e+28
      22550.0  4.44700e+28
      22650.0  4.36300e+28
      22750.0  4.33800e+28
      22850.0  4.25100e+28
      22950.0  3.69400e+28
      23050.0  3.88300e+28
      23150.0  3.85100e+28
      23250.0  3.39100e+28
      23350.0  3.58700e+28
      23450.0  3.49000e+28
      23550.0  3.14000e+28
      23650.0  3.34500e+28
      23750.0  3.24500e+28
      23850.0  2.96800e+28
      23950.0  3.11200e+28
      24050.0  3.06400e+28
      24150.0  2.81800e+28
      24250.0  2.90100e+28
      24350.0  2.84800e+28
      24450.0  2.69000e+28
      24550.0  2.64400e+28
      24650.0  2.67500e+28
      24750.0  2.56900e+28
      24850.0  2.40800e+28
      24950.0  2.41800e+28
      25050.0  2.45200e+28
      25150.0  2.28400e+28
      25250.0  2.33700e+28
      25350.0  2.32900e+28
      25450.0  2.27500e+28
      25550.0  2.24900e+28
      25650.0  2.24900e+28
      25750.0  2.26300e+28
      25850.0  2.17100e+28
      25950.0  2.19100e+28
      26050.0  2.19700e+28
      26150.0  2.14702e+28
      26250.0  2.13761e+28
      26350.0  2.12303e+28
      26450.0  2.10600e+28
      26550.0  2.07400e+28
      26650.0  2.03100e+28
      26750.0  2.05400e+28
      26850.0  2.03400e+28
      26950.0  1.98600e+28
      27050.0  1.98900e+28
      27150.0  1.96800e+28
      27250.0  1.95800e+28
      27350.0  1.91400e+28
      27450.0  1.91200e+28
      27550.0  1.89200e+28
      27650.0  1.86800e+28
      27750.0  1.83900e+28
      27850.0  1.83500e+28
      27950.0  1.82600e+28
      28050.0  1.80300e+28
      28150.0  1.77600e+28
      28250.0  1.76500e+28
      28350.0  1.75400e+28
      28450.0  1.73200e+28
      28550.0  1.71400e+28
      28650.0  1.69600e+28
      28750.0  1.67100e+28
      28850.0  1.66300e+28
      28950.0  1.64800e+28
      29050.0  1.63200e+28
      29150.0  1.61800e+28
      29250.0  1.59000e+28
      29350.0  1.58700e+28
      29450.0  1.56500e+28
      29550.0  1.55100e+28
      29650.0  1.54000e+28
      29750.0  1.52400e+28
      29850.0  1.50700e+28
      29950.0  1.49200e+28
      30050.0  1.47700e+28
      30150.0  1.46800e+28
      30250.0  1.45000e+28
      30350.0  1.42700e+28
      30450.0  1.42600e+28
      30550.0  1.41400e+28
      30650.0  1.40200e+28
      30750.0  1.39300e+28
      30850.0  1.37700e+28
      30950.0  1.36900e+28
      31050.0  1.36100e+28
      31150.0  1.34000e+28
      31250.0  1.33600e+28
      31350.0  1.32500e+28
      31450.0  1.31300e+28
      31550.0  1.30100e+28
      31650.0  1.28800e+28
      31750.0  1.28000e+28
      31850.0  1.26900e+28
      31950.0  1.26100e+28
      32100.0  1.24400e+28
      32300.0  1.22400e+28
      32500.0  1.20500e+28
      32700.0  1.18300e+28
      32900.0  1.15600e+28
      33100.0  1.14200e+28
      33300.0  1.12300e+28
      33500.0  1.10700e+28
      33700.0  1.08600e+28
      33900.0  1.06600e+28
      34100.0  1.04600e+28
      34300.0  1.03100e+28
      34500.0  1.01300e+28
      34700.0  9.94000e+27
      34900.0  9.76900e+27
      35100.0  9.60300e+27
      35300.0  9.41100e+27
      35500.0  9.25600e+27
      35700.0  9.08000e+27
      35900.0  8.91600e+27
      36100.0  8.77900e+27
      36300.0  8.61500e+27
      36500.0  8.44000e+27
      36700.0  8.28700e+27
      36900.0  8.10900e+27
      37100.0  7.95700e+27
      37300.0  7.83100e+27
      37500.0  7.64000e+27
      37700.0  7.55600e+27
      37900.0  7.40900e+27
      38100.0  7.28500e+27
      38300.0  7.16500e+27
      38500.0  7.04100e+27
      38700.0  6.88600e+27
      38900.0  6.76700e+27
      39100.0  6.64400e+27
      39300.0  6.53100e+27
      39500.0  6.38500e+27
      39700.0  6.27700e+27
      39900.0  6.13100e+27
      40100.0  6.03900e+27
      40300.0  5.94000e+27
      40500.0  6.22057e+27
      40700.0  5.72001e+27
      40900.0  5.62100e+27
      41100.0  5.52700e+27
      41300.0  5.43400e+27
      41500.0  5.33100e+27
      41700.0  5.22800e+27
      41900.0  5.14400e+27
      42100.0  5.04400e+27
      42300.0  4.98200e+27
      42500.0  4.88300e+27
      42700.0  4.81000e+27
      42900.0  4.55600e+27
      43100.0  4.30600e+27
      43300.0  4.31300e+27
      43500.0  4.09000e+27
      43700.0  3.97200e+27
      43900.0  3.89000e+27
      44100.0  3.71600e+27
      44300.0  3.65600e+27
      44500.0  3.58700e+27
      44700.0  3.45900e+27
      44900.0  3.45500e+27
      45100.0  3.37200e+27
      45300.0  3.27800e+27
      45500.0  3.26800e+27
      45700.0  3.22500e+27
      45900.0  3.11100e+27
      46100.0  3.12700e+27
      46300.0  3.06400e+27
      46500.0  3.01500e+27
      46700.0  3.00600e+27
      46900.0  2.95800e+27
      47100.0  2.90000e+27
      47300.0  2.90700e+27
      47500.0  2.83700e+27
      47700.0  2.80900e+27
      47900.0  2.77700e+27
      48100.0  2.70800e+27
      48300.0  2.72400e+27
      48500.0  2.66500e+27
      48700.0  2.61400e+27
      48900.0  2.58200e+27
      49100.0  2.54500e+27
      49300.0  2.51300e+27
      49500.0  2.46600e+27
      49700.0  2.45600e+27
      49900.0  2.41200e+27
      50100.0  2.38800e+27
      50300.0  2.35600e+27
      50500.0  2.30700e+27
      50700.0  2.28900e+27
      50900.0  2.25900e+27
      51100.0  2.21800e+27
      51300.0  2.19700e+27
      51500.0  2.16500e+27
      51700.0  2.15700e+27
      51900.0  2.11800e+27
      52100.0  2.09400e+27
      52300.0  2.05800e+27
      52500.0  2.04300e+27
      52700.0  2.03500e+27
      52900.0  1.98500e+27
      53100.0  1.95800e+27
      53300.0  1.94400e+27
      53500.0  1.91900e+27
      53700.0  1.89800e+27
      53900.0  1.87700e+27
      54100.0  1.85400e+27
      54300.0  1.82100e+27
      54500.0  1.81300e+27
      54700.0  1.78200e+27
      54900.0  1.76500e+27
      55100.0  1.74000e+27
      55300.0  1.74600e+27
      55500.0  1.69800e+27
      55700.0  1.69600e+27
      55900.0  1.66600e+27
      56100.0  1.65600e+27
      56300.0  1.62400e+27
      56500.0  1.61700e+27
      56700.0  1.59700e+27
      56900.0  1.56800e+27
      57100.0  1.56300e+27
      57300.0  1.54400e+27
      57500.0  1.52500e+27
      57700.0  1.50500e+27
      57900.0  1.49500e+27
      58100.0  1.47200e+27
      58300.0  1.45700e+27
      58500.0  1.44000e+27
      58700.0  1.41800e+27
      58900.0  1.40300e+27
      59100.0  1.38500e+27
      59300.0  1.37500e+27
      59500.0  1.35500e+27
      59700.0  1.34400e+27
      59900.0  1.32900e+27
      60100.0  1.31400e+27
      60300.0  1.29800e+27
      60500.0  1.27900e+27
      60700.0  1.26500e+27
      60900.0  1.25000e+27
      61100.0  1.23400e+27
      61300.0  1.22300e+27
      61500.0  1.21000e+27
      61700.0  1.19900e+27
      61900.0  1.18500e+27
      62100.0  1.17300e+27
      62300.0  1.15700e+27
      62500.0  1.14100e+27
      62700.0  1.12900e+27
      62900.0  1.11700e+27
      63100.0  1.10300e+27
      63300.0  1.09400e+27
      63500.0  1.08000e+27
      63700.0  1.07100e+27
      63900.0  1.05600e+27
      64200.0  1.04000e+27
      64600.0  1.01500e+27
      65000.0  9.93300e+26
      65400.0  9.71000e+26
      65800.0  9.50800e+26
      66200.0  9.29100e+26
      66600.0  9.09100e+26
      67000.0  8.89700e+26
      67400.0  8.69600e+26
      67800.0  8.51000e+26
      68200.0  8.32500e+26
      68600.0  8.15100e+26
      69000.0  7.97300e+26
      69400.0  7.80400e+26
      69800.0  7.63900e+26
      70200.0  7.47300e+26
      70600.0  7.32100e+26
      71000.0  7.16500e+26
      71400.0  7.01600e+26
      71800.0  6.86700e+26
      72200.0  6.72500e+26
      72600.0  6.58300e+26
      73000.0  6.44800e+26
      73400.0  6.31300e+26
      73800.0  6.18600e+26
      74200.0  6.05400e+26
      74600.0  5.92200e+26
      75000.0  5.80400e+26
      75400.0  5.68800e+26
      75800.0  5.57400e+26
      76200.0  5.45900e+26
      76600.0  5.34600e+26
      77000.0  5.23600e+26
      77400.0  5.13000e+26
      77800.0  5.02600e+26
      78200.0  4.92300e+26
      78600.0  4.82500e+26
      79000.0  4.72800e+26
      79400.0  4.63400e+26
      79800.0  4.53900e+26
      80200.0  4.44300e+26
      80600.0  4.35200e+26
      81000.0  4.26500e+26
      81400.0  4.17700e+26
      81800.0  4.09400e+26
      82200.0  4.01200e+26
      82600.0  3.93100e+26
      83000.0  3.85200e+26
      83400.0  3.77500e+26
      83800.0  3.70000e+26
      84200.0  3.62800e+26
      84600.0  3.55600e+26
      85000.0  3.48600e+26
      85400.0  3.41800e+26
      85800.0  3.35200e+26
      86200.0  3.28700e+26
      86600.0  3.22400e+26
      87000.0  3.16200e+26
      87400.0  3.10100e+26
      87800.0  3.04200e+26
      88200.0  2.98400e+26
      88600.0  2.92800e+26
      89000.0  2.87300e+26
      89400.0  2.82000e+26
      89800.0  2.76600e+26
      90200.0  2.71600e+26
      90600.0  2.66600e+26
      91000.0  2.61500e+26
      91400.0  2.56800e+26
      91800.0  2.52200e+26
      92200.0  2.47600e+26
      92600.0  2.43200e+26
      93000.0  2.38800e+26
      93400.0  2.34500e+26
      93800.0  2.30300e+26
      94200.0  2.26300e+26
      94600.0  2.22500e+26
      95000.0  2.19000e+26
      95400.0  2.15700e+26
      95800.0  2.12400e+26
      96200.0  2.09100e+26
      96600.0  2.06000e+26
      97000.0  2.02800e+26
      97400.0  1.99600e+26
      97800.0  1.96700e+26
      98200.0  1.93800e+26
      98600.0  1.90900e+26
      99000.0  1.88100e+26
      99400.0  1.85300e+26
      99800.0  1.82500e+26
      100200.  1.79900e+26
      200000.  1.29200e+25
      400000.  9.23300e+23
      600000.  2.13000e+23
      800000.  8.10600e+22
  1.00000e+06  4.05800e+22
  1.20000e+06  2.42000e+22
  1.40000e+06  1.60700e+22
  1.60000e+06  1.14800e+22
