      91.0000      0.00000
      94.0000      0.00000
      96.0000      0.00000
      98.0000      0.00000
      100.000      0.00000
      102.000      0.00000
      104.000      0.00000
      106.000      0.00000
      108.000      0.00000
      110.000      0.00000
      114.000      0.00000
      118.000      0.00000
      121.000      0.00000
      125.000      0.00000
      127.000      0.00000
      128.000      0.00000
      131.000      0.00000
      132.000      0.00000
      134.000      0.00000
      137.000      0.00000
      140.000      0.00000
      143.000      0.00000
      147.000      0.00000
      151.000      0.00000
      155.000      0.00000
      159.000      0.00000
      162.000      0.00000
      166.000      0.00000
      170.000      0.00000
      173.000      0.00000
      177.000      0.00000
      180.000      0.00000
      182.000      0.00000
      186.000      0.00000
      191.000      0.00000
      194.000      0.00000
      198.000      0.00000
      202.000      0.00000
      205.000      0.00000
      210.000      0.00000
      216.000      0.00000
      220.000      0.00000
      223.000      0.00000
      227.000      0.00000
      230.000      0.00000
      234.000      0.00000
      240.000      0.00000
      246.000      0.00000
      252.000      0.00000
      257.000      0.00000
      260.000      0.00000
      264.000      0.00000
      269.000      0.00000
      274.000      0.00000
      279.000      0.00000
      284.000      0.00000
      290.000      0.00000
      296.000      0.00000
      301.000      0.00000
      308.000      0.00000
      318.000      0.00000
      328.000      0.00000
      338.000      0.00000
      348.000      0.00000
      357.000      0.00000
      366.000      0.00000
      375.000      0.00000
      385.000      0.00000
      395.000      0.00000
      405.000      0.00000
      414.000      0.00000
      422.000      0.00000
      430.000      0.00000
      441.000      0.00000
      451.000      0.00000
      460.000      0.00000
      470.000      0.00000
      480.000      0.00000
      490.000      0.00000
      500.000      0.00000
      506.000      0.00000
      512.000      0.00000
      520.000      0.00000
      530.000      0.00000
      540.000      0.00000
      550.000      0.00000
      560.000      0.00000
      570.000      0.00000
      580.000      0.00000
      590.000      0.00000
      600.000      0.00000
      610.000      0.00000
      620.000      0.00000
      630.000      0.00000
      640.000      0.00000
      650.000      0.00000
      658.000      0.00000
      665.000      0.00000
      675.000      0.00000
      685.000      0.00000
      695.000      0.00000
      705.000      0.00000
      716.000      0.00000
      726.000      0.00000
      735.000      0.00000
      745.000      0.00000
      755.000      0.00000
      765.000      0.00000
      775.000      0.00000
      785.000      0.00000
      795.000      0.00000
      805.000      0.00000
      815.000      0.00000
      825.000      0.00000
      835.000      0.00000
      845.000      0.00000
      855.000      0.00000
      865.000      0.00000
      875.000      0.00000
      885.000      0.00000
      895.000      0.00000
      905.000      0.00000
      915.000  6.88800e+28
      925.000  1.61600e+29
      935.000  2.49800e+29
      945.000  3.34700e+29
      955.000  3.89500e+29
      965.000  4.31200e+29
      975.000  1.75900e+29
      985.000  3.67500e+29
      995.000  3.52300e+29
      1005.00  4.31300e+29
      1015.00  4.34200e+29
      1025.00  2.92300e+29
      1035.00  3.85400e+29
      1045.00  5.30600e+29
      1055.00  5.19800e+29
      1065.00  4.52100e+29
      1075.00  4.98700e+29
      1085.00  4.43100e+29
      1095.00  5.18700e+29
      1105.00  5.05100e+29
      1115.00  5.00800e+29
      1125.00  4.55200e+29
      1135.00  5.28300e+29
      1145.00  4.99500e+29
      1155.00  5.06000e+29
      1165.00  5.07100e+29
      1175.00  3.67500e+29
      1185.00  4.83700e+29
      1195.00  4.07200e+29
      1205.00  3.50500e+29
      1215.00  2.68200e+29
      1225.00  3.94100e+29
      1235.00  4.90600e+29
      1245.00  5.20800e+29
      1255.00  5.14800e+29
      1265.00  4.85000e+29
      1275.00  5.56300e+29
      1285.00  5.71700e+29
      1295.00  5.02900e+29
      1305.00  4.98400e+29
      1315.00  5.67400e+29
      1325.00  5.49500e+29
      1335.00  5.42301e+29
      1345.00  5.58700e+29
      1355.00  5.41400e+29
      1365.00  5.02500e+29
      1375.00  5.08100e+29
      1385.00  5.05700e+29
      1395.00  4.18200e+29
      1405.00  4.12100e+29
      1415.00  4.73000e+29
      1425.00  4.68100e+29
      1435.00  4.77600e+29
      1442.00  4.91700e+29
      1447.00  4.96200e+29
      1455.00  4.84800e+29
      1465.00  4.62600e+29
      1475.00  4.63800e+29
      1485.00  4.70700e+29
      1495.00  4.73000e+29
      1505.00  4.59400e+29
      1512.00  4.28400e+29
      1517.00  4.46600e+29
      1525.00  4.39000e+29
      1535.00  3.92700e+29
      1545.00  3.88900e+29
      1555.00  3.81300e+29
      1565.00  4.06900e+29
      1575.00  4.33200e+29
      1585.00  4.47600e+29
      1595.00  4.53200e+29
      1605.00  4.38600e+29
      1615.00  4.33700e+29
      1625.00  4.20600e+29
      1635.00  4.37400e+29
      1645.00  4.39100e+29
      1655.00  4.19300e+29
      1665.00  4.42014e+29
      1672.00  4.02100e+29
      1677.00  4.48500e+29
      1685.00  4.52700e+29
      1695.00  4.30200e+29
      1705.00  4.17100e+29
      1715.00  4.00100e+29
      1725.00  3.94000e+29
      1735.00  4.12000e+29
      1745.00  4.02900e+29
      1755.00  4.15900e+29
      1765.00  3.90800e+29
      1775.00  3.93100e+29
      1785.00  3.95800e+29
      1795.00  4.07000e+29
      1805.00  4.01600e+29
      1815.00  3.77900e+29
      1825.00  3.78200e+29
      1835.00  3.66500e+29
      1845.00  3.40500e+29
      1855.00  3.41200e+29
      1865.00  3.45200e+29
      1875.00  3.56700e+29
      1885.00  3.32900e+29
      1895.00  3.18600e+29
      1905.00  3.50273e+29
      1915.00  3.14106e+29
      1925.00  3.01700e+29
      1935.00  3.04800e+29
      1945.00  3.12100e+29
      1955.00  2.90000e+29
      1967.00  3.04300e+29
      1976.00  3.06400e+29
      1984.00  2.90500e+29
      1995.00  2.79500e+29
      2005.00  2.80700e+29
      2015.00  2.71600e+29
      2025.00  2.74100e+29
      2035.00  2.60500e+29
      2045.00  2.62800e+29
      2055.00  2.39300e+29
      2065.00  2.42700e+29
      2074.00  2.58300e+29
      2078.00  2.47900e+29
      2085.00  2.50900e+29
      2095.00  2.37300e+29
      2105.00  2.35600e+29
      2115.00  2.35200e+29
      2125.00  2.36600e+29
      2135.00  2.24843e+29
      2145.00  2.27880e+29
      2155.00  2.32600e+29
      2165.00  2.25800e+29
      2175.00  2.24600e+29
      2185.00  2.21900e+29
      2195.00  2.29100e+29
      2205.00  2.23900e+29
      2215.00  2.15200e+29
      2225.00  2.10900e+29
      2235.00  2.19800e+29
      2245.00  2.13600e+29
      2255.00  2.08600e+29
      2265.00  2.12600e+29
      2275.00  2.17800e+29
      2285.00  2.22400e+29
      2295.00  2.12900e+29
      2305.00  2.16200e+29
      2315.00  2.11901e+29
      2325.00  2.29318e+29
      2335.00  2.04728e+29
      2345.00  2.00000e+29
      2355.00  2.12700e+29
      2365.00  2.01600e+29
      2375.00  2.06900e+29
      2385.00  1.95200e+29
      2395.00  2.05200e+29
      2405.00  2.01000e+29
      2415.00  2.04300e+29
      2425.00  2.14000e+29
      2435.00  2.08700e+29
      2445.00  2.17400e+29
      2455.00  2.15800e+29
      2465.00  2.15600e+29
      2475.00  2.10600e+29
      2485.00  2.13900e+29
      2495.00  1.97400e+29
      2505.00  2.22300e+29
      2513.00  2.04700e+29
      2518.00  2.08500e+29
      2525.00  2.03300e+29
      2535.00  2.04900e+29
      2545.00  2.03100e+29
      2555.00  2.12800e+29
      2565.00  2.09500e+29
      2575.00  2.17500e+29
      2585.00  2.16100e+29
      2595.00  2.13800e+29
      2605.00  2.08400e+29
      2615.00  2.05700e+29
      2625.00  2.13000e+29
      2635.00  2.17300e+29
      2645.00  2.30500e+29
      2655.00  2.33500e+29
      2665.00  2.18500e+29
      2675.00  2.24500e+29
      2685.00  2.25300e+29
      2695.00  2.15900e+29
      2705.00  2.20100e+29
      2715.00  2.11500e+29
      2725.00  2.10900e+29
      2735.00  2.17700e+29
      2745.00  1.97500e+29
      2755.00  2.00900e+29
      2765.00  2.06200e+29
      2775.00  2.12900e+29
      2785.00  2.03400e+29
      2795.00  1.79752e+29
      2805.00  1.81611e+29
      2815.00  2.10800e+29
      2825.00  2.17100e+29
      2835.00  2.10800e+29
      2845.00  2.06100e+29
      2855.00  1.99400e+29
      2865.00  2.12500e+29
      2875.00  2.12100e+29
      2885.00  2.11600e+29
      2895.00  2.10100e+29
      2910.00  2.22000e+29
      2930.00  2.15200e+29
      2950.00  2.11600e+29
      2970.00  2.13200e+29
      2990.00  2.12700e+29
      3010.00  2.13400e+29
      3030.00  2.12700e+29
      3050.00  2.12400e+29
      3070.00  2.12400e+29
      3090.00  2.12200e+29
      3110.00  2.11400e+29
      3130.00  2.08400e+29
      3150.00  2.08600e+29
      3170.00  2.08500e+29
      3190.00  2.00300e+29
      3210.00  2.04500e+29
      3230.00  1.97700e+29
      3250.00  2.05400e+29
      3270.00  2.09700e+29
      3290.00  2.08300e+29
      3310.00  2.07300e+29
      3330.00  2.05500e+29
      3350.00  2.02500e+29
      3370.00  1.95400e+29
      3390.00  1.97000e+29
      3410.00  1.97500e+29
      3430.00  1.97200e+29
      3450.00  1.97500e+29
      3470.00  1.96900e+29
      3490.00  1.98900e+29
      3510.00  2.01100e+29
      3530.00  1.96700e+29
      3550.00  2.01700e+29
      3570.00  1.89000e+29
      3590.00  1.87500e+29
      3610.00  1.92700e+29
      3630.00  1.93700e+29
      3640.00  1.94400e+29
      3650.00  1.93800e+29
      3670.00  1.90800e+29
      3690.00  1.81897e+29
      3710.00  1.96582e+29
      3730.00  5.77640e+29
      3750.00  2.19963e+29
      3770.00  2.33488e+29
      3790.00  2.54424e+29
      3810.00  2.75827e+29
      3830.00  2.28624e+29
      3850.00  2.84206e+29
      3870.00  3.54092e+29
      3890.00  2.41448e+29
      3910.00  3.13300e+29
      3930.00  2.63800e+29
      3950.00  2.99300e+29
      3970.00  2.24955e+29
      3990.00  3.16700e+29
      4010.00  3.41000e+29
      4030.00  3.39300e+29
      4050.00  3.36500e+29
      4070.00  3.31785e+29
      4090.00  2.98717e+29
      4110.00  2.58196e+29
      4130.00  3.20600e+29
      4150.00  3.29100e+29
      4170.00  3.29100e+29
      4190.00  3.25900e+29
      4210.00  3.26300e+29
      4230.00  3.20900e+29
      4250.00  3.22100e+29
      4270.00  3.13300e+29
      4290.00  3.08500e+29
      4310.00  2.87400e+29
      4330.00  2.77829e+29
      4350.00  2.53253e+29
      4370.00  3.14853e+29
      4390.00  3.09600e+29
      4410.00  3.13900e+29
      4430.00  3.18400e+29
      4450.00  3.19200e+29
      4470.00  3.29622e+29
      4490.00  3.22001e+29
      4510.00  3.35600e+29
      4530.00  3.19200e+29
      4550.00  3.19700e+29
      4570.00  3.29700e+29
      4590.00  3.19800e+29
      4610.00  3.23800e+29
      4630.00  3.17500e+29
      4650.00  3.18900e+29
      4670.00  3.21600e+29
      4690.00  3.16000e+29
      4710.00  3.07800e+29
      4730.00  3.15500e+29
      4750.00  3.18100e+29
      4770.00  3.16100e+29
      4790.00  3.13700e+29
      4810.00  3.09700e+29
      4830.00  3.06700e+29
      4850.00  2.83529e+29
      4870.00  2.65813e+29
      4890.00  2.95300e+29
      4910.00  3.00700e+29
      4930.00  2.96900e+29
      4950.00  3.04100e+29
      4970.00  3.02800e+29
      4990.00  2.93625e+29
      5010.00  8.71802e+29
      5030.00  2.90519e+29
      5050.00  2.87600e+29
      5070.00  2.93600e+29
      5090.00  2.85500e+29
      5110.00  2.87100e+29
      5130.00  2.81100e+29
      5150.00  2.75100e+29
      5170.00  2.67200e+29
      5190.00  2.70233e+29
      5210.00  2.74845e+29
      5230.00  2.78100e+29
      5250.00  2.82500e+29
      5270.00  2.65600e+29
      5290.00  2.81000e+29
      5310.00  2.85500e+29
      5330.00  2.70000e+29
      5350.00  2.80600e+29
      5370.00  2.78600e+29
      5390.00  2.74700e+29
      5410.00  2.70600e+29
      5430.00  2.72200e+29
      5450.00  2.76400e+29
      5470.00  2.71800e+29
      5490.00  2.71600e+29
      5510.00  2.69700e+29
      5530.00  2.71700e+29
      5550.00  2.72900e+29
      5570.00  2.68600e+29
      5590.00  2.65100e+29
      5610.00  2.68800e+29
      5630.00  2.67200e+29
      5650.00  2.67500e+29
      5670.00  2.62900e+29
      5690.00  2.66200e+29
      5710.00  2.60900e+29
      5730.00  2.70600e+29
      5750.00  2.65710e+29
      5770.00  2.65654e+29
      5790.00  2.59900e+29
      5810.00  2.64000e+29
      5830.00  2.66600e+29
      5850.00  2.61801e+29
      5870.00  2.73099e+29
      5890.00  2.49714e+29
      5910.00  2.57900e+29
      5930.00  2.57800e+29
      5950.00  2.57000e+29
      5970.00  2.58400e+29
      5990.00  2.55000e+29
      6010.00  2.52100e+29
      6030.00  2.54200e+29
      6050.00  2.55900e+29
      6070.00  2.54600e+29
      6090.00  2.49000e+29
      6110.00  2.48500e+29
      6130.00  2.40800e+29
      6150.00  2.42500e+29
      6170.00  2.37500e+29
      6190.00  2.44000e+29
      6210.00  2.42500e+29
      6230.00  2.37500e+29
      6250.00  2.31600e+29
      6270.00  2.38000e+29
      6290.00  2.44121e+29
      6310.00  2.43072e+29
      6330.00  2.36063e+29
      6350.00  2.35300e+29
      6370.00  2.34300e+29
      6390.00  2.35700e+29
      6410.00  2.31900e+29
      6430.00  2.32800e+29
      6450.00  2.31300e+29
      6470.00  2.30600e+29
      6490.00  2.26600e+29
      6510.00  2.29900e+29
      6530.00  2.27803e+29
      6550.00  2.90385e+29
      6570.00  4.04996e+29
      6590.00  3.10961e+29
      6610.00  2.26135e+29
      6630.00  2.25700e+29
      6650.00  2.25201e+29
      6670.00  2.24857e+29
      6690.00  2.25529e+29
      6710.00  2.74614e+29
      6730.00  2.87024e+29
      6750.00  2.20074e+29
      6770.00  2.19800e+29
      6790.00  2.18000e+29
      6810.00  2.17600e+29
      6830.00  2.18300e+29
      6850.00  2.14500e+29
      6870.00  2.16000e+29
      6890.00  2.17200e+29
      6910.00  2.15900e+29
      6930.00  2.14500e+29
      6950.00  2.13200e+29
      6970.00  2.14000e+29
      6990.00  2.13000e+29
      7010.00  2.09700e+29
      7030.00  2.11700e+29
      7050.00  2.11700e+29
      7070.00  2.08000e+29
      7090.00  2.05300e+29
      7110.00  2.02369e+29
      7130.00  2.24830e+29
      7150.00  2.03170e+29
      7170.00  2.00400e+29
      7190.00  1.96700e+29
      7210.00  1.99100e+29
      7230.00  2.00700e+29
      7250.00  2.00900e+29
      7270.00  2.00800e+29
      7290.00  1.97900e+29
      7310.00  2.00541e+29
      7330.00  2.06224e+29
      7350.00  2.01241e+29
      7370.00  2.03600e+29
      7390.00  2.00200e+29
      7410.00  1.98800e+29
      7430.00  2.01600e+29
      7450.00  2.01400e+29
      7470.00  2.02600e+29
      7490.00  2.01900e+29
      7510.00  2.02700e+29
      7530.00  2.04200e+29
      7550.00  2.04900e+29
      7570.00  2.03800e+29
      7590.00  2.01000e+29
      7610.00  1.98700e+29
      7630.00  1.96300e+29
      7650.00  1.93800e+29
      7670.00  1.88200e+29
      7690.00  1.91100e+29
      7710.00  1.88200e+29
      7730.00  1.88400e+29
      7750.00  1.86900e+29
      7770.00  1.87700e+29
      7790.00  1.88700e+29
      7810.00  1.88400e+29
      7830.00  1.86900e+29
      7850.00  1.85200e+29
      7870.00  1.86200e+29
      7890.00  1.84000e+29
      7910.00  1.80800e+29
      7930.00  1.80700e+29
      7950.00  1.79300e+29
      7970.00  1.83000e+29
      7990.00  1.82300e+29
      8010.00  1.83700e+29
      8030.00  1.83900e+29
      8050.00  1.83300e+29
      8070.00  1.84400e+29
      8090.00  1.82800e+29
      8110.00  1.83600e+29
      8130.00  1.86400e+29
      8150.00  1.87400e+29
      8170.00  1.88200e+29
      8190.00  1.84800e+29
      8210.00  1.80800e+29
      8230.00  1.80700e+29
      8250.00  1.80600e+29
      8270.00  1.81500e+29
      8290.00  1.80000e+29
      8310.00  1.76200e+29
      8330.00  1.74900e+29
      8350.00  1.75000e+29
      8370.00  1.75200e+29
      8390.00  1.71300e+29
      8410.00  1.74300e+29
      8430.00  1.69900e+29
      8450.00  1.68000e+29
      8470.00  1.66700e+29
      8490.00  1.69100e+29
      8510.00  1.61000e+29
      8530.00  1.69200e+29
      8550.00  1.53900e+29
      8570.00  1.72700e+29
      8590.00  1.67500e+29
      8610.00  1.67500e+29
      8630.00  1.74200e+29
      8650.00  1.72300e+29
      8670.00  1.53900e+29
      8690.00  1.70400e+29
      8710.00  1.75300e+29
      8730.00  1.74380e+29
      8750.00  1.66035e+29
      8770.00  1.73603e+29
      8790.00  1.77400e+29
      8810.00  1.75600e+29
      8830.00  1.75502e+29
      8850.00  1.71163e+29
      8870.00  1.61349e+29
      8890.00  1.69514e+29
      8910.00  1.72100e+29
      8930.00  1.70200e+29
      8950.00  1.70400e+29
      8970.00  1.70100e+29
      8990.00  1.68646e+29
      9010.00  1.59218e+29
      9030.00  1.65548e+29
      9050.00  2.07212e+29
      9070.00  4.80592e+29
      9090.00  1.91950e+29
      9110.00  1.73011e+29
      9130.00  1.74600e+29
      9150.00  1.73700e+29
      9170.00  1.73100e+29
      9190.00  1.73400e+29
      9210.00  1.67044e+29
      9230.00  1.58644e+29
      9250.00  1.62415e+29
      9270.00  1.65200e+29
      9290.00  1.65000e+29
      9310.00  1.65600e+29
      9330.00  1.65700e+29
      9350.00  1.65000e+29
      9370.00  1.63000e+29
      9390.00  1.64600e+29
      9410.00  1.61600e+29
      9430.00  1.64800e+29
      9450.00  1.63100e+29
      9470.00  1.65200e+29
      9490.00  1.64800e+29
      9510.00  1.61803e+29
      9530.00  1.60787e+29
      9550.00  1.55082e+29
      9570.00  1.59471e+29
      9590.00  1.62700e+29
      9610.00  1.61400e+29
      9630.00  1.61700e+29
      9650.00  1.60200e+29
      9670.00  1.59900e+29
      9690.00  1.61200e+29
      9710.00  1.59300e+29
      9730.00  1.57900e+29
      9750.00  1.57200e+29
      9770.00  1.57500e+29
      9790.00  1.56100e+29
      9810.00  1.58000e+29
      9830.00  1.56900e+29
      9850.00  1.57100e+29
      9870.00  1.56100e+29
      9890.00  1.55700e+29
      9910.00  1.55300e+29
      9930.00  1.55700e+29
      9950.00  1.55700e+29
      9970.00  1.55500e+29
      9990.00  1.54700e+29
      10025.0  1.52410e+29
      10075.0  1.49331e+29
      10125.0  1.53100e+29
      10175.0  1.51800e+29
      10225.0  1.51900e+29
      10275.0  1.51900e+29
      10325.0  1.65068e+29
      10375.0  1.48801e+29
      10425.0  1.48700e+29
      10475.0  1.46400e+29
      10525.0  1.45000e+29
      10575.0  1.42500e+29
      10625.0  1.40900e+29
      10675.0  1.40000e+29
      10725.0  1.39914e+29
      10775.0  1.38700e+29
      10825.0  1.57274e+29
      10875.0  1.35704e+29
      10925.0  1.36137e+29
      10975.0  1.32431e+29
      11025.0  1.32900e+29
      11075.0  1.31300e+29
      11125.0  1.30600e+29
      11175.0  1.29500e+29
      11225.0  1.29300e+29
      11275.0  1.27500e+29
      11325.0  1.27000e+29
      11375.0  1.26300e+29
      11425.0  1.24900e+29
      11475.0  1.25600e+29
      11525.0  1.25000e+29
      11575.0  1.23600e+29
      11625.0  1.21800e+29
      11675.0  1.21300e+29
      11725.0  1.21500e+29
      11775.0  1.19000e+29
      11825.0  1.18000e+29
      11875.0  1.16100e+29
      11925.0  1.17400e+29
      11975.0  1.14300e+29
      12025.0  1.15500e+29
      12075.0  1.14500e+29
      12125.0  1.14200e+29
      12175.0  1.14100e+29
      12225.0  1.13200e+29
      12275.0  1.12300e+29
      12325.0  1.11500e+29
      12375.0  1.10900e+29
      12425.0  1.09700e+29
      12475.0  1.09100e+29
      12525.0  1.08100e+29
      12575.0  1.07400e+29
      12625.0  1.06700e+29
      12675.0  1.05900e+29
      12725.0  1.05600e+29
      12775.0  1.05947e+29
      12825.0  1.13678e+29
      12875.0  1.03101e+29
      12925.0  1.02400e+29
      12975.0  1.02800e+29
      13025.0  1.01700e+29
      13075.0  1.01500e+29
      13125.0  9.97500e+28
      13175.0  9.89700e+28
      13225.0  9.86400e+28
      13275.0  9.69500e+28
      13325.0  9.67800e+28
      13375.0  9.56400e+28
      13425.0  9.54500e+28
      13475.0  9.44400e+28
      13525.0  9.36200e+28
      13575.0  9.20600e+28
      13625.0  9.15600e+28
      13675.0  9.16600e+28
      13725.0  9.16000e+28
      13775.0  9.13200e+28
      13825.0  9.11600e+28
      13875.0  9.02900e+28
      13925.0  8.70400e+28
      13975.0  8.64400e+28
      14025.0  8.54500e+28
      14075.0  8.58300e+28
      14125.0  8.49100e+28
      14175.0  8.53300e+28
      14225.0  8.42700e+28
      14275.0  8.33300e+28
      14325.0  8.43200e+28
      14375.0  8.45100e+28
      14425.0  8.25700e+28
      14475.0  8.39200e+28
      14525.0  8.29600e+28
      14570.0  8.33800e+28
      14620.0  8.18000e+28
      14675.0  8.14500e+28
      14725.0  8.06100e+28
      14775.0  8.09400e+28
      14825.0  8.10600e+28
      14875.0  8.04000e+28
      14925.0  8.17300e+28
      14975.0  8.10200e+28
      15025.0  8.04100e+28
      15075.0  8.01200e+28
      15125.0  8.12100e+28
      15175.0  8.13500e+28
      15225.0  8.12100e+28
      15275.0  8.15100e+28
      15325.0  8.11900e+28
      15375.0  8.10800e+28
      15425.0  8.03300e+28
      15475.0  8.06500e+28
      15525.0  8.01000e+28
      15575.0  7.78100e+28
      15625.0  7.87900e+28
      15675.0  7.82400e+28
      15725.0  7.92300e+28
      15775.0  7.60500e+28
      15825.0  7.60000e+28
      15875.0  7.49100e+28
      15925.0  7.76200e+28
      15975.0  7.64800e+28
      16050.0  7.66300e+28
      16150.0  7.69400e+28
      16250.0  7.57700e+28
      16350.0  7.69400e+28
      16450.0  7.60939e+28
      16550.0  7.58200e+28
      16650.0  7.43500e+28
      16750.0  7.36300e+28
      16850.0  7.19900e+28
      16950.0  7.26900e+28
      17050.0  7.13000e+28
      17150.0  7.02600e+28
      17250.0  6.86400e+28
      17350.0  6.59400e+28
      17450.0  6.55200e+28
      17550.0  6.42500e+28
      17650.0  6.26900e+28
      17750.0  6.09100e+28
      17850.0  5.95900e+28
      17950.0  5.79100e+28
      18050.0  5.62700e+28
      18150.0  5.45500e+28
      18250.0  5.42100e+28
      18350.0  5.36200e+28
      18450.0  5.24400e+28
      18550.0  5.17300e+28
      18650.0  5.03100e+28
      18750.0  6.89796e+28
      18850.0  4.90700e+28
      18950.0  4.76200e+28
      19050.0  4.80200e+28
      19150.0  4.72600e+28
      19250.0  4.67100e+28
      19350.0  4.56600e+28
      19450.0  4.54409e+28
      19550.0  4.44000e+28
      19650.0  4.36400e+28
      19750.0  4.26900e+28
      19850.0  4.21800e+28
      19950.0  4.17100e+28
      20050.0  4.14600e+28
      20150.0  4.10000e+28
      20250.0  4.01900e+28
      20350.0  3.98100e+28
      20450.0  3.98300e+28
      20550.0  3.96121e+28
      20650.0  3.89027e+28
      20750.0  3.86300e+28
      20850.0  3.82400e+28
      20950.0  3.77500e+28
      21050.0  3.76800e+28
      21150.0  3.71707e+28
      21250.0  3.73158e+28
      21350.0  3.66100e+28
      21450.0  3.62100e+28
      21550.0  3.57500e+28
      21650.0  3.65097e+28
      21750.0  3.47101e+28
      21850.0  3.44200e+28
      21950.0  3.40800e+28
      22050.0  3.34000e+28
      22150.0  3.32700e+28
      22250.0  3.26000e+28
      22350.0  3.22300e+28
      22450.0  3.18500e+28
      22550.0  3.14600e+28
      22650.0  3.09100e+28
      22750.0  3.07000e+28
      22850.0  3.00800e+28
      22950.0  2.62700e+28
      23050.0  2.75600e+28
      23150.0  2.73400e+28
      23250.0  2.41700e+28
      23350.0  2.55100e+28
      23450.0  2.46800e+28
      23550.0  2.24100e+28
      23650.0  2.37600e+28
      23750.0  2.29700e+28
      23850.0  2.11800e+28
      23950.0  2.21000e+28
      24050.0  2.16800e+28
      24150.0  2.00700e+28
      24250.0  2.05700e+28
      24350.0  2.01000e+28
      24450.0  1.90400e+28
      24550.0  1.86900e+28
      24650.0  1.87600e+28
      24750.0  1.80300e+28
      24850.0  1.68500e+28
      24950.0  1.67500e+28
      25050.0  1.69500e+28
      25150.0  1.58900e+28
      25250.0  1.61500e+28
      25350.0  1.61000e+28
      25450.0  1.57600e+28
      25550.0  1.55900e+28
      25650.0  1.55500e+28
      25750.0  1.56700e+28
      25850.0  1.51200e+28
      25950.0  1.52200e+28
      26050.0  1.52300e+28
      26150.0  1.48813e+28
      26250.0  1.71005e+28
      26350.0  1.47324e+28
      26450.0  1.46200e+28
      26550.0  1.44100e+28
      26650.0  1.41200e+28
      26750.0  1.42200e+28
      26850.0  1.41300e+28
      26950.0  1.38100e+28
      27050.0  1.38300e+28
      27150.0  1.36800e+28
      27250.0  1.36200e+28
      27350.0  1.33200e+28
      27450.0  1.32900e+28
      27550.0  1.31200e+28
      27650.0  1.29800e+28
      27750.0  1.28000e+28
      27850.0  1.27700e+28
      27950.0  1.27100e+28
      28050.0  1.25500e+28
      28150.0  1.23700e+28
      28250.0  1.23000e+28
      28350.0  1.22200e+28
      28450.0  1.20800e+28
      28550.0  1.19600e+28
      28650.0  1.18300e+28
      28750.0  1.16400e+28
      28850.0  1.16100e+28
      28950.0  1.15200e+28
      29050.0  1.14100e+28
      29150.0  1.13200e+28
      29250.0  1.11400e+28
      29350.0  1.11100e+28
      29450.0  1.09600e+28
      29550.0  1.08700e+28
      29650.0  1.08000e+28
      29750.0  1.06900e+28
      29850.0  1.05700e+28
      29950.0  1.04800e+28
      30050.0  1.03800e+28
      30150.0  1.03200e+28
      30250.0  1.02100e+28
      30350.0  1.00300e+28
      30450.0  1.00400e+28
      30550.0  9.97100e+27
      30650.0  9.89900e+27
      30750.0  9.84500e+27
      30850.0  9.74500e+27
      30950.0  9.69500e+27
      31050.0  9.64900e+27
      31150.0  9.51200e+27
      31250.0  9.48200e+27
      31350.0  9.40700e+27
      31450.0  9.33400e+27
      31550.0  9.25300e+27
      31650.0  9.17100e+27
      31750.0  9.11300e+27
      31850.0  9.04500e+27
      31950.0  8.99100e+27
      32100.0  8.88200e+27
      32300.0  8.74700e+27
      32500.0  8.62200e+27
      32700.0  8.47500e+27
      32900.0  8.27500e+27
      33100.0  8.18800e+27
      33300.0  8.06300e+27
      33500.0  7.94700e+27
      33700.0  7.80600e+27
      33900.0  7.66900e+27
      34100.0  7.53000e+27
      34300.0  7.41800e+27
      34500.0  7.29200e+27
      34700.0  7.15900e+27
      34900.0  7.03700e+27
      35100.0  6.92000e+27
      35300.0  6.78300e+27
      35500.0  6.67200e+27
      35700.0  6.54700e+27
      35900.0  6.43000e+27
      36100.0  6.33200e+27
      36300.0  6.21500e+27
      36500.0  6.09000e+27
      36700.0  5.98200e+27
      36900.0  5.85500e+27
      37100.0  5.74800e+27
      37300.0  5.65200e+27
      37500.0  5.51400e+27
      37700.0  5.45400e+27
      37900.0  5.34800e+27
      38100.0  5.25800e+27
      38300.0  5.17000e+27
      38500.0  5.08200e+27
      38700.0  4.97400e+27
      38900.0  4.88600e+27
      39100.0  4.79400e+27
      39300.0  4.71800e+27
      39500.0  4.61400e+27
      39700.0  4.53700e+27
      39900.0  4.43500e+27
      40100.0  4.36700e+27
      40300.0  4.29400e+27
      40500.0  7.26054e+27
      40700.0  4.14007e+27
      40900.0  4.07000e+27
      41100.0  4.00400e+27
      41300.0  3.93600e+27
      41500.0  3.86200e+27
      41700.0  3.78500e+27
      41900.0  3.73100e+27
      42100.0  3.66100e+27
      42300.0  3.61400e+27
      42500.0  3.54400e+27
      42700.0  3.49200e+27
      42900.0  3.32700e+27
      43100.0  3.17300e+27
      43300.0  3.17200e+27
      43500.0  3.02800e+27
      43700.0  2.94800e+27
      43900.0  2.89600e+27
      44100.0  2.77400e+27
      44300.0  2.74300e+27
      44500.0  2.69200e+27
      44700.0  2.59400e+27
      44900.0  2.59400e+27
      45100.0  2.53100e+27
      45300.0  2.46000e+27
      45500.0  2.45400e+27
      45700.0  2.42300e+27
      45900.0  2.34200e+27
      46100.0  2.34800e+27
      46300.0  2.30200e+27
      46500.0  2.26200e+27
      46700.0  2.24900e+27
      46900.0  2.21700e+27
      47100.0  2.17500e+27
      47300.0  2.17400e+27
      47500.0  2.12900e+27
      47700.0  2.10200e+27
      47900.0  2.07700e+27
      48100.0  2.03300e+27
      48300.0  2.03500e+27
      48500.0  1.99700e+27
      48700.0  1.96000e+27
      48900.0  1.93600e+27
      49100.0  1.90900e+27
      49300.0  1.88300e+27
      49500.0  1.85100e+27
      49700.0  1.83900e+27
      49900.0  1.80800e+27
      50100.0  1.78900e+27
      50300.0  1.76500e+27
      50500.0  1.73000e+27
      50700.0  1.71500e+27
      50900.0  1.69300e+27
      51100.0  1.66400e+27
      51300.0  1.64400e+27
      51500.0  1.62300e+27
      51700.0  1.61600e+27
      51900.0  1.58800e+27
      52100.0  1.56900e+27
      52300.0  1.54400e+27
      52500.0  1.53100e+27
      52700.0  1.52300e+27
      52900.0  1.48800e+27
      53100.0  1.46800e+27
      53300.0  1.45600e+27
      53500.0  1.43700e+27
      53700.0  1.42000e+27
      53900.0  1.40400e+27
      54100.0  1.38700e+27
      54300.0  1.36300e+27
      54500.0  1.35600e+27
      54700.0  1.33400e+27
      54900.0  1.32100e+27
      55100.0  1.30200e+27
      55300.0  1.30300e+27
      55500.0  1.27100e+27
      55700.0  1.26700e+27
      55900.0  1.24600e+27
      56100.0  1.23700e+27
      56300.0  1.21500e+27
      56500.0  1.20800e+27
      56700.0  1.19300e+27
      56900.0  1.17200e+27
      57100.0  1.16700e+27
      57300.0  1.15300e+27
      57500.0  1.13900e+27
      57700.0  1.12400e+27
      57900.0  1.11600e+27
      58100.0  1.09900e+27
      58300.0  1.08700e+27
      58500.0  1.07400e+27
      58700.0  1.05800e+27
      58900.0  1.04700e+27
      59100.0  1.03200e+27
      59300.0  1.02500e+27
      59500.0  1.01100e+27
      59700.0  1.00300e+27
      59900.0  9.91100e+26
      60100.0  9.79700e+26
      60300.0  9.68300e+26
      60500.0  9.54600e+26
      60700.0  9.44300e+26
      60900.0  9.33200e+26
      61100.0  9.21400e+26
      61300.0  9.12800e+26
      61500.0  9.03300e+26
      61700.0  8.94800e+26
      61900.0  8.84100e+26
      62100.0  8.75200e+26
      62300.0  8.63400e+26
      62500.0  8.52200e+26
      62700.0  8.43000e+26
      62900.0  8.34100e+26
      63100.0  8.24300e+26
      63300.0  8.17300e+26
      63500.0  8.06900e+26
      63700.0  8.00000e+26
      63900.0  7.89000e+26
      64200.0  7.76700e+26
      64600.0  7.59000e+26
      65000.0  7.42600e+26
      65400.0  7.26200e+26
      65800.0  7.11200e+26
      66200.0  6.95300e+26
      66600.0  6.80500e+26
      67000.0  6.66100e+26
      67400.0  6.51400e+26
      67800.0  6.37600e+26
      68200.0  6.23900e+26
      68600.0  6.11100e+26
      69000.0  5.98000e+26
      69400.0  5.85500e+26
      69800.0  5.73300e+26
      70200.0  5.61200e+26
      70600.0  5.49900e+26
      71000.0  5.38400e+26
      71400.0  5.27300e+26
      71800.0  5.16300e+26
      72200.0  5.05800e+26
      72600.0  4.95300e+26
      73000.0  4.85300e+26
      73400.0  4.75300e+26
      73800.0  4.65900e+26
      74200.0  4.55700e+26
      74600.0  4.45600e+26
      75000.0  4.36900e+26
      75400.0  4.28400e+26
      75800.0  4.19800e+26
      76200.0  4.11100e+26
      76600.0  4.02700e+26
      77000.0  3.94300e+26
      77400.0  3.86300e+26
      77800.0  3.78500e+26
      78200.0  3.70800e+26
      78600.0  3.63400e+26
      79000.0  3.56100e+26
      79400.0  3.49000e+26
      79800.0  3.41600e+26
      80200.0  3.34300e+26
      80600.0  3.27300e+26
      81000.0  3.20500e+26
      81400.0  3.13800e+26
      81800.0  3.07400e+26
      82200.0  3.01100e+26
      82600.0  2.94900e+26
      83000.0  2.88900e+26
      83400.0  2.83000e+26
      83800.0  2.77300e+26
      84200.0  2.71800e+26
      84600.0  2.66300e+26
      85000.0  2.61000e+26
      85400.0  2.55800e+26
      85800.0  2.50800e+26
      86200.0  2.45900e+26
      86600.0  2.41000e+26
      87000.0  2.36300e+26
      87400.0  2.31800e+26
      87800.0  2.27300e+26
      88200.0  2.22900e+26
      88600.0  2.18700e+26
      89000.0  2.14500e+26
      89400.0  2.10500e+26
      89800.0  2.06400e+26
      90200.0  2.02600e+26
      90600.0  1.98900e+26
      91000.0  1.95100e+26
      91400.0  1.91300e+26
      91800.0  1.87800e+26
      92200.0  1.84400e+26
      92600.0  1.81000e+26
      93000.0  1.77800e+26
      93400.0  1.74600e+26
      93800.0  1.71400e+26
      94200.0  1.68400e+26
      94600.0  1.65600e+26
      95000.0  1.63200e+26
      95400.0  1.60800e+26
      95800.0  1.58400e+26
      96200.0  1.56100e+26
      96600.0  1.53900e+26
      97000.0  1.51600e+26
      97400.0  1.49400e+26
      97800.0  1.47300e+26
      98200.0  1.45200e+26
      98600.0  1.43100e+26
      99000.0  1.41100e+26
      99400.0  1.39100e+26
      99800.0  1.37200e+26
      100200.  1.35300e+26
      200000.  1.16200e+25
      400000.  1.31400e+24
      600000.  4.61100e+23
      800000.  2.40200e+23
  1.00000e+06  1.49800e+23
  1.20000e+06  1.04600e+23
  1.40000e+06  7.74600e+22
  1.60000e+06  5.98000e+22
