      91.0000      0.00000
      94.0000      0.00000
      96.0000      0.00000
      98.0000      0.00000
      100.000      0.00000
      102.000      0.00000
      104.000      0.00000
      106.000      0.00000
      108.000      0.00000
      110.000      0.00000
      114.000      0.00000
      118.000      0.00000
      121.000      0.00000
      125.000      0.00000
      127.000      0.00000
      128.000      0.00000
      131.000      0.00000
      132.000      0.00000
      134.000      0.00000
      137.000      0.00000
      140.000      0.00000
      143.000      0.00000
      147.000      0.00000
      151.000      0.00000
      155.000      0.00000
      159.000      0.00000
      162.000      0.00000
      166.000      0.00000
      170.000      0.00000
      173.000      0.00000
      177.000      0.00000
      180.000      0.00000
      182.000      0.00000
      186.000      0.00000
      191.000      0.00000
      194.000      0.00000
      198.000      0.00000
      202.000      0.00000
      205.000      0.00000
      210.000      0.00000
      216.000      0.00000
      220.000      0.00000
      223.000      0.00000
      227.000      0.00000
      230.000      0.00000
      234.000      0.00000
      240.000      0.00000
      246.000      0.00000
      252.000      0.00000
      257.000      0.00000
      260.000      0.00000
      264.000      0.00000
      269.000      0.00000
      274.000      0.00000
      279.000      0.00000
      284.000      0.00000
      290.000      0.00000
      296.000      0.00000
      301.000      0.00000
      308.000      0.00000
      318.000      0.00000
      328.000      0.00000
      338.000      0.00000
      348.000      0.00000
      357.000      0.00000
      366.000      0.00000
      375.000      0.00000
      385.000      0.00000
      395.000      0.00000
      405.000      0.00000
      414.000      0.00000
      422.000      0.00000
      430.000      0.00000
      441.000      0.00000
      451.000      0.00000
      460.000      0.00000
      470.000      0.00000
      480.000      0.00000
      490.000      0.00000
      500.000      0.00000
      506.000      0.00000
      512.000      0.00000
      520.000      0.00000
      530.000      0.00000
      540.000      0.00000
      550.000      0.00000
      560.000      0.00000
      570.000      0.00000
      580.000      0.00000
      590.000      0.00000
      600.000      0.00000
      610.000      0.00000
      620.000      0.00000
      630.000      0.00000
      640.000      0.00000
      650.000      0.00000
      658.000      0.00000
      665.000      0.00000
      675.000      0.00000
      685.000      0.00000
      695.000      0.00000
      705.000      0.00000
      716.000      0.00000
      726.000      0.00000
      735.000      0.00000
      745.000      0.00000
      755.000      0.00000
      765.000      0.00000
      775.000      0.00000
      785.000      0.00000
      795.000      0.00000
      805.000      0.00000
      815.000      0.00000
      825.000      0.00000
      835.000      0.00000
      845.000      0.00000
      855.000      0.00000
      865.000      0.00000
      875.000      0.00000
      885.000      0.00000
      895.000      0.00000
      905.000      0.00000
      915.000  3.74500e+28
      925.000  8.72000e+28
      935.000  1.34200e+29
      945.000  1.81200e+29
      955.000  2.10800e+29
      965.000  2.34900e+29
      975.000  9.80000e+28
      985.000  2.04800e+29
      995.000  1.95300e+29
      1005.00  2.35800e+29
      1015.00  2.35300e+29
      1025.00  1.56400e+29
      1035.00  2.09300e+29
      1045.00  2.86000e+29
      1055.00  2.80800e+29
      1065.00  2.45900e+29
      1075.00  2.69900e+29
      1085.00  2.40600e+29
      1095.00  2.79400e+29
      1105.00  2.72100e+29
      1115.00  2.70100e+29
      1125.00  2.46800e+29
      1135.00  2.83400e+29
      1145.00  2.68100e+29
      1155.00  2.71400e+29
      1165.00  2.72300e+29
      1175.00  2.01200e+29
      1185.00  2.59600e+29
      1195.00  2.19600e+29
      1205.00  1.89900e+29
      1215.00  1.42100e+29
      1225.00  2.10500e+29
      1235.00  2.61300e+29
      1245.00  2.77700e+29
      1255.00  2.75300e+29
      1265.00  2.59700e+29
      1275.00  2.95900e+29
      1285.00  3.03700e+29
      1295.00  2.69400e+29
      1305.00  2.66800e+29
      1315.00  3.01200e+29
      1325.00  2.92000e+29
      1335.00  2.90203e+29
      1345.00  2.96100e+29
      1355.00  2.87100e+29
      1365.00  2.67400e+29
      1375.00  2.69900e+29
      1385.00  2.68800e+29
      1395.00  2.24800e+29
      1405.00  2.21400e+29
      1415.00  2.51700e+29
      1425.00  2.49100e+29
      1435.00  2.54000e+29
      1442.00  2.61300e+29
      1447.00  2.63600e+29
      1455.00  2.58200e+29
      1465.00  2.47400e+29
      1475.00  2.47900e+29
      1485.00  2.51400e+29
      1495.00  2.52600e+29
      1505.00  2.46500e+29
      1512.00  2.31200e+29
      1517.00  2.40600e+29
      1525.00  2.37100e+29
      1535.00  2.14000e+29
      1545.00  2.12500e+29
      1555.00  2.08800e+29
      1565.00  2.22200e+29
      1575.00  2.36200e+29
      1585.00  2.43900e+29
      1595.00  2.47300e+29
      1605.00  2.39400e+29
      1615.00  2.37100e+29
      1625.00  2.30600e+29
      1635.00  2.39400e+29
      1645.00  2.40200e+29
      1655.00  2.30400e+29
      1665.00  2.42655e+29
      1672.00  2.22100e+29
      1677.00  2.45900e+29
      1685.00  2.48300e+29
      1695.00  2.36900e+29
      1705.00  2.30200e+29
      1715.00  2.21700e+29
      1725.00  2.18700e+29
      1735.00  2.28400e+29
      1745.00  2.23700e+29
      1755.00  2.30700e+29
      1765.00  2.17500e+29
      1775.00  2.19300e+29
      1785.00  2.20900e+29
      1795.00  2.26800e+29
      1805.00  2.24200e+29
      1815.00  2.12100e+29
      1825.00  2.12300e+29
      1835.00  2.06400e+29
      1845.00  1.92500e+29
      1855.00  1.93000e+29
      1865.00  1.95400e+29
      1875.00  2.01600e+29
      1885.00  1.89000e+29
      1895.00  1.81300e+29
      1905.00  2.00244e+29
      1915.00  1.79204e+29
      1925.00  1.72500e+29
      1935.00  1.74200e+29
      1945.00  1.78400e+29
      1955.00  1.66500e+29
      1967.00  1.74200e+29
      1976.00  1.75400e+29
      1984.00  1.66800e+29
      1995.00  1.60800e+29
      2005.00  1.61300e+29
      2015.00  1.56500e+29
      2025.00  1.57700e+29
      2035.00  1.50500e+29
      2045.00  1.51600e+29
      2055.00  1.38400e+29
      2065.00  1.40400e+29
      2074.00  1.49100e+29
      2078.00  1.43700e+29
      2085.00  1.45300e+29
      2095.00  1.37700e+29
      2105.00  1.36900e+29
      2115.00  1.36700e+29
      2125.00  1.37400e+29
      2135.00  1.30927e+29
      2145.00  1.32838e+29
      2155.00  1.35400e+29
      2165.00  1.31500e+29
      2175.00  1.30900e+29
      2185.00  1.29600e+29
      2195.00  1.33700e+29
      2205.00  1.30700e+29
      2215.00  1.25800e+29
      2225.00  1.23600e+29
      2235.00  1.28800e+29
      2245.00  1.25200e+29
      2255.00  1.22400e+29
      2265.00  1.24600e+29
      2275.00  1.27600e+29
      2285.00  1.30300e+29
      2295.00  1.24900e+29
      2305.00  1.26900e+29
      2315.00  1.24600e+29
      2325.00  1.37702e+29
      2335.00  1.20618e+29
      2345.00  1.17600e+29
      2355.00  1.25100e+29
      2365.00  1.18700e+29
      2375.00  1.21900e+29
      2385.00  1.14900e+29
      2395.00  1.20600e+29
      2405.00  1.18300e+29
      2415.00  1.20200e+29
      2425.00  1.25900e+29
      2435.00  1.22900e+29
      2445.00  1.28000e+29
      2455.00  1.27100e+29
      2465.00  1.26900e+29
      2475.00  1.24000e+29
      2485.00  1.25600e+29
      2495.00  1.16700e+29
      2505.00  1.30800e+29
      2513.00  1.20400e+29
      2518.00  1.22300e+29
      2525.00  1.19400e+29
      2535.00  1.20500e+29
      2545.00  1.19700e+29
      2555.00  1.25500e+29
      2565.00  1.23400e+29
      2575.00  1.28100e+29
      2585.00  1.27300e+29
      2595.00  1.25900e+29
      2605.00  1.22700e+29
      2615.00  1.21100e+29
      2625.00  1.25500e+29
      2635.00  1.28400e+29
      2645.00  1.36300e+29
      2655.00  1.38600e+29
      2665.00  1.29600e+29
      2675.00  1.33200e+29
      2685.00  1.33900e+29
      2695.00  1.28000e+29
      2705.00  1.30700e+29
      2715.00  1.25300e+29
      2725.00  1.24800e+29
      2735.00  1.28900e+29
      2745.00  1.16900e+29
      2755.00  1.19100e+29
      2765.00  1.22600e+29
      2775.00  1.26500e+29
      2785.00  1.20500e+29
      2795.00  1.06782e+29
      2805.00  1.07488e+29
      2815.00  1.25200e+29
      2825.00  1.29300e+29
      2835.00  1.25600e+29
      2845.00  1.22500e+29
      2855.00  1.17900e+29
      2865.00  1.26500e+29
      2875.00  1.26800e+29
      2885.00  1.26300e+29
      2895.00  1.25800e+29
      2910.00  1.33300e+29
      2930.00  1.29100e+29
      2950.00  1.27000e+29
      2970.00  1.27900e+29
      2990.00  1.27700e+29
      3010.00  1.28200e+29
      3030.00  1.28000e+29
      3050.00  1.28000e+29
      3070.00  1.28100e+29
      3090.00  1.27900e+29
      3110.00  1.27800e+29
      3130.00  1.25900e+29
      3150.00  1.25900e+29
      3170.00  1.26300e+29
      3190.00  1.21200e+29
      3210.00  1.24000e+29
      3230.00  1.19700e+29
      3250.00  1.25100e+29
      3270.00  1.28200e+29
      3290.00  1.27400e+29
      3310.00  1.26600e+29
      3330.00  1.25700e+29
      3350.00  1.23800e+29
      3370.00  1.18800e+29
      3390.00  1.20200e+29
      3410.00  1.20700e+29
      3430.00  1.20900e+29
      3450.00  1.21100e+29
      3470.00  1.21000e+29
      3490.00  1.22600e+29
      3510.00  1.24200e+29
      3530.00  1.21200e+29
      3550.00  1.24900e+29
      3570.00  1.16200e+29
      3590.00  1.15300e+29
      3610.00  1.19200e+29
      3630.00  1.19900e+29
      3640.00  1.20500e+29
      3650.00  1.20300e+29
      3670.00  1.18700e+29
      3690.00  1.13522e+29
      3710.00  1.22817e+29
      3730.00  3.65777e+29
      3750.00  1.35798e+29
      3770.00  1.44840e+29
      3790.00  1.56905e+29
      3810.00  1.69217e+29
      3830.00  1.39739e+29
      3850.00  1.73204e+29
      3870.00  2.16719e+29
      3890.00  1.49939e+29
      3910.00  1.91800e+29
      3930.00  1.60400e+29
      3950.00  1.83400e+29
      3970.00  1.39536e+29
      3990.00  1.95400e+29
      4010.00  2.10000e+29
      4030.00  2.08900e+29
      4050.00  2.07100e+29
      4070.00  2.04540e+29
      4090.00  1.86482e+29
      4110.00  1.62466e+29
      4130.00  1.98700e+29
      4150.00  2.03300e+29
      4170.00  2.03500e+29
      4190.00  2.01300e+29
      4210.00  2.01600e+29
      4230.00  1.98300e+29
      4250.00  1.99100e+29
      4270.00  1.93800e+29
      4290.00  1.90200e+29
      4310.00  1.76900e+29
      4330.00  1.74890e+29
      4350.00  1.60106e+29
      4370.00  1.96456e+29
      4390.00  1.92500e+29
      4410.00  1.95800e+29
      4430.00  1.99500e+29
      4450.00  1.99800e+29
      4470.00  2.06990e+29
      4490.00  2.02501e+29
      4510.00  2.11500e+29
      4530.00  2.00800e+29
      4550.00  2.01600e+29
      4570.00  2.08200e+29
      4590.00  2.01900e+29
      4610.00  2.04700e+29
      4630.00  2.01100e+29
      4650.00  2.02000e+29
      4670.00  2.04000e+29
      4690.00  2.00800e+29
      4710.00  1.95800e+29
      4730.00  2.00500e+29
      4750.00  2.02300e+29
      4770.00  2.01100e+29
      4790.00  1.99700e+29
      4810.00  1.97600e+29
      4830.00  1.96000e+29
      4850.00  1.83146e+29
      4870.00  1.72606e+29
      4890.00  1.89400e+29
      4910.00  1.92500e+29
      4930.00  1.90100e+29
      4950.00  1.94800e+29
      4970.00  1.94200e+29
      4990.00  1.88235e+29
      5010.00  5.61395e+29
      5030.00  1.86512e+29
      5050.00  1.84900e+29
      5070.00  1.88800e+29
      5090.00  1.83600e+29
      5110.00  1.84800e+29
      5130.00  1.81000e+29
      5150.00  1.77100e+29
      5170.00  1.71900e+29
      5190.00  1.74202e+29
      5210.00  1.77488e+29
      5230.00  1.80100e+29
      5250.00  1.83100e+29
      5270.00  1.72100e+29
      5290.00  1.82400e+29
      5310.00  1.85800e+29
      5330.00  1.75500e+29
      5350.00  1.82600e+29
      5370.00  1.81400e+29
      5390.00  1.78900e+29
      5410.00  1.76400e+29
      5430.00  1.77400e+29
      5450.00  1.80300e+29
      5470.00  1.77500e+29
      5490.00  1.77300e+29
      5510.00  1.76300e+29
      5530.00  1.77900e+29
      5550.00  1.78800e+29
      5570.00  1.75900e+29
      5590.00  1.73700e+29
      5610.00  1.76200e+29
      5630.00  1.75500e+29
      5650.00  1.75800e+29
      5670.00  1.72900e+29
      5690.00  1.75100e+29
      5710.00  1.71500e+29
      5730.00  1.78200e+29
      5750.00  1.75119e+29
      5770.00  1.75235e+29
      5790.00  1.71400e+29
      5810.00  1.74200e+29
      5830.00  1.76100e+29
      5850.00  1.73001e+29
      5870.00  1.80369e+29
      5890.00  1.64287e+29
      5910.00  1.70600e+29
      5930.00  1.70700e+29
      5950.00  1.70300e+29
      5970.00  1.71300e+29
      5990.00  1.69200e+29
      6010.00  1.67300e+29
      6030.00  1.68700e+29
      6050.00  1.70000e+29
      6070.00  1.69100e+29
      6090.00  1.65600e+29
      6110.00  1.65300e+29
      6130.00  1.60100e+29
      6150.00  1.61600e+29
      6170.00  1.58000e+29
      6190.00  1.62500e+29
      6210.00  1.61600e+29
      6230.00  1.58400e+29
      6250.00  1.54500e+29
      6270.00  1.58900e+29
      6290.00  1.62858e+29
      6310.00  1.62297e+29
      6330.00  1.57841e+29
      6350.00  1.57700e+29
      6370.00  1.57000e+29
      6390.00  1.57800e+29
      6410.00  1.55300e+29
      6430.00  1.55900e+29
      6450.00  1.55100e+29
      6470.00  1.54600e+29
      6490.00  1.52000e+29
      6510.00  1.54400e+29
      6530.00  1.53302e+29
      6550.00  1.94264e+29
      6570.00  2.68718e+29
      6590.00  2.07445e+29
      6610.00  1.52223e+29
      6630.00  1.52000e+29
      6650.00  1.51701e+29
      6670.00  1.51425e+29
      6690.00  1.52033e+29
      6710.00  1.83800e+29
      6730.00  1.92003e+29
      6750.00  1.48538e+29
      6770.00  1.48400e+29
      6790.00  1.47300e+29
      6810.00  1.47100e+29
      6830.00  1.47700e+29
      6850.00  1.45100e+29
      6870.00  1.46100e+29
      6890.00  1.47100e+29
      6910.00  1.46200e+29
      6930.00  1.45400e+29
      6950.00  1.44600e+29
      6970.00  1.45200e+29
      6990.00  1.44500e+29
      7010.00  1.42500e+29
      7030.00  1.43800e+29
      7050.00  1.43800e+29
      7070.00  1.41400e+29
      7090.00  1.39700e+29
      7110.00  1.37845e+29
      7130.00  1.52289e+29
      7150.00  1.38257e+29
      7170.00  1.36600e+29
      7190.00  1.34000e+29
      7210.00  1.35700e+29
      7230.00  1.36900e+29
      7250.00  1.37100e+29
      7270.00  1.37100e+29
      7290.00  1.35200e+29
      7310.00  1.36992e+29
      7330.00  1.40691e+29
      7350.00  1.37492e+29
      7370.00  1.39100e+29
      7390.00  1.37000e+29
      7410.00  1.35900e+29
      7430.00  1.37900e+29
      7450.00  1.37900e+29
      7470.00  1.38700e+29
      7490.00  1.38200e+29
      7510.00  1.38800e+29
      7530.00  1.39700e+29
      7550.00  1.40100e+29
      7570.00  1.39400e+29
      7590.00  1.37600e+29
      7610.00  1.36200e+29
      7630.00  1.34700e+29
      7650.00  1.33100e+29
      7670.00  1.29300e+29
      7690.00  1.31400e+29
      7710.00  1.29400e+29
      7730.00  1.29600e+29
      7750.00  1.28600e+29
      7770.00  1.29400e+29
      7790.00  1.29900e+29
      7810.00  1.29700e+29
      7830.00  1.28700e+29
      7850.00  1.27700e+29
      7870.00  1.28500e+29
      7890.00  1.27000e+29
      7910.00  1.24900e+29
      7930.00  1.24800e+29
      7950.00  1.23900e+29
      7970.00  1.26500e+29
      7990.00  1.26000e+29
      8010.00  1.27400e+29
      8030.00  1.27500e+29
      8050.00  1.27000e+29
      8070.00  1.27800e+29
      8090.00  1.26800e+29
      8110.00  1.27400e+29
      8130.00  1.29000e+29
      8150.00  1.29600e+29
      8170.00  1.29900e+29
      8190.00  1.27600e+29
      8210.00  1.25400e+29
      8230.00  1.25300e+29
      8250.00  1.25300e+29
      8270.00  1.25900e+29
      8290.00  1.24900e+29
      8310.00  1.22600e+29
      8330.00  1.21600e+29
      8350.00  1.21800e+29
      8370.00  1.21900e+29
      8390.00  1.19200e+29
      8410.00  1.21400e+29
      8430.00  1.18600e+29
      8450.00  1.17600e+29
      8470.00  1.16700e+29
      8490.00  1.17900e+29
      8510.00  1.12500e+29
      8530.00  1.17800e+29
      8550.00  1.06200e+29
      8570.00  1.20300e+29
      8590.00  1.17200e+29
      8610.00  1.17100e+29
      8630.00  1.21200e+29
      8650.00  1.19900e+29
      8670.00  1.06700e+29
      8690.00  1.18600e+29
      8710.00  1.21800e+29
      8730.00  1.21252e+29
      8750.00  1.16206e+29
      8770.00  1.20667e+29
      8790.00  1.22900e+29
      8810.00  1.21600e+29
      8830.00  1.21501e+29
      8850.00  1.19068e+29
      8870.00  1.13150e+29
      8890.00  1.18109e+29
      8910.00  1.19600e+29
      8930.00  1.18400e+29
      8950.00  1.18400e+29
      8970.00  1.18300e+29
      8990.00  1.17430e+29
      9010.00  1.11487e+29
      9030.00  1.15558e+29
      9050.00  1.42244e+29
      9070.00  3.20690e+29
      9090.00  1.31881e+29
      9110.00  1.19507e+29
      9130.00  1.20400e+29
      9150.00  1.19900e+29
      9170.00  1.19500e+29
      9190.00  1.19600e+29
      9210.00  1.15925e+29
      9230.00  1.11158e+29
      9250.00  1.13240e+29
      9270.00  1.14900e+29
      9290.00  1.14700e+29
      9310.00  1.15000e+29
      9330.00  1.15000e+29
      9350.00  1.14600e+29
      9370.00  1.13200e+29
      9390.00  1.14300e+29
      9410.00  1.12300e+29
      9430.00  1.14300e+29
      9450.00  1.13200e+29
      9470.00  1.14400e+29
      9490.00  1.14100e+29
      9510.00  1.12402e+29
      9530.00  1.11745e+29
      9550.00  1.08207e+29
      9570.00  1.10712e+29
      9590.00  1.12700e+29
      9610.00  1.11800e+29
      9630.00  1.11900e+29
      9650.00  1.10800e+29
      9670.00  1.10700e+29
      9690.00  1.11500e+29
      9710.00  1.10400e+29
      9730.00  1.09500e+29
      9750.00  1.09000e+29
      9770.00  1.09200e+29
      9790.00  1.08200e+29
      9810.00  1.09500e+29
      9830.00  1.08800e+29
      9850.00  1.08900e+29
      9870.00  1.08200e+29
      9890.00  1.07900e+29
      9910.00  1.07700e+29
      9930.00  1.07800e+29
      9950.00  1.07800e+29
      9970.00  1.07600e+29
      9990.00  1.07200e+29
      10025.0  1.05503e+29
      10075.0  1.03551e+29
      10125.0  1.05600e+29
      10175.0  1.04600e+29
      10225.0  1.04500e+29
      10275.0  1.04400e+29
      10325.0  1.12927e+29
      10375.0  1.02201e+29
      10425.0  1.02200e+29
      10475.0  1.00700e+29
      10525.0  1.00000e+29
      10575.0  9.85000e+28
      10625.0  9.75600e+28
      10675.0  9.66884e+28
      10725.0  9.65189e+28
      10775.0  9.55900e+28
      10825.0  1.07743e+29
      10875.0  9.36327e+28
      10925.0  9.41757e+28
      10975.0  9.15602e+28
      11025.0  9.19400e+28
      11075.0  9.10600e+28
      11125.0  9.04700e+28
      11175.0  8.96500e+28
      11225.0  8.94900e+28
      11275.0  8.82400e+28
      11325.0  8.78500e+28
      11375.0  8.72700e+28
      11425.0  8.63300e+28
      11475.0  8.67900e+28
      11525.0  8.63500e+28
      11575.0  8.53500e+28
      11625.0  8.41000e+28
      11675.0  8.38200e+28
      11725.0  8.40300e+28
      11775.0  8.23900e+28
      11825.0  8.17600e+28
      11875.0  8.05400e+28
      11925.0  8.13800e+28
      11975.0  7.91800e+28
      12025.0  8.00200e+28
      12075.0  7.92300e+28
      12125.0  7.90700e+28
      12175.0  7.89800e+28
      12225.0  7.83600e+28
      12275.0  7.76900e+28
      12325.0  7.71900e+28
      12375.0  7.67600e+28
      12425.0  7.60200e+28
      12475.0  7.56400e+28
      12525.0  7.49300e+28
      12575.0  7.44900e+28
      12625.0  7.40000e+28
      12675.0  7.34200e+28
      12725.0  7.32000e+28
      12775.0  7.34628e+28
      12825.0  7.85179e+28
      12875.0  7.15205e+28
      12925.0  7.10200e+28
      12975.0  7.12900e+28
      13025.0  7.05300e+28
      13075.0  7.04000e+28
      13125.0  6.92500e+28
      13175.0  6.87600e+28
      13225.0  6.85900e+28
      13275.0  6.74700e+28
      13325.0  6.74200e+28
      13375.0  6.67100e+28
      13425.0  6.66000e+28
      13475.0  6.59800e+28
      13525.0  6.54700e+28
      13575.0  6.44400e+28
      13625.0  6.40800e+28
      13675.0  6.41400e+28
      13725.0  6.41000e+28
      13775.0  6.38600e+28
      13825.0  6.37400e+28
      13875.0  6.31300e+28
      13925.0  6.13200e+28
      13975.0  6.09500e+28
      14025.0  6.02400e+28
      14075.0  6.05000e+28
      14125.0  5.98800e+28
      14175.0  6.01400e+28
      14225.0  5.93700e+28
      14275.0  5.87100e+28
      14325.0  5.93800e+28
      14375.0  5.94800e+28
      14425.0  5.81500e+28
      14475.0  5.90500e+28
      14525.0  5.83500e+28
      14570.0  5.85900e+28
      14620.0  5.76900e+28
      14675.0  5.74500e+28
      14725.0  5.68100e+28
      14775.0  5.70200e+28
      14825.0  5.70600e+28
      14875.0  5.65600e+28
      14925.0  5.74300e+28
      14975.0  5.69100e+28
      15025.0  5.64400e+28
      15075.0  5.62000e+28
      15125.0  5.69500e+28
      15175.0  5.69900e+28
      15225.0  5.68700e+28
      15275.0  5.70400e+28
      15325.0  5.67900e+28
      15375.0  5.67600e+28
      15425.0  5.63200e+28
      15475.0  5.64900e+28
      15525.0  5.60700e+28
      15575.0  5.45900e+28
      15625.0  5.53000e+28
      15675.0  5.48700e+28
      15725.0  5.54300e+28
      15775.0  5.33000e+28
      15825.0  5.34500e+28
      15875.0  5.26300e+28
      15925.0  5.43900e+28
      15975.0  5.36000e+28
      16050.0  5.35600e+28
      16150.0  5.35900e+28
      16250.0  5.28700e+28
      16350.0  5.35700e+28
      16450.0  5.27742e+28
      16550.0  5.26500e+28
      16650.0  5.13900e+28
      16750.0  5.09600e+28
      16850.0  4.96400e+28
      16950.0  5.01600e+28
      17050.0  4.90800e+28
      17150.0  4.84100e+28
      17250.0  4.73600e+28
      17350.0  4.55300e+28
      17450.0  4.53500e+28
      17550.0  4.45000e+28
      17650.0  4.35700e+28
      17750.0  4.24300e+28
      17850.0  4.16300e+28
      17950.0  4.05900e+28
      18050.0  3.95100e+28
      18150.0  3.83800e+28
      18250.0  3.81300e+28
      18350.0  3.77000e+28
      18450.0  3.69100e+28
      18550.0  3.64500e+28
      18650.0  3.55100e+28
      18750.0  4.77317e+28
      18850.0  3.46100e+28
      18950.0  3.35800e+28
      19050.0  3.38100e+28
      19150.0  3.32500e+28
      19250.0  3.28400e+28
      19350.0  3.20900e+28
      19450.0  3.19024e+28
      19550.0  3.12100e+28
      19650.0  3.07000e+28
      19750.0  3.00300e+28
      19850.0  2.96800e+28
      19950.0  2.93300e+28
      20050.0  2.91500e+28
      20150.0  2.88100e+28
      20250.0  2.82200e+28
      20350.0  2.79100e+28
      20450.0  2.78800e+28
      20550.0  2.76891e+28
      20650.0  2.71618e+28
      20750.0  2.69300e+28
      20850.0  2.66300e+28
      20950.0  2.62400e+28
      21050.0  2.61500e+28
      21150.0  2.57805e+28
      21250.0  2.58423e+28
      21350.0  2.53300e+28
      21450.0  2.50300e+28
      21550.0  2.47000e+28
      21650.0  2.51644e+28
      21750.0  2.39601e+28
      21850.0  2.37400e+28
      21950.0  2.35000e+28
      22050.0  2.30100e+28
      22150.0  2.29300e+28
      22250.0  2.24600e+28
      22350.0  2.22100e+28
      22450.0  2.19400e+28
      22550.0  2.16700e+28
      22650.0  2.12900e+28
      22750.0  2.11400e+28
      22850.0  2.07200e+28
      22950.0  1.81400e+28
      23050.0  1.90300e+28
      23150.0  1.88700e+28
      23250.0  1.67100e+28
      23350.0  1.76400e+28
      23450.0  1.71400e+28
      23550.0  1.55300e+28
      23650.0  1.64800e+28
      23750.0  1.59900e+28
      23850.0  1.47200e+28
      23950.0  1.53900e+28
      24050.0  1.51500e+28
      24150.0  1.40300e+28
      24250.0  1.44100e+28
      24350.0  1.41500e+28
      24450.0  1.34200e+28
      24550.0  1.32200e+28
      24650.0  1.33200e+28
      24750.0  1.28300e+28
      24850.0  1.20500e+28
      24950.0  1.20400e+28
      25050.0  1.22000e+28
      25150.0  1.14300e+28
      25250.0  1.16400e+28
      25350.0  1.16100e+28
      25450.0  1.13600e+28
      25550.0  1.12300e+28
      25650.0  1.12000e+28
      25750.0  1.12700e+28
      25850.0  1.08700e+28
      25950.0  1.09400e+28
      26050.0  1.09400e+28
      26150.0  1.07009e+28
      26250.0  1.21401e+28
      26350.0  1.05916e+28
      26450.0  1.05100e+28
      26550.0  1.03500e+28
      26650.0  1.01500e+28
      26750.0  1.02200e+28
      26850.0  1.01500e+28
      26950.0  9.93200e+27
      27050.0  9.93600e+27
      27150.0  9.82900e+27
      27250.0  9.77800e+27
      27350.0  9.57100e+27
      27450.0  9.54900e+27
      27550.0  9.43200e+27
      27650.0  9.32700e+27
      27750.0  9.20300e+27
      27850.0  9.17300e+27
      27950.0  9.12500e+27
      28050.0  9.01400e+27
      28150.0  8.88600e+27
      28250.0  8.82800e+27
      28350.0  8.77000e+27
      28450.0  8.66700e+27
      28550.0  8.57400e+27
      28650.0  8.48100e+27
      28750.0  8.34500e+27
      28850.0  8.32200e+27
      28950.0  8.25000e+27
      29050.0  8.16800e+27
      29150.0  8.09600e+27
      29250.0  7.97000e+27
      29350.0  7.94600e+27
      29450.0  7.83800e+27
      29550.0  7.77000e+27
      29650.0  7.71200e+27
      29750.0  7.63300e+27
      29850.0  7.55000e+27
      29950.0  7.47600e+27
      30050.0  7.40200e+27
      30150.0  7.35500e+27
      30250.0  7.27100e+27
      30350.0  7.14600e+27
      30450.0  7.14200e+27
      30550.0  7.08800e+27
      30650.0  7.03000e+27
      30750.0  6.98500e+27
      30850.0  6.91000e+27
      30950.0  6.86400e+27
      31050.0  6.82500e+27
      31150.0  6.72600e+27
      31250.0  6.69800e+27
      31350.0  6.64200e+27
      31450.0  6.58400e+27
      31550.0  6.51900e+27
      31650.0  6.46000e+27
      31750.0  6.41500e+27
      31850.0  6.36100e+27
      31950.0  6.31700e+27
      32100.0  6.23300e+27
      32300.0  6.12800e+27
      32500.0  6.02900e+27
      32700.0  5.92000e+27
      32900.0  5.77600e+27
      33100.0  5.70400e+27
      33300.0  5.60700e+27
      33500.0  5.52100e+27
      33700.0  5.41800e+27
      33900.0  5.31500e+27
      34100.0  5.21500e+27
      34300.0  5.13300e+27
      34500.0  5.04200e+27
      34700.0  4.94600e+27
      34900.0  4.85800e+27
      35100.0  4.77300e+27
      35300.0  4.67600e+27
      35500.0  4.59700e+27
      35700.0  4.50800e+27
      35900.0  4.42500e+27
      36100.0  4.35300e+27
      36300.0  4.27100e+27
      36500.0  4.18300e+27
      36700.0  4.10600e+27
      36900.0  4.01800e+27
      37100.0  3.94300e+27
      37300.0  3.87500e+27
      37500.0  3.78100e+27
      37700.0  3.73800e+27
      37900.0  3.66600e+27
      38100.0  3.60200e+27
      38300.0  3.54100e+27
      38500.0  3.47900e+27
      38700.0  3.40500e+27
      38900.0  3.34500e+27
      39100.0  3.28300e+27
      39300.0  3.22900e+27
      39500.0  3.16000e+27
      39700.0  3.10600e+27
      39900.0  3.03600e+27
      40100.0  2.98900e+27
      40300.0  2.94000e+27
      40500.0  4.89626e+27
      40700.0  2.83404e+27
      40900.0  2.78600e+27
      41100.0  2.74000e+27
      41300.0  2.69400e+27
      41500.0  2.64400e+27
      41700.0  2.59200e+27
      41900.0  2.55300e+27
      42100.0  2.50500e+27
      42300.0  2.47200e+27
      42500.0  2.42500e+27
      42700.0  2.38900e+27
      42900.0  2.27000e+27
      43100.0  2.15800e+27
      43300.0  2.16000e+27
      43500.0  2.05700e+27
      43700.0  2.00000e+27
      43900.0  1.96300e+27
      44100.0  1.87700e+27
      44300.0  1.85500e+27
      44500.0  1.82100e+27
      44700.0  1.75000e+27
      44900.0  1.75300e+27
      45100.0  1.70900e+27
      45300.0  1.65900e+27
      45500.0  1.65600e+27
      45700.0  1.63500e+27
      45900.0  1.57800e+27
      46100.0  1.58500e+27
      46300.0  1.55300e+27
      46500.0  1.52800e+27
      46700.0  1.51900e+27
      46900.0  1.49700e+27
      47100.0  1.46800e+27
      47300.0  1.47000e+27
      47500.0  1.43900e+27
      47700.0  1.42000e+27
      47900.0  1.40400e+27
      48100.0  1.37200e+27
      48300.0  1.37600e+27
      48500.0  1.35000e+27
      48700.0  1.32400e+27
      48900.0  1.30800e+27
      49100.0  1.29000e+27
      49300.0  1.27200e+27
      49500.0  1.25100e+27
      49700.0  1.24300e+27
      49900.0  1.22300e+27
      50100.0  1.21000e+27
      50300.0  1.19400e+27
      50500.0  1.16900e+27
      50700.0  1.15900e+27
      50900.0  1.14500e+27
      51100.0  1.12400e+27
      51300.0  1.11200e+27
      51500.0  1.09700e+27
      51700.0  1.09300e+27
      51900.0  1.07300e+27
      52100.0  1.06100e+27
      52300.0  1.04400e+27
      52500.0  1.03500e+27
      52700.0  1.03100e+27
      52900.0  1.00600e+27
      53100.0  9.93000e+26
      53300.0  9.85200e+26
      53500.0  9.72700e+26
      53700.0  9.61900e+26
      53900.0  9.51100e+26
      54100.0  9.39700e+26
      54300.0  9.23200e+26
      54500.0  9.18800e+26
      54700.0  9.03300e+26
      54900.0  8.94700e+26
      55100.0  8.81900e+26
      55300.0  8.83900e+26
      55500.0  8.60800e+26
      55700.0  8.59100e+26
      55900.0  8.44600e+26
      56100.0  8.38700e+26
      56300.0  8.23200e+26
      56500.0  8.19100e+26
      56700.0  8.08900e+26
      56900.0  7.94500e+26
      57100.0  7.91400e+26
      57300.0  7.81800e+26
      57500.0  7.72500e+26
      57700.0  7.62300e+26
      57900.0  7.57000e+26
      58100.0  7.45600e+26
      58300.0  7.37700e+26
      58500.0  7.28900e+26
      58700.0  7.17700e+26
      58900.0  7.10100e+26
      59100.0  7.00600e+26
      59300.0  6.95500e+26
      59500.0  6.86000e+26
      59700.0  6.80400e+26
      59900.0  6.72600e+26
      60100.0  6.64900e+26
      60300.0  6.57200e+26
      60500.0  6.47700e+26
      60700.0  6.40700e+26
      60900.0  6.33200e+26
      61100.0  6.25100e+26
      61300.0  6.19400e+26
      61500.0  6.13000e+26
      61700.0  6.07200e+26
      61900.0  6.00000e+26
      62100.0  5.93900e+26
      62300.0  5.85900e+26
      62500.0  5.78200e+26
      62700.0  5.71900e+26
      62900.0  5.65900e+26
      63100.0  5.59300e+26
      63300.0  5.54600e+26
      63500.0  5.47400e+26
      63700.0  5.42800e+26
      63900.0  5.35100e+26
      64200.0  5.27000e+26
      64600.0  5.14900e+26
      65000.0  5.03800e+26
      65400.0  4.92600e+26
      65800.0  4.82400e+26
      66200.0  4.71500e+26
      66600.0  4.61500e+26
      67000.0  4.51700e+26
      67400.0  4.41700e+26
      67800.0  4.32300e+26
      68200.0  4.23000e+26
      68600.0  4.14300e+26
      69000.0  4.05300e+26
      69400.0  3.96800e+26
      69800.0  3.88600e+26
      70200.0  3.80300e+26
      70600.0  3.72600e+26
      71000.0  3.64800e+26
      71400.0  3.57200e+26
      71800.0  3.49700e+26
      72200.0  3.42500e+26
      72600.0  3.35300e+26
      73000.0  3.28500e+26
      73400.0  3.21700e+26
      73800.0  3.15300e+26
      74200.0  3.08400e+26
      74600.0  3.01500e+26
      75000.0  2.95600e+26
      75400.0  2.89700e+26
      75800.0  2.83700e+26
      76200.0  2.77700e+26
      76600.0  2.71900e+26
      77000.0  2.66100e+26
      77400.0  2.60600e+26
      77800.0  2.55200e+26
      78200.0  2.49900e+26
      78600.0  2.44800e+26
      79000.0  2.39800e+26
      79400.0  2.34900e+26
      79800.0  2.29800e+26
      80200.0  2.24700e+26
      80600.0  2.19700e+26
      81000.0  2.15000e+26
      81400.0  2.10300e+26
      81800.0  2.05900e+26
      82200.0  2.01500e+26
      82600.0  1.97200e+26
      83000.0  1.93100e+26
      83400.0  1.89000e+26
      83800.0  1.85000e+26
      84200.0  1.81200e+26
      84600.0  1.77400e+26
      85000.0  1.73800e+26
      85400.0  1.70200e+26
      85800.0  1.66700e+26
      86200.0  1.63300e+26
      86600.0  1.60000e+26
      87000.0  1.56700e+26
      87400.0  1.53600e+26
      87800.0  1.50500e+26
      88200.0  1.47500e+26
      88600.0  1.44600e+26
      89000.0  1.41800e+26
      89400.0  1.39000e+26
      89800.0  1.36200e+26
      90200.0  1.33600e+26
      90600.0  1.31100e+26
      91000.0  1.28500e+26
      91400.0  1.25900e+26
      91800.0  1.23500e+26
      92200.0  1.21200e+26
      92600.0  1.18900e+26
      93000.0  1.16700e+26
      93400.0  1.14500e+26
      93800.0  1.12400e+26
      94200.0  1.10300e+26
      94600.0  1.08500e+26
      95000.0  1.06900e+26
      95400.0  1.05400e+26
      95800.0  1.03800e+26
      96200.0  1.02300e+26
      96600.0  1.00900e+26
      97000.0  9.94400e+25
      97400.0  9.79700e+25
      97800.0  9.66200e+25
      98200.0  9.52700e+25
      98600.0  9.39300e+25
      99000.0  9.26200e+25
      99400.0  9.13200e+25
      99800.0  9.00500e+25
      100200.  8.88300e+25
      200000.  7.71500e+24
      400000.  8.74400e+23
      600000.  3.06400e+23
      800000.  1.59500e+23
  1.00000e+06  9.94700e+22
  1.20000e+06  6.94200e+22
  1.40000e+06  5.14100e+22
  1.60000e+06  3.96900e+22
