      91.0000       0.0000000
      94.0000       0.0000000
      96.0000       0.0000000
      98.0000       0.0000000
      100.000       0.0000000
      102.000       0.0000000
      104.000       0.0000000
      106.000       0.0000000
      108.000       0.0000000
      110.000       0.0000000
      114.000       0.0000000
      118.000       0.0000000
      121.000       0.0000000
      125.000       0.0000000
      127.000       0.0000000
      128.000       0.0000000
      131.000       0.0000000
      132.000       0.0000000
      134.000       0.0000000
      137.000       0.0000000
      140.000       0.0000000
      143.000       0.0000000
      147.000       0.0000000
      151.000       0.0000000
      155.000       0.0000000
      159.000       0.0000000
      162.000       0.0000000
      166.000       0.0000000
      170.000       0.0000000
      173.000       0.0000000
      177.000       0.0000000
      180.000       0.0000000
      182.000       0.0000000
      186.000       0.0000000
      191.000       0.0000000
      194.000       0.0000000
      198.000       0.0000000
      202.000       0.0000000
      205.000       0.0000000
      210.000       0.0000000
      216.000       0.0000000
      220.000       0.0000000
      223.000       0.0000000
      227.000       0.0000000
      230.000       0.0000000
      234.000       0.0000000
      240.000       0.0000000
      246.000       0.0000000
      252.000       0.0000000
      257.000       0.0000000
      260.000       0.0000000
      264.000       0.0000000
      269.000       0.0000000
      274.000       0.0000000
      279.000       0.0000000
      284.000       0.0000000
      290.000       0.0000000
      296.000       0.0000000
      301.000       0.0000000
      308.000       0.0000000
      318.000       0.0000000
      328.000       0.0000000
      338.000       0.0000000
      348.000       0.0000000
      357.000       0.0000000
      366.000       0.0000000
      375.000       0.0000000
      385.000       0.0000000
      395.000       0.0000000
      405.000       0.0000000
      414.000       0.0000000
      422.000       0.0000000
      430.000       0.0000000
      441.000       0.0000000
      451.000       0.0000000
      460.000       0.0000000
      470.000       0.0000000
      480.000       0.0000000
      490.000       0.0000000
      500.000       0.0000000
      506.000       0.0000000
      512.000       0.0000000
      520.000       0.0000000
      530.000       0.0000000
      540.000       0.0000000
      550.000       0.0000000
      560.000       0.0000000
      570.000       0.0000000
      580.000       0.0000000
      590.000       0.0000000
      600.000       0.0000000
      610.000       0.0000000
      620.000       0.0000000
      630.000       0.0000000
      640.000       0.0000000
      650.000       0.0000000
      658.000       0.0000000
      665.000       0.0000000
      675.000       0.0000000
      685.000       0.0000000
      695.000       0.0000000
      705.000       0.0000000
      716.000       0.0000000
      726.000       0.0000000
      735.000       0.0000000
      745.000       0.0000000
      755.000       0.0000000
      765.000       0.0000000
      775.000       0.0000000
      785.000       0.0000000
      795.000       0.0000000
      805.000       0.0000000
      815.000       0.0000000
      825.000       0.0000000
      835.000       0.0000000
      845.000       0.0000000
      855.000       0.0000000
      865.000       0.0000000
      875.000       0.0000000
      885.000       0.0000000
      895.000       0.0000000
      905.000       0.0000000
      915.000   7.8407687e+22
      925.000   2.1202408e+23
      935.000   3.7314765e+23
      945.000   5.3627291e+23
      955.000   6.8529516e+23
      965.000   7.7981163e+23
      975.000   2.9169343e+23
      985.000   6.6554126e+23
      995.000   7.5283122e+23
      1005.00   1.1221575e+24
      1015.00   1.3103892e+24
      1025.00   1.0528477e+24
      1035.00   1.3695283e+24
      1045.00   2.1900451e+24
      1055.00   2.3105035e+24
      1065.00   2.0479086e+24
      1075.00   2.5466314e+24
      1085.00   2.4114132e+24
      1095.00   3.2612866e+24
      1105.00   3.4681871e+24
      1115.00   3.7497127e+24
      1125.00   3.5566561e+24
      1135.00   4.9410814e+24
      1145.00   5.1273960e+24
      1155.00   5.7189771e+24
      1165.00   6.1561614e+24
      1175.00   4.1650868e+24
      1185.00   7.1101477e+24
      1195.00   6.4521426e+24
      1205.00   5.7496047e+24
      1215.00   9.3967315e+25
      1225.00   8.4729399e+24
      1235.00   1.1496244e+25
      1245.00   1.2833250e+25
      1255.00   1.3277084e+25
      1265.00   1.3593302e+25
      1275.00   1.7621018e+25
      1285.00   2.0359316e+25
      1295.00   1.8842858e+25
      1305.00   1.9803630e+25
      1315.00   2.6646609e+25
      1325.00   2.8157279e+25
      1335.00   2.9182225e+25
      1345.00   3.4421750e+25
      1355.00   3.5083516e+25
      1365.00   3.4248144e+25
      1375.00   3.7705127e+25
      1385.00   3.9118046e+25
      1395.00   3.5605440e+25
      1405.00   3.7438754e+25
      1415.00   4.3568070e+25
      1425.00   4.6437331e+25
      1435.00   4.7878361e+25
      1442.00   5.2555418e+25
      1447.00   5.5403409e+25
      1455.00   5.6355297e+25
      1465.00   5.3708615e+25
      1475.00   5.6356585e+25
      1485.00   6.0383501e+25
      1495.00   6.4233284e+25
      1505.00   6.5338779e+25
      1512.00   6.1460681e+25
      1517.00   6.5949784e+25
      1525.00   6.4492525e+25
      1535.00   5.9130894e+25
      1545.00   6.4910629e+25
      1555.00   6.4250049e+25
      1565.00   6.6330046e+25
      1575.00   7.6077223e+25
      1585.00   8.2455485e+25
      1595.00   8.8492007e+25
      1605.00   8.7359749e+25
      1615.00   8.9101372e+25
      1625.00   8.5801686e+25
      1635.00   9.4788243e+25
      1645.00   1.0143068e+26
      1655.00   9.0126107e+25
      1665.00   1.0763353e+26
      1672.00   9.0324116e+25
      1677.00   1.1112146e+26
      1685.00   1.1934220e+26
      1695.00   1.1324509e+26
      1705.00   1.1383581e+26
      1715.00   1.1580812e+26
      1725.00   1.1719535e+26
      1735.00   1.2781013e+26
      1745.00   1.2785176e+26
      1755.00   1.3941552e+26
      1765.00   1.2838781e+26
      1775.00   1.3860246e+26
      1785.00   1.4309624e+26
      1795.00   1.5664198e+26
      1805.00   1.5746939e+26
      1815.00   1.5385069e+26
      1825.00   1.5535599e+26
      1835.00   1.5527999e+26
      1845.00   1.4620666e+26
      1855.00   1.5471473e+26
      1865.00   1.6202351e+26
      1875.00   1.7223912e+26
      1885.00   1.6959811e+26
      1895.00   1.7126222e+26
      1905.00   1.8084713e+26
      1915.00   1.7939344e+26
      1925.00   1.8165754e+26
      1935.00   1.8292803e+26
      1945.00   1.9940365e+26
      1955.00   1.9596466e+26
      1967.00   2.1251730e+26
      1976.00   2.1555479e+26
      1984.00   2.1246817e+26
      1995.00   2.1191762e+26
      2005.00   2.1603008e+26
      2015.00   2.1590245e+26
      2025.00   2.2021845e+26
      2035.00   2.2540930e+26
      2045.00   2.3862273e+26
      2055.00   2.2968363e+26
      2065.00   2.3437147e+26
      2074.00   2.5617301e+26
      2078.00   2.5551023e+26
      2085.00   2.6195202e+26
      2095.00   2.5560762e+26
      2105.00   2.5715892e+26
      2115.00   2.6519347e+26
      2125.00   2.7268489e+26
      2135.00   2.5322394e+26
      2145.00   2.7464456e+26
      2155.00   2.8350992e+26
      2165.00   2.7657698e+26
      2175.00   2.8023986e+26
      2185.00   2.8644647e+26
      2195.00   3.0715888e+26
      2205.00   3.0243113e+26
      2215.00   2.8897415e+26
      2225.00   2.9176908e+26
      2235.00   3.2201197e+26
      2245.00   3.0804469e+26
      2255.00   3.0184003e+26
      2265.00   3.0798808e+26
      2275.00   3.2725846e+26
      2285.00   3.4325103e+26
      2295.00   3.2676237e+26
      2305.00   3.3882741e+26
      2315.00   3.3391893e+26
      2325.00   3.1162787e+26
      2335.00   3.2742997e+26
      2345.00   3.1088444e+26
      2355.00   3.5293572e+26
      2365.00   3.2439327e+26
      2375.00   3.4623032e+26
      2385.00   3.1517228e+26
      2395.00   3.4547214e+26
      2405.00   3.3988655e+26
      2415.00   3.5326366e+26
      2425.00   3.8694165e+26
      2435.00   3.7880614e+26
      2445.00   4.0815429e+26
      2455.00   4.0685328e+26
      2465.00   4.1043371e+26
      2475.00   3.9901654e+26
      2485.00   4.1054609e+26
      2495.00   3.9289139e+26
      2505.00   4.5547282e+26
      2513.00   4.1035182e+26
      2518.00   4.1357531e+26
      2525.00   4.0062191e+26
      2535.00   4.1266592e+26
      2545.00   4.1895403e+26
      2555.00   4.6482671e+26
      2565.00   4.6163186e+26
      2575.00   4.9821777e+26
      2585.00   5.0243572e+26
      2595.00   5.0168107e+26
      2605.00   4.9021787e+26
      2615.00   4.8875341e+26
      2625.00   5.2880265e+26
      2635.00   5.5736744e+26
      2645.00   6.2654619e+26
      2655.00   6.5234552e+26
      2665.00   6.0210690e+26
      2675.00   6.3785484e+26
      2685.00   6.5662738e+26
      2695.00   6.2476899e+26
      2705.00   6.5450202e+26
      2715.00   6.2338320e+26
      2725.00   6.3059559e+26
      2735.00   6.7882237e+26
      2745.00   5.9031014e+26
      2755.00   6.2104407e+26
      2765.00   6.6533258e+26
      2775.00   7.0656256e+26
      2785.00   6.6767951e+26
      2795.00   4.9823988e+26
      2805.00   5.5115918e+26
      2815.00   7.4929105e+26
      2825.00   8.0267453e+26
      2835.00   7.9208039e+26
      2845.00   7.7190401e+26
      2855.00   7.3580603e+26
      2865.00   8.3858834e+26
      2875.00   8.5985274e+26
      2885.00   8.7105362e+26
      2895.00   8.7983356e+26
      2910.00   9.8572338e+26
      2930.00   9.7614532e+26
      2950.00   9.9267641e+26
      2970.00   1.0365516e+27
      2990.00   1.0745774e+27
      3010.00   1.1216858e+27
      3030.00   1.1555438e+27
      3050.00   1.1982265e+27
      3070.00   1.2286614e+27
      3090.00   1.2698455e+27
      3110.00   1.3071502e+27
      3130.00   1.3254237e+27
      3150.00   1.3633235e+27
      3170.00   1.4155666e+27
      3190.00   1.3915990e+27
      3210.00   1.4829534e+27
      3230.00   1.4618228e+27
      3250.00   1.5994683e+27
      3270.00   1.7037349e+27
      3290.00   1.7403310e+27
      3310.00   1.7808454e+27
      3330.00   1.8147820e+27
      3350.00   1.8360681e+27
      3370.00   1.7926897e+27
      3390.00   1.8845101e+27
      3410.00   1.9596950e+27
      3430.00   2.0365730e+27
      3450.00   2.1040495e+27
      3470.00   2.1606970e+27
      3490.00   2.2513479e+27
      3510.00   2.3520328e+27
      3530.00   2.3590802e+27
      3550.00   2.5165350e+27
      3570.00   2.3953077e+27
      3590.00   2.4295903e+27
      3610.00   2.5805016e+27
      3630.00   2.6584078e+27
      3640.00   2.7019500e+27
      3650.00   2.8223029e+27
      3670.00   2.8347544e+27
      3690.00   2.7447698e+27
      3710.00   3.0978155e+27
      3730.00   4.4283683e+27
      3750.00   3.7099030e+27
      3770.00   4.0669266e+27
      3790.00   4.7810681e+27
      3810.00   5.5036354e+27
      3830.00   4.4411654e+27
      3850.00   6.1002787e+27
      3870.00   7.0678306e+27
      3890.00   4.6932359e+27
      3910.00   7.4254668e+27
      3930.00   6.6547817e+27
      3950.00   7.5224924e+27
      3970.00   4.5853858e+27
      3990.00   8.1575232e+27
      4010.00   9.3690373e+27
      4030.00   9.6186331e+27
      4050.00   9.7040666e+27
      4070.00   9.4782312e+27
      4090.00   8.2136850e+27
      4110.00   6.9878854e+27
      4130.00   9.8725794e+27
      4150.00   1.0549565e+28
      4170.00   1.0804112e+28
      4190.00   1.0889137e+28
      4210.00   1.1069371e+28
      4230.00   1.1062539e+28
      4250.00   1.1279446e+28
      4270.00   1.1191125e+28
      4290.00   1.1145744e+28
      4310.00   1.0387401e+28
      4330.00   9.4301186e+27
      4350.00   8.6109098e+27
      4370.00   1.1891768e+28
      4390.00   1.2212411e+28
      4410.00   1.2680372e+28
      4430.00   1.3106725e+28
      4450.00   1.3353846e+28
      4470.00   1.3754038e+28
      4490.00   1.3881829e+28
      4510.00   1.4558768e+28
      4530.00   1.4235238e+28
      4550.00   1.4485950e+28
      4570.00   1.5096196e+28
      4590.00   1.4968023e+28
      4610.00   1.5383873e+28
      4630.00   1.5401738e+28
      4650.00   1.5711680e+28
      4670.00   1.6045756e+28
      4690.00   1.6074430e+28
      4710.00   1.5933091e+28
      4730.00   1.6538532e+28
      4750.00   1.6883694e+28
      4770.00   1.6964049e+28
      4790.00   1.7094691e+28
      4810.00   1.7110355e+28
      4830.00   1.6947599e+28
      4850.00   1.4734271e+28
      4870.00   1.3149801e+28
      4890.00   1.7039622e+28
      4910.00   1.7937488e+28
      4930.00   1.8135488e+28
      4950.00   1.8701939e+28
      4970.00   1.8970198e+28
      4990.00   1.8698910e+28
      5010.00   2.5319950e+28
      5030.00   1.9185232e+28
      5050.00   1.9324742e+28
      5070.00   1.9899504e+28
      5090.00   1.9811237e+28
      5110.00   2.0179788e+28
      5130.00   2.0137140e+28
      5150.00   2.0055113e+28
      5170.00   1.9839770e+28
      5190.00   2.0184595e+28
      5210.00   2.0768575e+28
      5230.00   2.1235899e+28
      5250.00   2.1799375e+28
      5270.00   2.1089002e+28
      5290.00   2.2297691e+28
      5310.00   2.2797210e+28
      5330.00   2.2166951e+28
      5350.00   2.3074151e+28
      5370.00   2.3207456e+28
      5390.00   2.3337182e+28
      5410.00   2.3332667e+28
      5430.00   2.3737034e+28
      5450.00   2.4184845e+28
      5470.00   2.4248067e+28
      5490.00   2.4543541e+28
      5510.00   2.4719484e+28
      5530.00   2.5199867e+28
      5550.00   2.5541771e+28
      5570.00   2.5506774e+28
      5590.00   2.5612661e+28
      5610.00   2.6061450e+28
      5630.00   2.6361608e+28
      5650.00   2.6685261e+28
      5670.00   2.6647501e+28
      5690.00   2.7222661e+28
      5710.00   2.7105872e+28
      5730.00   2.8186905e+28
      5750.00   2.8062415e+28
      5770.00   2.8396145e+28
      5790.00   2.8330908e+28
      5810.00   2.8884440e+28
      5830.00   2.9394983e+28
      5850.00   2.9318493e+28
      5870.00   2.9775924e+28
      5890.00   2.8603558e+28
      5910.00   2.9861963e+28
      5930.00   3.0219390e+28
      5950.00   3.0468309e+28
      5970.00   3.0912456e+28
      5990.00   3.0991650e+28
      6010.00   3.1065201e+28
      6030.00   3.1599852e+28
      6050.00   3.2170707e+28
      6070.00   3.2389482e+28
      6090.00   3.2302655e+28
      6110.00   3.2544108e+28
      6130.00   3.2098603e+28
      6150.00   3.2549329e+28
      6170.00   3.2300682e+28
      6190.00   3.3269044e+28
      6210.00   3.3434625e+28
      6230.00   3.3264559e+28
      6250.00   3.3008574e+28
      6270.00   3.4081475e+28
      6290.00   3.4679952e+28
      6310.00   3.3809132e+28
      6330.00   3.4126395e+28
      6350.00   3.4406327e+28
      6370.00   3.4707776e+28
      6390.00   3.5224160e+28
      6410.00   3.5118154e+28
      6430.00   3.5576584e+28
      6450.00   3.5765001e+28
      6470.00   3.6047975e+28
      6490.00   3.5914941e+28
      6510.00   3.6624870e+28
      6530.00   3.6505887e+28
      6550.00   3.6566079e+28
      6570.00   3.6977492e+28
      6590.00   3.9242268e+28
      6610.00   3.7897652e+28
      6630.00   3.8340697e+28
      6650.00   3.8660088e+28
      6670.00   3.8716800e+28
      6690.00   3.9233456e+28
      6710.00   4.0758877e+28
      6730.00   4.1716240e+28
      6750.00   3.9606383e+28
      6770.00   3.9981197e+28
      6790.00   4.0140388e+28
      6810.00   4.0481374e+28
      6830.00   4.0949300e+28
      6850.00   4.0862317e+28
      6870.00   4.1425517e+28
      6890.00   4.1998357e+28
      6910.00   4.2270453e+28
      6930.00   4.2505690e+28
      6950.00   4.2793576e+28
      6970.00   4.3360156e+28
      6990.00   4.3637566e+28
      7010.00   4.3642196e+28
      7030.00   4.4265613e+28
      7050.00   4.4522065e+28
      7070.00   4.4264995e+28
      7090.00   4.3945598e+28
      7110.00   4.3685845e+28
      7130.00   4.4680581e+28
      7150.00   4.4079879e+28
      7170.00   4.4421190e+28
      7190.00   4.4213673e+28
      7210.00   4.4938301e+28
      7230.00   4.5623795e+28
      7250.00   4.6109175e+28
      7270.00   4.6573220e+28
      7290.00   4.6587010e+28
      7310.00   4.7538004e+28
      7330.00   4.8186105e+28
      7350.00   4.8574184e+28
      7370.00   4.9444881e+28
      7390.00   4.9267127e+28
      7410.00   4.9360045e+28
      7430.00   5.0319816e+28
      7450.00   5.0716766e+28
      7470.00   5.1338022e+28
      7490.00   5.1591424e+28
      7510.00   5.2137760e+28
      7530.00   5.2795619e+28
      7550.00   5.3314902e+28
      7570.00   5.3477471e+28
      7590.00   5.3294159e+28
      7610.00   5.3135334e+28
      7630.00   5.2767549e+28
      7650.00   5.2457552e+28
      7670.00   5.1592504e+28
      7690.00   5.2441696e+28
      7710.00   5.2224443e+28
      7730.00   5.2628090e+28
      7750.00   5.2709960e+28
      7770.00   5.3089187e+28
      7790.00   5.3842456e+28
      7810.00   5.4194442e+28
      7830.00   5.4258677e+28
      7850.00   5.4215597e+28
      7870.00   5.5026506e+28
      7890.00   5.5055948e+28
      7910.00   5.4814115e+28
      7930.00   5.5177845e+28
      7950.00   5.5402404e+28
      7970.00   5.6572661e+28
      7990.00   5.6833356e+28
      8010.00   5.7846665e+28
      8030.00   5.8261788e+28
      8050.00   5.8540981e+28
      8070.00   5.9282532e+28
      8090.00   5.9431944e+28
      8110.00   6.0101622e+28
      8130.00   6.1040082e+28
      8150.00   6.1632191e+28
      8170.00   6.2191624e+28
      8190.00   6.1616742e+28
      8210.00   6.1626518e+28
      8230.00   6.2033497e+28
      8250.00   6.2339020e+28
      8270.00   6.2959728e+28
      8290.00   6.2964527e+28
      8310.00   6.2395683e+28
      8330.00   6.2135928e+28
      8350.00   6.2653721e+28
      8370.00   6.2979906e+28
      8390.00   6.2134767e+28
      8410.00   6.3187069e+28
      8430.00   6.2011782e+28
      8450.00   6.1301733e+28
      8470.00   6.1138155e+28
      8490.00   6.2090483e+28
      8510.00   5.9715739e+28
      8530.00   6.2828929e+28
      8550.00   5.6572788e+28
      8570.00   6.5256125e+28
      8590.00   6.3736007e+28
      8610.00   6.4029060e+28
      8630.00   6.7400498e+28
      8650.00   6.6521807e+28
      8670.00   5.8868868e+28
      8690.00   6.7322286e+28
      8710.00   6.9794818e+28
      8730.00   6.9431873e+28
      8750.00   6.5424439e+28
      8770.00   6.9581472e+28
      8790.00   7.1985749e+28
      8810.00   7.1962171e+28
      8830.00   7.1955546e+28
      8850.00   7.0064009e+28
      8870.00   6.6369928e+28
      8890.00   7.1446674e+28
      8910.00   7.3186108e+28
      8930.00   7.3265587e+28
      8950.00   7.3745348e+28
      8970.00   7.3914466e+28
      8990.00   7.3287886e+28
      9010.00   6.8426602e+28
      9030.00   7.1794243e+28
      9050.00   7.8528060e+28
      9070.00   1.0152910e+29
      9090.00   7.7667233e+28
      9110.00   7.7303431e+28
      9130.00   7.8255436e+28
      9150.00   7.8313040e+28
      9170.00   7.8365972e+28
      9190.00   7.8491459e+28
      9210.00   7.5547068e+28
      9230.00   7.0620289e+28
      9250.00   7.4496570e+28
      9270.00   7.6646197e+28
      9290.00   7.7282767e+28
      9310.00   7.7989031e+28
      9330.00   7.8430127e+28
      9350.00   7.8492887e+28
      9370.00   7.8224781e+28
      9390.00   7.9167018e+28
      9410.00   7.8283676e+28
      9430.00   7.9796056e+28
      9450.00   7.9593014e+28
      9470.00   8.0602822e+28
      9490.00   8.0688634e+28
      9510.00   7.9876745e+28
      9530.00   7.8612979e+28
      9550.00   7.4387125e+28
      9570.00   7.9030066e+28
      9590.00   8.1349938e+28
      9610.00   8.1443186e+28
      9630.00   8.1885582e+28
      9650.00   8.1677932e+28
      9670.00   8.1849801e+28
      9690.00   8.2886298e+28
      9710.00   8.2711884e+28
      9730.00   8.2666981e+28
      9750.00   8.2723448e+28
      9770.00   8.3250150e+28
      9790.00   8.2993826e+28
      9810.00   8.4153045e+28
      9830.00   8.4045387e+28
      9850.00   8.4573222e+28
      9870.00   8.4536331e+28
      9890.00   8.4652690e+28
      9910.00   8.4654626e+28
      9930.00   8.5099746e+28
      9950.00   8.5400696e+28
      9970.00   8.5603600e+28
      9990.00   8.5560685e+28
      10025.0   8.3903629e+28
      10075.0   8.3151806e+28
      10125.0   8.6816137e+28
      10175.0   8.7079863e+28
      10225.0   8.7877397e+28
      10275.0   8.8617419e+28
      10325.0   9.0161781e+28
      10375.0   8.8732597e+28
      10425.0   8.9563148e+28
      10475.0   8.9139819e+28
      10525.0   8.9035789e+28
      10575.0   8.8566716e+28
      10625.0   8.8635220e+28
      10675.0   8.8342821e+28
      10725.0   8.9374433e+28
      10775.0   8.9642415e+28
      10825.0   9.1960921e+28
      10875.0   8.9590514e+28
      10925.0   8.7530040e+28
      10975.0   8.8855275e+28
      11025.0   9.0548105e+28
      11075.0   9.0573398e+28
      11125.0   9.0814144e+28
      11175.0   9.0824795e+28
      11225.0   9.1339687e+28
      11275.0   9.0876915e+28
      11325.0   9.1276323e+28
      11375.0   9.1418130e+28
      11425.0   9.1203679e+28
      11475.0   9.2436663e+28
      11525.0   9.2725909e+28
      11575.0   9.2464425e+28
      11625.0   9.1849001e+28
      11675.0   9.2184250e+28
      11725.0   9.3016202e+28
      11775.0   9.1825137e+28
      11825.0   9.1923345e+28
      11875.0   9.1237423e+28
      11925.0   9.2754477e+28
      11975.0   9.1146075e+28
      12025.0   9.2711213e+28
      12075.0   9.2614443e+28
      12125.0   9.3151429e+28
      12175.0   9.3683453e+28
      12225.0   9.3733598e+28
      12275.0   9.3636514e+28
      12325.0   9.3712200e+28
      12375.0   9.3911199e+28
      12425.0   9.3550956e+28
      12475.0   9.3724370e+28
      12525.0   9.3552304e+28
      12575.0   9.3673731e+28
      12625.0   9.3727333e+28
      12675.0   9.3597140e+28
      12725.0   9.3856209e+28
      12775.0   9.3722801e+28
      12825.0   9.1812801e+28
      12875.0   9.3429996e+28
      12925.0   9.3586717e+28
      12975.0   9.4515840e+28
      13025.0   9.4175367e+28
      13075.0   9.4611883e+28
      13125.0   9.3627948e+28
      13175.0   9.3609918e+28
      13225.0   9.3893068e+28
      13275.0   9.3067264e+28
      13325.0   9.3392235e+28
      13375.0   9.2976126e+28
      13425.0   9.3316361e+28
      13475.0   9.3002321e+28
      13525.0   9.2869561e+28
      13575.0   9.2165028e+28
      13625.0   9.2236354e+28
      13675.0   9.2866887e+28
      13725.0   9.3294973e+28
      13775.0   9.3550169e+28
      13825.0   9.3867744e+28
      13875.0   9.3561907e+28
      13925.0   9.1651017e+28
      13975.0   9.1655515e+28
      14025.0   9.1195256e+28
      14075.0   9.1920671e+28
      14125.0   9.1509647e+28
      14175.0   9.2265626e+28
      14225.0   9.1762304e+28
      14275.0   9.1316498e+28
      14325.0   9.2645291e+28
      14375.0   9.3138268e+28
      14425.0   9.1817585e+28
      14475.0   9.3486381e+28
      14525.0   9.2958899e+28
      14570.0   9.3677041e+28
      14620.0   9.2902059e+28
      14675.0   9.3044649e+28
      14725.0   9.2585027e+28
      14775.0   9.3310037e+28
      14825.0   9.3803323e+28
      14875.0   9.3473966e+28
      14925.0   9.5218722e+28
      14975.0   9.4839786e+28
      15025.0   9.4449123e+28
      15075.0   9.4607494e+28
      15125.0   9.6049992e+28
      15175.0   9.6529822e+28
      15225.0   9.6682189e+28
      15275.0   9.7321349e+28
      15325.0   9.7383783e+28
      15375.0   9.7813294e+28
      15425.0   9.7406966e+28
      15475.0   9.8205429e+28
      15525.0   9.7952061e+28
      15575.0   9.5611727e+28
      15625.0   9.7374575e+28
      15675.0   9.7092874e+28
      15725.0   9.8224109e+28
      15775.0   9.5461430e+28
      15825.0   9.6017395e+28
      15875.0   9.4690034e+28
      15925.0   9.8273973e+28
      15975.0   9.7507984e+28
      16050.0   9.7425741e+28
      16150.0   9.7894666e+28
      16250.0   9.7803976e+28
      16350.0   9.9804676e+28
      16450.0   9.6441690e+28
      16550.0   9.9684939e+28
      16650.0   9.7577632e+28
      16750.0   9.7704276e+28
      16850.0   9.5399233e+28
      16950.0   9.7514510e+28
      17050.0   9.6305565e+28
      17150.0   9.5601489e+28
      17250.0   9.4315347e+28
      17350.0   9.0714131e+28
      17450.0   9.1671465e+28
      17550.0   9.0572031e+28
      17650.0   8.9593078e+28
      17750.0   8.7953870e+28
      17850.0   8.7063229e+28
      17950.0   8.5770644e+28
      18050.0   8.4174245e+28
      18150.0   8.2159392e+28
      18250.0   8.2443341e+28
      18350.0   8.2114625e+28
      18450.0   8.1269693e+28
      18550.0   8.0901855e+28
      18650.0   7.9503732e+28
      18750.0   8.3422184e+28
      18850.0   7.8322490e+28
      18950.0   7.6666001e+28
      19050.0   7.7409680e+28
      19150.0   7.6401808e+28
      19250.0   7.5839873e+28
      19350.0   7.4371179e+28
      19450.0   7.2543677e+28
      19550.0   7.3145636e+28
      19650.0   7.2445859e+28
      19750.0   7.1240169e+28
      19850.0   7.0868504e+28
      19950.0   7.0421829e+28
      20050.0   7.0396460e+28
      20150.0   6.9924719e+28
      20250.0   6.8871965e+28
      20350.0   6.8495630e+28
      20450.0   6.8681634e+28
      20550.0   6.8173714e+28
      20650.0   6.7553534e+28
      20750.0   6.7259765e+28
      20850.0   6.6825705e+28
      20950.0   6.6248060e+28
      21050.0   6.6246648e+28
      21150.0   6.5646005e+28
      21250.0   6.5359678e+28
      21350.0   6.5024634e+28
      21450.0   6.4557236e+28
      21550.0   6.3921737e+28
      21650.0   6.2990079e+28
      21750.0   6.2632772e+28
      21850.0   6.2347427e+28
      21950.0   6.2018845e+28
      22050.0   6.0987894e+28
      22150.0   6.1058989e+28
      22250.0   6.0092906e+28
      22350.0   5.9685052e+28
      22450.0   5.9199051e+28
      22550.0   5.8785169e+28
      22650.0   5.7973040e+28
      22750.0   5.7835884e+28
      22850.0   5.7042446e+28
      22950.0   5.0513480e+28
      23050.0   5.2649107e+28
      23150.0   5.2472021e+28
      23250.0   4.7212978e+28
      23350.0   4.9700803e+28
      23450.0   4.8407198e+28
      23550.0   4.4634090e+28
      23650.0   4.7160250e+28
      23750.0   4.5849298e+28
      23850.0   4.2963517e+28
      23950.0   4.4793369e+28
      24050.0   4.4101548e+28
      24150.0   4.1484521e+28
      24250.0   4.2595428e+28
      24350.0   4.1867618e+28
      24450.0   4.0248450e+28
      24550.0   3.9891871e+28
      24650.0   4.0170534e+28
      24750.0   3.9081498e+28
      24850.0   3.7019993e+28
      24950.0   3.6896207e+28
      25050.0   3.7482746e+28
      25150.0   3.5690840e+28
      25250.0   3.6266549e+28
      25350.0   3.6325018e+28
      25450.0   3.5916892e+28
      25550.0   3.5622410e+28
      25650.0   3.5572057e+28
      25750.0   3.5959518e+28
      25850.0   3.5067753e+28
      25950.0   3.5349965e+28
      26050.0   3.5458994e+28
      26150.0   3.4828645e+28
      26250.0   3.5346610e+28
      26350.0   3.4861333e+28
      26450.0   3.4794400e+28
      26550.0   3.4492504e+28
      26650.0   3.4023123e+28
      26750.0   3.4194171e+28
      26850.0   3.4182884e+28
      26950.0   3.3719103e+28
      27050.0   3.3869631e+28
      27150.0   3.3685521e+28
      27250.0   3.3657516e+28
      27350.0   3.3157307e+28
      27450.0   3.3218655e+28
      27550.0   3.2889254e+28
      27650.0   3.2775386e+28
      27750.0   3.2543695e+28
      27850.0   3.2608549e+28
      27950.0   3.2595232e+28
      28050.0   3.2375170e+28
      28150.0   3.2053205e+28
      28250.0   3.1984036e+28
      28350.0   3.1942969e+28
      28450.0   3.1680000e+28
      28550.0   3.1300001e+28
      28650.0   3.0910000e+28
      28750.0   3.0340000e+28
      28850.0   3.0330001e+28
      28950.0   3.0050000e+28
      29050.0   2.9730001e+28
      29150.0   2.9450000e+28
      29250.0   2.8990001e+28
      29350.0   2.8859999e+28
      29450.0   2.8489999e+28
      29550.0   2.8200001e+28
      29650.0   2.7970001e+28
      29750.0   2.7680000e+28
      29850.0   2.7350001e+28
      29950.0   2.7060001e+28
      30050.0   2.6789999e+28
      30150.0   2.6580000e+28
      30250.0   2.6270001e+28
      30350.0   2.5750000e+28
      30450.0   2.5699999e+28
      30550.0   2.5550000e+28
      30650.0   2.5329999e+28
      30750.0   2.5140000e+28
      30850.0   2.4849999e+28
      30950.0   2.4659999e+28
      31050.0   2.4489999e+28
      31150.0   2.4140001e+28
      31250.0   2.4010001e+28
      31350.0   2.3790000e+28
      31450.0   2.3560000e+28
      31550.0   2.3320000e+28
      31650.0   2.3080000e+28
      31750.0   2.2920001e+28
      31850.0   2.2700000e+28
      31950.0   2.2510000e+28
      32100.0   2.2190001e+28
      32300.0   2.1770001e+28
      32500.0   2.1389999e+28
      32700.0   2.0959999e+28
      32900.0   2.0409999e+28
      33100.0   2.0140001e+28
      33300.0   1.9780000e+28
      33500.0   1.9450000e+28
      33700.0   1.9070000e+28
      33900.0   1.8690000e+28
      34100.0   1.8320000e+28
      34300.0   1.8010000e+28
      34500.0   1.7660000e+28
      34700.0   1.7320000e+28
      34900.0   1.7000000e+28
      35100.0   1.6690000e+28
      35300.0   1.6340000e+28
      35500.0   1.6050000e+28
      35700.0   1.5730000e+28
      35900.0   1.5440000e+28
      36100.0   1.5170000e+28
      36300.0   1.4880000e+28
      36500.0   1.4570000e+28
      36700.0   1.4300000e+28
      36900.0   1.3990000e+28
      37100.0   1.3720000e+28
      37300.0   1.3470000e+28
      37500.0   1.3140000e+28
      37700.0   1.3010000e+28
      37900.0   1.2760000e+28
      38100.0   1.2519999e+28
      38300.0   1.2300000e+28
      38500.0   1.2090000e+28
      38700.0   1.1830000e+28
      38900.0   1.1620000e+28
      39100.0   1.1390000e+28
      39300.0   1.1200000e+28
      39500.0   1.0960000e+28
      39700.0   1.0770000e+28
      39900.0   1.0520000e+28
      40100.0   1.0340000e+28
      40300.0   1.0160001e+28
      40500.0   1.1364397e+28
      40700.0   9.7900324e+27
      40900.0   9.6200001e+27
      41100.0   9.4490002e+27
      41300.0   9.2840001e+27
      41500.0   9.1020001e+27
      41700.0   8.9090000e+27
      41900.0   8.7700001e+27
      42100.0   8.6069999e+27
      42300.0   8.4859999e+27
      42500.0   8.3189999e+27
      42700.0   8.1849998e+27
      42900.0   7.7980001e+27
      43100.0   7.4010002e+27
      43300.0   7.3760000e+27
      43500.0   7.0120000e+27
      43700.0   6.8029998e+27
      43900.0   6.6570002e+27
      44100.0   6.4170001e+27
      44300.0   6.2650001e+27
      44500.0   6.1450000e+27
      44700.0   5.9859997e+27
      44900.0   5.9280002e+27
      45100.0   5.8159999e+27
      45300.0   5.6819998e+27
      45500.0   5.6290000e+27
      45700.0   5.5370001e+27
      45900.0   5.3680002e+27
      46100.0   5.3700001e+27
      46300.0   5.2630001e+27
      46500.0   5.1659998e+27
      46700.0   5.1450000e+27
      46900.0   5.0709999e+27
      47100.0   4.9839998e+27
      47300.0   4.9780000e+27
      47500.0   4.8480000e+27
      47700.0   4.8180000e+27
      47900.0   4.7570000e+27
      48100.0   4.6299999e+27
      48300.0   4.6529999e+27
      48500.0   4.5370000e+27
      48700.0   4.4550000e+27
      48900.0   4.3980001e+27
      49100.0   4.3260000e+27
      49300.0   4.2819999e+27
      49500.0   4.1979999e+27
      49700.0   4.1759999e+27
      49900.0   4.1060000e+27
      50100.0   4.0590000e+27
      50300.0   4.0019999e+27
      50500.0   3.9220000e+27
      50700.0   3.8860000e+27
      50900.0   3.8330000e+27
      51100.0   3.7640000e+27
      51300.0   3.7129999e+27
      51500.0   3.6669999e+27
      51700.0   3.6470001e+27
      51900.0   3.5820000e+27
      52100.0   3.5400001e+27
      52300.0   3.4820000e+27
      52500.0   3.4510001e+27
      52700.0   3.4300000e+27
      52900.0   3.3540000e+27
      53100.0   3.3080000e+27
      53300.0   3.2790000e+27
      53500.0   3.2359999e+27
      53700.0   3.1990001e+27
      53900.0   3.1610001e+27
      54100.0   3.1219999e+27
      54300.0   3.0669999e+27
      54500.0   3.0490001e+27
      54700.0   2.9970000e+27
      54900.0   2.9670000e+27
      55100.0   2.9229999e+27
      55300.0   2.9239999e+27
      55500.0   2.8510001e+27
      55700.0   2.8409999e+27
      55900.0   2.7939999e+27
      56100.0   2.7719999e+27
      56300.0   2.7220001e+27
      56500.0   2.7049999e+27
      56700.0   2.6710000e+27
      56900.0   2.6240001e+27
      57100.0   2.6110000e+27
      57300.0   2.5780001e+27
      57500.0   2.5460001e+27
      57700.0   2.5129999e+27
      57900.0   2.4930001e+27
      58100.0   2.4559999e+27
      58300.0   2.4290000e+27
      58500.0   2.4010000e+27
      58700.0   2.3640000e+27
      58900.0   2.3370000e+27
      59100.0   2.3020000e+27
      59300.0   2.2870000e+27
      59500.0   2.2560001e+27
      59700.0   2.2370001e+27
      59900.0   2.2110000e+27
      60100.0   2.1850000e+27
      60300.0   2.1580000e+27
      60500.0   2.1280000e+27
      60700.0   2.1040001e+27
      60900.0   2.0790000e+27
      61100.0   2.0520000e+27
      61300.0   2.0320001e+27
      61500.0   2.0110000e+27
      61700.0   1.9910000e+27
      61900.0   1.9660000e+27
      62100.0   1.9460000e+27
      62300.0   1.9190000e+27
      62500.0   1.8940000e+27
      62700.0   1.8730000e+27
      62900.0   1.8529999e+27
      63100.0   1.8299999e+27
      63300.0   1.8140000e+27
      63500.0   1.7910000e+27
      63700.0   1.7750000e+27
      63900.0   1.7490000e+27
      64200.0   1.7220000e+27
      64600.0   1.6820000e+27
      65000.0   1.6440000e+27
      65400.0   1.6070001e+27
      65800.0   1.5730001e+27
      66200.0   1.5370000e+27
      66600.0   1.5030000e+27
      67000.0   1.4710000e+27
      67400.0   1.4370000e+27
      67800.0   1.4060001e+27
      68200.0   1.3749999e+27
      68600.0   1.3460000e+27
      69000.0   1.3170000e+27
      69400.0   1.2890000e+27
      69800.0   1.2609999e+27
      70200.0   1.2340000e+27
      70600.0   1.2080000e+27
      71000.0   1.1820000e+27
      71400.0   1.1580000e+27
      71800.0   1.1330000e+27
      72200.0   1.1100000e+27
      72600.0   1.0870000e+27
      73000.0   1.0640000e+27
      73400.0   1.0420000e+27
      73800.0   1.0210000e+27
      74200.0   9.9900003e+26
      74600.0   9.7589998e+26
      75000.0   9.5659996e+26
      75400.0   9.3980000e+26
      75800.0   9.2180003e+26
      76200.0   9.0360003e+26
      76600.0   8.8580003e+26
      77000.0   8.6810001e+26
      77400.0   8.5129997e+26
      77800.0   8.3469997e+26
      78200.0   8.1830000e+26
      78600.0   8.0259998e+26
      79000.0   7.8709999e+26
      79400.0   7.7200000e+26
      79800.0   7.5739999e+26
      80200.0   7.4270001e+26
      80600.0   7.2870003e+26
      81000.0   7.1530002e+26
      81400.0   7.0180003e+26
      81800.0   6.8890000e+26
      82200.0   6.7620001e+26
      82600.0   6.6350002e+26
      83000.0   6.5139999e+26
      83400.0   6.3930003e+26
      83800.0   6.2769998e+26
      84200.0   6.1659998e+26
      84600.0   6.0529999e+26
      85000.0   5.9450001e+26
      85400.0   5.8389999e+26
      85800.0   5.7359999e+26
      86200.0   5.6350000e+26
      86600.0   5.5360000e+26
      87000.0   5.4390000e+26
      87400.0   5.3440000e+26
      87800.0   5.2500002e+26
      88200.0   5.1590002e+26
      88600.0   5.0700002e+26
      89000.0   4.9830002e+26
      89400.0   4.8990000e+26
      89800.0   4.8130001e+26
      90200.0   4.7340001e+26
      90600.0   4.6550001e+26
      91000.0   4.5740001e+26
      91400.0   4.4979998e+26
      91800.0   4.4230002e+26
      92200.0   4.3510000e+26
      92600.0   4.2790001e+26
      93000.0   4.2089999e+26
      93400.0   4.1390000e+26
      93800.0   4.0720000e+26
      94200.0   4.0060001e+26
      94600.0   3.9410000e+26
      95000.0   3.8780000e+26
      95400.0   3.8160001e+26
      95800.0   3.7550000e+26
      96200.0   3.6950002e+26
      96600.0   3.6369999e+26
      97000.0   3.5799998e+26
      97400.0   3.5210001e+26
      97800.0   3.4669999e+26
      98200.0   3.4140002e+26
      98600.0   3.3610001e+26
      99000.0   3.3100000e+26
      99400.0   3.2580001e+26
      99800.0   3.2079998e+26
      100200.   3.1590001e+26
      200000.   2.2039999e+25
      400000.   1.6800000e+24
      600000.   4.2959999e+23
      800000.   1.8140000e+23
  1.00000e+06   9.9080002e+22
  1.20000e+06   6.3359999e+22
  1.40000e+06   4.4320000e+22
  1.60000e+06   3.2920000e+22
