      91.0000       0.0000000
      94.0000       0.0000000
      96.0000       0.0000000
      98.0000       0.0000000
      100.000       0.0000000
      102.000       0.0000000
      104.000       0.0000000
      106.000       0.0000000
      108.000       0.0000000
      110.000       0.0000000
      114.000       0.0000000
      118.000       0.0000000
      121.000       0.0000000
      125.000       0.0000000
      127.000       0.0000000
      128.000       0.0000000
      131.000       0.0000000
      132.000       0.0000000
      134.000       0.0000000
      137.000       0.0000000
      140.000       0.0000000
      143.000       0.0000000
      147.000       0.0000000
      151.000       0.0000000
      155.000       0.0000000
      159.000       0.0000000
      162.000       0.0000000
      166.000       0.0000000
      170.000       0.0000000
      173.000       0.0000000
      177.000       0.0000000
      180.000       0.0000000
      182.000       0.0000000
      186.000       0.0000000
      191.000       0.0000000
      194.000       0.0000000
      198.000       0.0000000
      202.000       0.0000000
      205.000       0.0000000
      210.000       0.0000000
      216.000       0.0000000
      220.000       0.0000000
      223.000       0.0000000
      227.000       0.0000000
      230.000       0.0000000
      234.000       0.0000000
      240.000       0.0000000
      246.000       0.0000000
      252.000       0.0000000
      257.000       0.0000000
      260.000       0.0000000
      264.000       0.0000000
      269.000       0.0000000
      274.000       0.0000000
      279.000       0.0000000
      284.000       0.0000000
      290.000       0.0000000
      296.000       0.0000000
      301.000       0.0000000
      308.000       0.0000000
      318.000       0.0000000
      328.000       0.0000000
      338.000       0.0000000
      348.000       0.0000000
      357.000       0.0000000
      366.000       0.0000000
      375.000       0.0000000
      385.000       0.0000000
      395.000       0.0000000
      405.000       0.0000000
      414.000       0.0000000
      422.000       0.0000000
      430.000       0.0000000
      441.000       0.0000000
      451.000       0.0000000
      460.000       0.0000000
      470.000       0.0000000
      480.000       0.0000000
      490.000       0.0000000
      500.000       0.0000000
      506.000       0.0000000
      512.000       0.0000000
      520.000       0.0000000
      530.000       0.0000000
      540.000       0.0000000
      550.000       0.0000000
      560.000       0.0000000
      570.000       0.0000000
      580.000       0.0000000
      590.000       0.0000000
      600.000       0.0000000
      610.000       0.0000000
      620.000       0.0000000
      630.000       0.0000000
      640.000       0.0000000
      650.000       0.0000000
      658.000       0.0000000
      665.000       0.0000000
      675.000       0.0000000
      685.000       0.0000000
      695.000       0.0000000
      705.000       0.0000000
      716.000       0.0000000
      726.000       0.0000000
      735.000       0.0000000
      745.000       0.0000000
      755.000       0.0000000
      765.000       0.0000000
      775.000       0.0000000
      785.000       0.0000000
      795.000       0.0000000
      805.000       0.0000000
      815.000       0.0000000
      825.000       0.0000000
      835.000       0.0000000
      845.000       0.0000000
      855.000       0.0000000
      865.000       0.0000000
      875.000       0.0000000
      885.000       0.0000000
      895.000       0.0000000
      905.000       0.0000000
      915.000   8.4526037e+23
      925.000   2.2198080e+24
      935.000   3.8171301e+24
      945.000   5.3873696e+24
      955.000   6.7489597e+24
      965.000   7.5736550e+24
      975.000   2.8406155e+24
      985.000   6.3335190e+24
      995.000   6.9717223e+24
      1005.00   1.0090706e+25
      1015.00   1.1504976e+25
      1025.00   9.0245456e+24
      1035.00   1.1600720e+25
      1045.00   1.8069981e+25
      1055.00   1.8724809e+25
      1065.00   1.6382047e+25
      1075.00   1.9922744e+25
      1085.00   1.8559676e+25
      1095.00   2.4481484e+25
      1105.00   2.5257357e+25
      1115.00   2.6459780e+25
      1125.00   2.4501619e+25
      1135.00   3.3365085e+25
      1145.00   3.4162522e+25
      1155.00   3.7579992e+25
      1165.00   3.9968474e+25
      1175.00   2.7034605e+25
      1185.00   4.4791499e+25
      1195.00   4.0057136e+25
      1205.00   3.5269586e+25
      1215.00   5.6897644e+26
      1225.00   4.9814339e+25
      1235.00   6.6317451e+25
      1245.00   7.2993049e+25
      1255.00   7.4189830e+25
      1265.00   7.4179718e+25
      1275.00   9.1290005e+25
      1285.00   9.8989813e+25
      1295.00   8.5130293e+25
      1305.00   8.9431431e+25
      1315.00   1.1198271e+26
      1325.00   1.1141224e+26
      1335.00   1.1218843e+26
      1345.00   1.2477320e+26
      1355.00   1.2571930e+26
      1365.00   1.1869771e+26
      1375.00   1.2478519e+26
      1385.00   1.2755419e+26
      1395.00   9.9731067e+25
      1405.00   1.0313474e+26
      1415.00   1.3085044e+26
      1425.00   1.3428991e+26
      1435.00   1.4273539e+26
      1442.00   1.5000492e+26
      1447.00   1.5369439e+26
      1455.00   1.5119241e+26
      1465.00   1.4451682e+26
      1475.00   1.5119718e+26
      1485.00   1.5823619e+26
      1495.00   1.6243824e+26
      1505.00   1.5723056e+26
      1512.00   1.4456331e+26
      1517.00   1.5464962e+26
      1525.00   1.5391101e+26
      1535.00   1.3393259e+26
      1545.00   1.3282914e+26
      1555.00   1.3381380e+26
      1565.00   1.4982354e+26
      1575.00   1.6613505e+26
      1585.00   1.7836235e+26
      1595.00   1.8439250e+26
      1605.00   1.8459853e+26
      1615.00   1.8751376e+26
      1625.00   1.8484512e+26
      1635.00   2.0124215e+26
      1645.00   2.1081670e+26
      1655.00   2.0102180e+26
      1665.00   2.2298015e+26
      1672.00   1.9828974e+26
      1677.00   2.4154398e+26
      1685.00   2.5000457e+26
      1695.00   2.3831997e+26
      1705.00   2.3809348e+26
      1715.00   2.3328364e+26
      1725.00   2.3565503e+26
      1735.00   2.5782975e+26
      1745.00   2.5796230e+26
      1755.00   2.7765747e+26
      1765.00   2.6001405e+26
      1775.00   2.6861847e+26
      1785.00   2.8120704e+26
      1795.00   3.0502547e+26
      1805.00   3.0976260e+26
      1815.00   2.9486492e+26
      1825.00   3.0156160e+26
      1835.00   2.9876737e+26
      1845.00   2.7640452e+26
      1855.00   2.8834076e+26
      1865.00   3.0541400e+26
      1875.00   3.2638081e+26
      1885.00   3.1019737e+26
      1895.00   3.0926253e+26
      1905.00   3.4866771e+26
      1915.00   3.2569273e+26
      1925.00   3.2256888e+26
      1935.00   3.2838972e+26
      1945.00   3.6173308e+26
      1955.00   3.4549448e+26
      1967.00   3.8699109e+26
      1976.00   3.9850352e+26
      1984.00   3.8597304e+26
      1995.00   3.8294085e+26
      2005.00   3.9433017e+26
      2015.00   3.9373234e+26
      2025.00   4.0352053e+26
      2035.00   4.0271517e+26
      2045.00   4.2850798e+26
      2055.00   4.0389132e+26
      2065.00   4.1448232e+26
      2074.00   4.6690592e+26
      2078.00   4.5388160e+26
      2085.00   4.7023966e+26
      2095.00   4.5286202e+26
      2105.00   4.5603213e+26
      2115.00   4.7338512e+26
      2125.00   4.8397534e+26
      2135.00   4.5304837e+26
      2145.00   4.8164996e+26
      2155.00   5.0012918e+26
      2165.00   4.8734405e+26
      2175.00   4.9291736e+26
      2185.00   5.0231848e+26
      2195.00   5.3795219e+26
      2205.00   5.3043640e+26
      2215.00   5.0576625e+26
      2225.00   5.0764574e+26
      2235.00   5.5707556e+26
      2245.00   5.3759907e+26
      2255.00   5.1713367e+26
      2265.00   5.2952710e+26
      2275.00   5.5604427e+26
      2285.00   5.8368917e+26
      2295.00   5.4833209e+26
      2305.00   5.7610300e+26
      2315.00   5.6396567e+26
      2325.00   5.5804954e+26
      2335.00   5.3382027e+26
      2345.00   5.0448226e+26
      2355.00   5.8313504e+26
      2365.00   5.2407118e+26
      2375.00   5.6245647e+26
      2385.00   5.0026466e+26
      2395.00   5.4795328e+26
      2405.00   5.4025904e+26
      2415.00   5.5967116e+26
      2425.00   6.2908129e+26
      2435.00   6.1675026e+26
      2445.00   6.6354717e+26
      2455.00   6.6619037e+26
      2465.00   6.7191962e+26
      2475.00   6.4548890e+26
      2485.00   6.4446006e+26
      2495.00   5.9585675e+26
      2505.00   7.2367693e+26
      2513.00   6.2853905e+26
      2518.00   6.2231733e+26
      2525.00   6.0812465e+26
      2535.00   6.3651624e+26
      2545.00   6.4345695e+26
      2555.00   7.2327517e+26
      2565.00   7.0790191e+26
      2575.00   7.7138452e+26
      2585.00   7.7282098e+26
      2595.00   7.6559680e+26
      2605.00   7.4443554e+26
      2615.00   7.2692681e+26
      2625.00   8.0945948e+26
      2635.00   8.6843400e+26
      2645.00   9.9020367e+26
      2655.00   1.0539064e+27
      2665.00   9.3810706e+26
      2675.00   1.0039518e+27
      2685.00   1.0392641e+27
      2695.00   9.6084797e+26
      2705.00   1.0186836e+27
      2715.00   9.4781310e+26
      2725.00   9.5312491e+26
      2735.00   1.0323287e+27
      2745.00   8.6277127e+26
      2755.00   9.2801525e+26
      2765.00   1.0045830e+27
      2775.00   1.0744577e+27
      2785.00   9.7914547e+26
      2795.00   7.0042691e+26
      2805.00   7.6501533e+26
      2815.00   1.1272687e+27
      2825.00   1.2310370e+27
      2835.00   1.2047766e+27
      2845.00   1.1538828e+27
      2855.00   1.0610671e+27
      2865.00   1.2681368e+27
      2875.00   1.3207159e+27
      2885.00   1.3242138e+27
      2895.00   1.3440055e+27
      2910.00   1.5394750e+27
      2930.00   1.5076935e+27
      2950.00   1.5113500e+27
      2970.00   1.5786593e+27
      2990.00   1.6326801e+27
      3010.00   1.6885890e+27
      3030.00   1.7451883e+27
      3050.00   1.8132094e+27
      3070.00   1.8753359e+27
      3090.00   1.9251033e+27
      3110.00   1.9963314e+27
      3130.00   2.0028725e+27
      3150.00   2.0604397e+27
      3170.00   2.1488740e+27
      3190.00   2.0690553e+27
      3210.00   2.2152251e+27
      3230.00   2.1339855e+27
      3250.00   2.4107259e+27
      3270.00   2.6065071e+27
      3290.00   2.6505199e+27
      3310.00   2.6876084e+27
      3330.00   2.7348798e+27
      3350.00   2.7463624e+27
      3370.00   2.5971479e+27
      3390.00   2.7507196e+27
      3410.00   2.8482553e+27
      3430.00   2.9818816e+27
      3450.00   3.0771182e+27
      3470.00   3.1647091e+27
      3490.00   3.3317072e+27
      3510.00   3.5011890e+27
      3530.00   3.4438350e+27
      3550.00   3.7386671e+27
      3570.00   3.3832399e+27
      3590.00   3.4194789e+27
      3610.00   3.7345931e+27
      3630.00   3.8687490e+27
      3640.00   3.9517940e+27
      3650.00   4.1648940e+27
      3670.00   4.2126679e+27
      3690.00   4.0673243e+27
      3710.00   4.5383837e+27
      3730.00   7.1182546e+27
      3750.00   4.9171816e+27
      3770.00   5.4776098e+27
      3790.00   6.0609227e+27
      3810.00   6.5925204e+27
      3830.00   5.2879828e+27
      3850.00   6.8255909e+27
      3870.00   7.7262651e+27
      3890.00   6.2063268e+27
      3910.00   8.2376780e+27
      3930.00   6.2809009e+27
      3950.00   8.1153723e+27
      3970.00   5.8092059e+27
      3990.00   9.4925593e+27
      4010.00   1.0500671e+28
      4030.00   1.0692646e+28
      4050.00   1.0750256e+28
      4070.00   1.0631998e+28
      4090.00   1.0507058e+28
      4110.00   9.4674482e+27
      4130.00   1.1403250e+28
      4150.00   1.1832081e+28
      4170.00   1.2127571e+28
      4190.00   1.2154573e+28
      4210.00   1.2427533e+28
      4230.00   1.2379516e+28
      4250.00   1.2729241e+28
      4270.00   1.2556298e+28
      4290.00   1.2410651e+28
      4310.00   1.1489788e+28
      4330.00   1.2352956e+28
      4350.00   1.1630751e+28
      4370.00   1.4299929e+28
      4390.00   1.4128441e+28
      4410.00   1.4748576e+28
      4430.00   1.5492146e+28
      4450.00   1.5772046e+28
      4470.00   1.6500562e+28
      4490.00   1.6803452e+28
      4510.00   1.8029453e+28
      4530.00   1.7186718e+28
      4550.00   1.7678218e+28
      4570.00   1.8692518e+28
      4590.00   1.8355095e+28
      4610.00   1.8974836e+28
      4630.00   1.8964209e+28
      4650.00   1.9381961e+28
      4670.00   1.9977589e+28
      4690.00   2.0002891e+28
      4710.00   1.9785963e+28
      4730.00   2.0610736e+28
      4750.00   2.1213312e+28
      4770.00   2.1304044e+28
      4790.00   2.1512619e+28
      4810.00   2.1614204e+28
      4830.00   2.1862874e+28
      4850.00   2.0400125e+28
      4870.00   1.8769993e+28
      4890.00   2.2092239e+28
      4910.00   2.2733414e+28
      4930.00   2.2793732e+28
      4950.00   2.3681717e+28
      4970.00   2.3947567e+28
      4990.00   2.3278072e+28
      5010.00   3.4246524e+28
      5030.00   2.3931889e+28
      5050.00   2.4094064e+28
      5070.00   2.5036192e+28
      5090.00   2.4625297e+28
      5110.00   2.5240115e+28
      5130.00   2.4997075e+28
      5150.00   2.4683403e+28
      5170.00   2.4164875e+28
      5190.00   2.4811047e+28
      5210.00   2.5763994e+28
      5230.00   2.6703928e+28
      5250.00   2.7611733e+28
      5270.00   2.6149349e+28
      5290.00   2.8331458e+28
      5310.00   2.9383252e+28
      5330.00   2.7828248e+28
      5350.00   2.9510341e+28
      5370.00   2.9651802e+28
      5390.00   2.9656000e+28
      5410.00   2.9592961e+28
      5430.00   3.0158319e+28
      5450.00   3.0982401e+28
      5470.00   3.0900990e+28
      5490.00   3.1285917e+28
      5510.00   3.1472902e+28
      5530.00   3.2315796e+28
      5550.00   3.2864189e+28
      5570.00   3.2640155e+28
      5590.00   3.2614219e+28
      5610.00   3.3438614e+28
      5630.00   3.3766296e+28
      5650.00   3.4300420e+28
      5670.00   3.4043516e+28
      5690.00   3.5027758e+28
      5710.00   3.4568573e+28
      5730.00   3.6545994e+28
      5750.00   3.6163111e+28
      5770.00   3.6653127e+28
      5790.00   3.6255477e+28
      5810.00   3.7285501e+28
      5830.00   3.8152415e+28
      5850.00   3.7811844e+28
      5870.00   3.8495493e+28
      5890.00   3.6080914e+28
      5910.00   3.8388755e+28
      5930.00   3.8886175e+28
      5950.00   3.9231479e+28
      5970.00   3.9919726e+28
      5990.00   3.9913285e+28
      6010.00   3.9888735e+28
      6030.00   4.0771133e+28
      6050.00   4.1616367e+28
      6070.00   4.1838637e+28
      6090.00   4.1422889e+28
      6110.00   4.1792652e+28
      6130.00   4.0755203e+28
      6150.00   4.1651907e+28
      6170.00   4.0887631e+28
      6190.00   4.2580481e+28
      6210.00   4.2743331e+28
      6230.00   4.2266400e+28
      6250.00   4.1680703e+28
      6270.00   4.3383809e+28
      6290.00   4.4268279e+28
      6310.00   4.3183915e+28
      6330.00   4.3650018e+28
      6350.00   4.4121960e+28
      6370.00   4.4444757e+28
      6390.00   4.5167436e+28
      6410.00   4.4864155e+28
      6430.00   4.5517772e+28
      6450.00   4.5756308e+28
      6470.00   4.6052495e+28
      6490.00   4.5725939e+28
      6510.00   4.7045961e+28
      6530.00   4.7243226e+28
      6550.00   4.8726811e+28
      6570.00   5.0691864e+28
      6590.00   5.1211580e+28
      6610.00   4.8638577e+28
      6630.00   4.8974173e+28
      6650.00   4.9280579e+28
      6670.00   4.9156387e+28
      6690.00   5.0043930e+28
      6710.00   5.1743501e+28
      6730.00   5.3288035e+28
      6750.00   5.0209775e+28
      6770.00   5.0743228e+28
      6790.00   5.0859004e+28
      6810.00   5.1265497e+28
      6830.00   5.1979182e+28
      6850.00   5.1565492e+28
      6870.00   5.2412272e+28
      6890.00   5.3284134e+28
      6910.00   5.3535952e+28
      6930.00   5.3734207e+28
      6950.00   5.3979944e+28
      6970.00   5.4774352e+28
      6990.00   5.5028032e+28
      7010.00   5.4857778e+28
      7030.00   5.5810383e+28
      7050.00   5.6165400e+28
      7070.00   5.5600310e+28
      7090.00   5.5108938e+28
      7110.00   5.4724689e+28
      7130.00   5.5822494e+28
      7150.00   5.4985187e+28
      7170.00   5.5526683e+28
      7190.00   5.4892298e+28
      7210.00   5.6040103e+28
      7230.00   5.7084958e+28
      7250.00   5.7663749e+28
      7270.00   5.8216103e+28
      7290.00   5.7998844e+28
      7310.00   5.9376233e+28
      7330.00   6.0198982e+28
      7350.00   6.0671767e+28
      7370.00   6.1976998e+28
      7390.00   6.1510654e+28
      7410.00   6.1497774e+28
      7430.00   6.2955503e+28
      7450.00   6.3447616e+28
      7470.00   6.4292172e+28
      7490.00   6.4510303e+28
      7510.00   6.5276703e+28
      7530.00   6.6190104e+28
      7550.00   6.6880368e+28
      7570.00   6.6987956e+28
      7590.00   6.6588558e+28
      7610.00   6.6322503e+28
      7630.00   6.5796694e+28
      7650.00   6.5359149e+28
      7670.00   6.3850986e+28
      7690.00   6.5255929e+28
      7710.00   6.4715392e+28
      7730.00   6.5265712e+28
      7750.00   6.5249707e+28
      7770.00   6.6145976e+28
      7790.00   6.6809044e+28
      7810.00   6.7257903e+28
      7830.00   6.7231809e+28
      7850.00   6.7113423e+28
      7870.00   6.8162202e+28
      7890.00   6.7949726e+28
      7910.00   6.7264284e+28
      7930.00   6.7712752e+28
      7950.00   6.7831093e+28
      7970.00   6.9623213e+28
      7990.00   6.9951424e+28
      8010.00   7.1252339e+28
      8030.00   7.1780901e+28
      8050.00   7.2008125e+28
      8070.00   7.2974877e+28
      8090.00   7.2961551e+28
      8110.00   7.3842311e+28
      8130.00   7.5134850e+28
      8150.00   7.5894350e+28
      8170.00   7.6589630e+28
      8190.00   7.5633004e+28
      8210.00   7.5491103e+28
      8230.00   7.6040450e+28
      8250.00   7.6436602e+28
      8270.00   7.7214535e+28
      8290.00   7.7127741e+28
      8310.00   7.6116484e+28
      8330.00   7.5808361e+28
      8350.00   7.6507525e+28
      8370.00   7.6976338e+28
      8390.00   7.5666180e+28
      8410.00   7.7456826e+28
      8430.00   7.5690743e+28
      8450.00   7.5066181e+28
      8470.00   7.5016741e+28
      8490.00   7.5750419e+28
      8510.00   7.2932266e+28
      8530.00   7.6262423e+28
      8550.00   6.8753603e+28
      8570.00   7.8911402e+28
      8590.00   7.7993358e+28
      8610.00   7.8537604e+28
      8630.00   8.0886844e+28
      8650.00   8.0601413e+28
      8670.00   7.1951890e+28
      8690.00   8.0633293e+28
      8710.00   8.3111787e+28
      8730.00   8.3503421e+28
      8750.00   8.1119983e+28
      8770.00   8.4224121e+28
      8790.00   8.5592358e+28
      8810.00   8.5063675e+28
      8830.00   8.5546561e+28
      8850.00   8.5017321e+28
      8870.00   8.1919872e+28
      8890.00   8.5413910e+28
      8910.00   8.6608524e+28
      8930.00   8.6210043e+28
      8950.00   8.6616879e+28
      8970.00   8.7127995e+28
      8990.00   8.7293776e+28
      9010.00   8.3668170e+28
      9030.00   8.7140512e+28
      9050.00   9.3163981e+28
      9070.00   1.1869792e+29
      9090.00   9.1130767e+28
      9110.00   9.0694548e+28
      9130.00   9.1866040e+28
      9150.00   9.1912514e+28
      9170.00   9.2138646e+28
      9190.00   9.2787567e+28
      9210.00   9.0202089e+28
      9230.00   8.6802870e+28
      9250.00   8.9118339e+28
      9270.00   9.0386255e+28
      9290.00   9.0375401e+28
      9310.00   9.1103404e+28
      9330.00   9.1508821e+28
      9350.00   9.1471191e+28
      9370.00   9.0887069e+28
      9390.00   9.2237519e+28
      9410.00   9.1076037e+28
      9430.00   9.2982457e+28
      9450.00   9.2554686e+28
      9470.00   9.4002898e+28
      9490.00   9.4265155e+28
      9510.00   9.3664779e+28
      9530.00   9.3537337e+28
      9550.00   9.0445840e+28
      9570.00   9.3567568e+28
      9590.00   9.5286258e+28
      9610.00   9.4839649e+28
      9630.00   9.5333098e+28
      9650.00   9.4625739e+28
      9670.00   9.4906691e+28
      9690.00   9.6169150e+28
      9710.00   9.5737778e+28
      9730.00   9.5593905e+28
      9750.00   9.5656838e+28
      9770.00   9.6249044e+28
      9790.00   9.5729973e+28
      9810.00   9.7373785e+28
      9830.00   9.7192968e+28
      9850.00   9.7874533e+28
      9870.00   9.7708450e+28
      9890.00   9.7887362e+28
      9910.00   9.7800208e+28
      9930.00   9.8393335e+28
      9950.00   9.8743947e+28
      9970.00   9.9027092e+28
      9990.00   9.9062777e+28
      10025.0   9.8441421e+28
      10075.0   9.7800335e+28
      10125.0   1.0028707e+29
      10175.0   1.0017574e+29
      10225.0   1.0102910e+29
      10275.0   1.0187879e+29
      10325.0   1.0330554e+29
      10375.0   1.0169640e+29
      10425.0   1.0271178e+29
      10475.0   1.0209112e+29
      10525.0   1.0193845e+29
      10575.0   1.0118119e+29
      10625.0   1.0115561e+29
      10675.0   1.0081216e+29
      10725.0   1.0195863e+29
      10775.0   1.0211768e+29
      10825.0   1.0438516e+29
      10875.0   1.0209935e+29
      10925.0   1.0165940e+29
      10975.0   1.0190256e+29
      11025.0   1.0285704e+29
      11075.0   1.0264932e+29
      11125.0   1.0278549e+29
      11175.0   1.0265310e+29
      11225.0   1.0327241e+29
      11275.0   1.0267793e+29
      11325.0   1.0307329e+29
      11375.0   1.0305009e+29
      11425.0   1.0271596e+29
      11475.0   1.0420710e+29
      11525.0   1.0444744e+29
      11575.0   1.0401103e+29
      11625.0   1.0318664e+29
      11675.0   1.0359602e+29
      11725.0   1.0452531e+29
      11775.0   1.0307953e+29
      11825.0   1.0298364e+29
      11875.0   1.0204710e+29
      11925.0   1.0383555e+29
      11975.0   1.0167131e+29
      12025.0   1.0362147e+29
      12075.0   1.0339457e+29
      12125.0   1.0397672e+29
      12175.0   1.0462180e+29
      12225.0   1.0456097e+29
      12275.0   1.0435224e+29
      12325.0   1.0436646e+29
      12375.0   1.0454033e+29
      12425.0   1.0398117e+29
      12475.0   1.0416654e+29
      12525.0   1.0385380e+29
      12575.0   1.0398341e+29
      12625.0   1.0392667e+29
      12675.0   1.0371563e+29
      12725.0   1.0406628e+29
      12775.0   1.0427884e+29
      12825.0   1.0282001e+29
      12875.0   1.0361736e+29
      12925.0   1.0338173e+29
      12975.0   1.0443405e+29
      13025.0   1.0388191e+29
      13075.0   1.0432950e+29
      13125.0   1.0310609e+29
      13175.0   1.0307797e+29
      13225.0   1.0334734e+29
      13275.0   1.0225944e+29
      13325.0   1.0270335e+29
      13375.0   1.0216655e+29
      13425.0   1.0255863e+29
      13475.0   1.0215539e+29
      13525.0   1.0197776e+29
      13575.0   1.0098852e+29
      13625.0   1.0098675e+29
      13675.0   1.0170662e+29
      13725.0   1.0226397e+29
      13775.0   1.0245087e+29
      13825.0   1.0275589e+29
      13875.0   1.0226844e+29
      13925.0   1.0014050e+29
      13975.0   1.0007901e+29
      14025.0   9.9418796e+28
      14075.0   1.0031410e+29
      14125.0   9.9718866e+28
      14175.0   1.0061174e+29
      14225.0   9.9868189e+28
      14275.0   9.9239821e+28
      14325.0   1.0082196e+29
      14375.0   1.0136225e+29
      14425.0   9.9741971e+28
      14475.0   1.0164263e+29
      14525.0   1.0092894e+29
      14570.0   1.0167092e+29
      14620.0   1.0084813e+29
      14675.0   1.0092119e+29
      14725.0   1.0025436e+29
      14775.0   1.0108267e+29
      14825.0   1.0154591e+29
      14875.0   1.0108465e+29
      14925.0   1.0307137e+29
      14975.0   1.0260123e+29
      15025.0   1.0202690e+29
      15075.0   1.0210019e+29
      15125.0   1.0387130e+29
      15175.0   1.0432303e+29
      15225.0   1.0443913e+29
      15275.0   1.0517443e+29
      15325.0   1.0513979e+29
      15375.0   1.0553516e+29
      15425.0   1.0524752e+29
      15475.0   1.0588054e+29
      15525.0   1.0548273e+29
      15575.0   1.0325071e+29
      15625.0   1.0475935e+29
      15675.0   1.0443470e+29
      15725.0   1.0585205e+29
      15775.0   1.0215417e+29
      15825.0   1.0290819e+29
      15875.0   1.0194133e+29
      15925.0   1.0533757e+29
      15975.0   1.0420989e+29
      16050.0   1.0426576e+29
      16150.0   1.0494741e+29
      16250.0   1.0420958e+29
      16350.0   1.0639523e+29
      16450.0   1.0288377e+29
      16550.0   1.0567404e+29
      16650.0   1.0327886e+29
      16750.0   1.0344354e+29
      16850.0   1.0112418e+29
      16950.0   1.0273638e+29
      17050.0   1.0112473e+29
      17150.0   1.0025994e+29
      17250.0   9.8858363e+28
      17350.0   9.5540723e+28
      17450.0   9.5893323e+28
      17550.0   9.4560791e+28
      17650.0   9.3371189e+28
      17750.0   9.1507196e+28
      17850.0   9.0550304e+28
      17950.0   8.9033413e+28
      18050.0   8.7364887e+28
      18150.0   8.5663069e+28
      18250.0   8.5505976e+28
      18350.0   8.4848115e+28
      18450.0   8.3802954e+28
      18550.0   8.3415440e+28
      18650.0   8.1892747e+28
      18750.0   8.5281141e+28
      18850.0   8.0528372e+28
      18950.0   7.8551551e+28
      19050.0   7.9287321e+28
      19150.0   7.8161535e+28
      19250.0   7.7466654e+28
      19350.0   7.5911016e+28
      19450.0   7.4336331e+28
      19550.0   7.4498198e+28
      19650.0   7.3603659e+28
      19750.0   7.2293117e+28
      19850.0   7.1830689e+28
      19950.0   7.1289498e+28
      20050.0   7.1209490e+28
      20150.0   7.0646582e+28
      20250.0   6.9524729e+28
      20350.0   6.9003604e+28
      20450.0   6.9162264e+28
      20550.0   6.8594593e+28
      20650.0   6.7849143e+28
      20750.0   6.7510050e+28
      20850.0   6.7000920e+28
      20950.0   6.6276034e+28
      21050.0   6.6258551e+28
      21150.0   6.5577600e+28
      21250.0   6.5193742e+28
      21350.0   6.4831681e+28
      21450.0   6.4301309e+28
      21550.0   6.3659284e+28
      21650.0   6.2835601e+28
      21750.0   6.2241090e+28
      21850.0   6.1841551e+28
      21950.0   6.1449280e+28
      22050.0   6.0348250e+28
      22150.0   6.0391933e+28
      22250.0   5.9356631e+28
      22350.0   5.8901338e+28
      22450.0   5.8379766e+28
      22550.0   5.7920967e+28
      22650.0   5.7065152e+28
      22750.0   5.6879069e+28
      22850.0   5.6015944e+28
      22950.0   4.9064212e+28
      23050.0   5.1470627e+28
      23150.0   5.1297812e+28
      23250.0   4.5574479e+28
      23350.0   4.8288353e+28
      23450.0   4.7211311e+28
      23550.0   4.2899159e+28
      23650.0   4.5675541e+28
      23750.0   4.4544397e+28
      23850.0   4.1163305e+28
      23950.0   4.3185121e+28
      24050.0   4.2703469e+28
      24150.0   3.9716735e+28
      24250.0   4.0964210e+28
      24350.0   4.0429820e+28
      24450.0   3.8580865e+28
      24550.0   3.8238302e+28
      24650.0   3.8716258e+28
      24750.0   3.7515953e+28
      24850.0   3.5361440e+28
      24950.0   3.5463652e+28
      25050.0   3.6028740e+28
      25150.0   3.3998851e+28
      25250.0   3.4794385e+28
      25350.0   3.4840787e+28
      25450.0   3.4284781e+28
      25550.0   3.4021000e+28
      25650.0   3.4097525e+28
      25750.0   3.4386353e+28
      25850.0   3.3326287e+28
      25950.0   3.3684224e+28
      26050.0   3.3811556e+28
      26150.0   3.3264097e+28
      26250.0   3.3638944e+28
      26350.0   3.3160642e+28
      26450.0   3.3055877e+28
      26550.0   3.2711744e+28
      26650.0   3.2243936e+28
      26750.0   3.2576781e+28
      26850.0   3.2418967e+28
      26950.0   3.1903915e+28
      27050.0   3.2021839e+28
      27150.0   3.1828956e+28
      27250.0   3.1785221e+28
      27350.0   3.1283581e+28
      27450.0   3.1340779e+28
      27550.0   3.1128913e+28
      27650.0   3.0914449e+28
      27750.0   3.0629518e+28
      27850.0   3.0643183e+28
      27950.0   3.0617207e+28
      28050.0   3.0383987e+28
      28150.0   3.0059148e+28
      28250.0   2.9958783e+28
      28350.0   2.9886755e+28
      28450.0   2.9620000e+28
      28550.0   2.9279999e+28
      28650.0   2.8940001e+28
      28750.0   2.8499999e+28
      28850.0   2.8380001e+28
      28950.0   2.8100000e+28
      29050.0   2.7780001e+28
      29150.0   2.7519999e+28
      29250.0   2.7080000e+28
      29350.0   2.6960000e+28
      29450.0   2.6600000e+28
      29550.0   2.6340000e+28
      29650.0   2.6119999e+28
      29750.0   2.5840001e+28
      29850.0   2.5530001e+28
      29950.0   2.5250000e+28
      30050.0   2.5000000e+28
      30150.0   2.4810001e+28
      30250.0   2.4520000e+28
      30350.0   2.4100000e+28
      30450.0   2.4030000e+28
      30550.0   2.3840001e+28
      30650.0   2.3620000e+28
      30750.0   2.3440000e+28
      30850.0   2.3160001e+28
      30950.0   2.2980001e+28
      31050.0   2.2820000e+28
      31150.0   2.2479999e+28
      31250.0   2.2359999e+28
      31350.0   2.2160000e+28
      31450.0   2.1950001e+28
      31550.0   2.1710001e+28
      31650.0   2.1490000e+28
      31750.0   2.1340001e+28
      31850.0   2.1130000e+28
      31950.0   2.0959999e+28
      32100.0   2.0650000e+28
      32300.0   2.0260001e+28
      32500.0   1.9900000e+28
      32700.0   1.9499999e+28
      32900.0   1.9030000e+28
      33100.0   1.8750000e+28
      33300.0   1.8400000e+28
      33500.0   1.8090000e+28
      33700.0   1.7730000e+28
      33900.0   1.7370000e+28
      34100.0   1.7020000e+28
      34300.0   1.6730000e+28
      34500.0   1.6420000e+28
      34700.0   1.6090000e+28
      34900.0   1.5790000e+28
      35100.0   1.5500000e+28
      35300.0   1.5180000e+28
      35500.0   1.4910000e+28
      35700.0   1.4610000e+28
      35900.0   1.4330000e+28
      36100.0   1.4080000e+28
      36300.0   1.3810000e+28
      36500.0   1.3519999e+28
      36700.0   1.3270000e+28
      36900.0   1.2980000e+28
      37100.0   1.2720000e+28
      37300.0   1.2500000e+28
      37500.0   1.2200000e+28
      37700.0   1.2060000e+28
      37900.0   1.1830000e+28
      38100.0   1.1610001e+28
      38300.0   1.1410000e+28
      38500.0   1.1210000e+28
      38700.0   1.0960000e+28
      38900.0   1.0760001e+28
      39100.0   1.0570000e+28
      39300.0   1.0380000e+28
      39500.0   1.0160000e+28
      39700.0   9.9730005e+27
      39900.0   9.7440000e+27
      40100.0   9.5860002e+27
      40300.0   9.4220013e+27
      40500.0   1.0344467e+28
      40700.0   9.0730255e+27
      40900.0   8.9139998e+27
      41100.0   8.7560000e+27
      41300.0   8.6050000e+27
      41500.0   8.4399999e+27
      41700.0   8.2739999e+27
      41900.0   8.1330000e+27
      42100.0   7.9780002e+27
      42300.0   7.8710002e+27
      42500.0   7.7139998e+27
      42700.0   7.5909999e+27
      42900.0   7.2020003e+27
      43100.0   6.8140000e+27
      43300.0   6.8150000e+27
      43500.0   6.4580003e+27
      43700.0   6.2719998e+27
      43900.0   6.1359998e+27
      44100.0   5.8769998e+27
      44300.0   5.7559998e+27
      44500.0   5.6450000e+27
      44700.0   5.4620000e+27
      44900.0   5.4379998e+27
      45100.0   5.3200003e+27
      45300.0   5.1789998e+27
      45500.0   5.1469999e+27
      45700.0   5.0709999e+27
      45900.0   4.8940000e+27
      46100.0   4.9160000e+27
      46300.0   4.8150001e+27
      46500.0   4.7420000e+27
      46700.0   4.7240001e+27
      46900.0   4.6480001e+27
      47100.0   4.5600000e+27
      47300.0   4.5670000e+27
      47500.0   4.4499999e+27
      47700.0   4.4160000e+27
      47900.0   4.3620000e+27
      48100.0   4.2439999e+27
      48300.0   4.2749999e+27
      48500.0   4.1720001e+27
      48700.0   4.0919999e+27
      48900.0   4.0420001e+27
      49100.0   3.9779999e+27
      49300.0   3.9339999e+27
      49500.0   3.8590001e+27
      49700.0   3.8409999e+27
      49900.0   3.7760001e+27
      50100.0   3.7349999e+27
      50300.0   3.6840001e+27
      50500.0   3.6050000e+27
      50700.0   3.5740000e+27
      50900.0   3.5280000e+27
      51100.0   3.4640001e+27
      51300.0   3.4270001e+27
      51500.0   3.3760000e+27
      51700.0   3.3620000e+27
      51900.0   3.3000000e+27
      52100.0   3.2620000e+27
      52300.0   3.2080001e+27
      52500.0   3.1819999e+27
      52700.0   3.1680001e+27
      52900.0   3.0919999e+27
      53100.0   3.0500000e+27
      53300.0   3.0260001e+27
      53500.0   2.9880001e+27
      53700.0   2.9539999e+27
      53900.0   2.9210000e+27
      54100.0   2.8849999e+27
      54300.0   2.8319999e+27
      54500.0   2.8190001e+27
      54700.0   2.7709999e+27
      54900.0   2.7429999e+27
      55100.0   2.7029999e+27
      55300.0   2.7090000e+27
      55500.0   2.6359999e+27
      55700.0   2.6310001e+27
      55900.0   2.5860001e+27
      56100.0   2.5679999e+27
      56300.0   2.5190000e+27
      56500.0   2.5069999e+27
      56700.0   2.4749999e+27
      56900.0   2.4299999e+27
      57100.0   2.4210000e+27
      57300.0   2.3910000e+27
      57500.0   2.3620001e+27
      57700.0   2.3300000e+27
      57900.0   2.3140000e+27
      58100.0   2.2779999e+27
      58300.0   2.2530000e+27
      58500.0   2.2280000e+27
      58700.0   2.1930000e+27
      58900.0   2.1700000e+27
      59100.0   2.1410000e+27
      59300.0   2.1240000e+27
      59500.0   2.0950000e+27
      59700.0   2.0769999e+27
      59900.0   2.0530000e+27
      60100.0   2.0290000e+27
      60300.0   2.0049999e+27
      60500.0   1.9760000e+27
      60700.0   1.9540000e+27
      60900.0   1.9310000e+27
      61100.0   1.9059999e+27
      61300.0   1.8880001e+27
      61500.0   1.8679999e+27
      61700.0   1.8500001e+27
      61900.0   1.8270001e+27
      62100.0   1.8090000e+27
      62300.0   1.7840000e+27
      62500.0   1.7600000e+27
      62700.0   1.7400001e+27
      62900.0   1.7220000e+27
      63100.0   1.7009999e+27
      63300.0   1.6870001e+27
      63500.0   1.6640001e+27
      63700.0   1.6500000e+27
      63900.0   1.6260001e+27
      64200.0   1.6010000e+27
      64600.0   1.5640000e+27
      65000.0   1.5290000e+27
      65400.0   1.4950000e+27
      65800.0   1.4630001e+27
      66200.0   1.4300000e+27
      66600.0   1.3979999e+27
      67000.0   1.3680001e+27
      67400.0   1.3369999e+27
      67800.0   1.3080000e+27
      68200.0   1.2790000e+27
      68600.0   1.2530000e+27
      69000.0   1.2250000e+27
      69400.0   1.1990000e+27
      69800.0   1.1730000e+27
      70200.0   1.1480000e+27
      70600.0   1.1240000e+27
      71000.0   1.1000000e+27
      71400.0   1.0770000e+27
      71800.0   1.0540000e+27
      72200.0   1.0330000e+27
      72600.0   1.0110000e+27
      73000.0   9.9009999e+26
      73400.0   9.6949999e+26
      73800.0   9.4990003e+26
      74200.0   9.2959998e+26
      74600.0   9.0930000e+26
      75000.0   8.9129997e+26
      75400.0   8.7440002e+26
      75800.0   8.5759998e+26
      76200.0   8.4059998e+26
      76600.0   8.2389999e+26
      77000.0   8.0750002e+26
      77400.0   7.9180000e+26
      77800.0   7.7639999e+26
      78200.0   7.6120002e+26
      78600.0   7.4650004e+26
      79000.0   7.3209999e+26
      79400.0   7.1799996e+26
      79800.0   7.0439999e+26
      80200.0   6.9070004e+26
      80600.0   6.7770003e+26
      81000.0   6.6520000e+26
      81400.0   6.5259998e+26
      81800.0   6.4060001e+26
      82200.0   6.2879999e+26
      82600.0   6.1710000e+26
      83000.0   6.0580000e+26
      83400.0   5.9450001e+26
      83800.0   5.8369999e+26
      84200.0   5.7330001e+26
      84600.0   5.6290000e+26
      85000.0   5.5280000e+26
      85400.0   5.4290000e+26
      85800.0   5.3329998e+26
      86200.0   5.2390000e+26
      86600.0   5.1469998e+26
      87000.0   5.0559998e+26
      87400.0   4.9680000e+26
      87800.0   4.8810000e+26
      88200.0   4.7960000e+26
      88600.0   4.7130000e+26
      89000.0   4.6319999e+26
      89400.0   4.5540001e+26
      89800.0   4.4739999e+26
      90200.0   4.4009999e+26
      90600.0   4.3270000e+26
      91000.0   4.2510002e+26
      91400.0   4.1809999e+26
      91800.0   4.1119999e+26
      92200.0   4.0449998e+26
      92600.0   3.9780001e+26
      93000.0   3.9119999e+26
      93400.0   3.8480000e+26
      93800.0   3.7850000e+26
      94200.0   3.7230001e+26
      94600.0   3.6629999e+26
      95000.0   3.6040002e+26
      95400.0   3.5459999e+26
      95800.0   3.4900000e+26
      96200.0   3.4340001e+26
      96600.0   3.3799999e+26
      97000.0   3.3270002e+26
      97400.0   3.2720001e+26
      97800.0   3.2219998e+26
      98200.0   3.1719999e+26
      98600.0   3.1229998e+26
      99000.0   3.0749999e+26
      99400.0   3.0270000e+26
      99800.0   2.9809999e+26
      100200.   2.9350000e+26
      200000.   2.0330000e+25
      400000.   1.5100000e+24
      600000.   3.7430000e+23
      800000.   1.5370000e+23
  1.00000e+06   8.2190000e+22
  1.20000e+06   5.1729998e+22
  1.40000e+06   3.5780000e+22
  1.60000e+06   2.6360001e+22
