      91.0000       0.0000000
      94.0000       0.0000000
      96.0000       0.0000000
      98.0000       0.0000000
      100.000       0.0000000
      102.000       0.0000000
      104.000       0.0000000
      106.000       0.0000000
      108.000       0.0000000
      110.000       0.0000000
      114.000       0.0000000
      118.000       0.0000000
      121.000       0.0000000
      125.000       0.0000000
      127.000       0.0000000
      128.000       0.0000000
      131.000       0.0000000
      132.000       0.0000000
      134.000       0.0000000
      137.000       0.0000000
      140.000       0.0000000
      143.000       0.0000000
      147.000       0.0000000
      151.000       0.0000000
      155.000       0.0000000
      159.000       0.0000000
      162.000       0.0000000
      166.000       0.0000000
      170.000       0.0000000
      173.000       0.0000000
      177.000       0.0000000
      180.000       0.0000000
      182.000       0.0000000
      186.000       0.0000000
      191.000       0.0000000
      194.000       0.0000000
      198.000       0.0000000
      202.000       0.0000000
      205.000       0.0000000
      210.000       0.0000000
      216.000       0.0000000
      220.000       0.0000000
      223.000       0.0000000
      227.000       0.0000000
      230.000       0.0000000
      234.000       0.0000000
      240.000       0.0000000
      246.000       0.0000000
      252.000       0.0000000
      257.000       0.0000000
      260.000       0.0000000
      264.000       0.0000000
      269.000       0.0000000
      274.000       0.0000000
      279.000       0.0000000
      284.000       0.0000000
      290.000       0.0000000
      296.000       0.0000000
      301.000       0.0000000
      308.000       0.0000000
      318.000       0.0000000
      328.000       0.0000000
      338.000       0.0000000
      348.000       0.0000000
      357.000       0.0000000
      366.000       0.0000000
      375.000       0.0000000
      385.000       0.0000000
      395.000       0.0000000
      405.000       0.0000000
      414.000       0.0000000
      422.000       0.0000000
      430.000       0.0000000
      441.000       0.0000000
      451.000       0.0000000
      460.000       0.0000000
      470.000       0.0000000
      480.000       0.0000000
      490.000       0.0000000
      500.000       0.0000000
      506.000       0.0000000
      512.000       0.0000000
      520.000       0.0000000
      530.000       0.0000000
      540.000       0.0000000
      550.000       0.0000000
      560.000       0.0000000
      570.000       0.0000000
      580.000       0.0000000
      590.000       0.0000000
      600.000       0.0000000
      610.000       0.0000000
      620.000       0.0000000
      630.000       0.0000000
      640.000       0.0000000
      650.000       0.0000000
      658.000       0.0000000
      665.000       0.0000000
      675.000       0.0000000
      685.000       0.0000000
      695.000       0.0000000
      705.000       0.0000000
      716.000       0.0000000
      726.000       0.0000000
      735.000       0.0000000
      745.000       0.0000000
      755.000       0.0000000
      765.000       0.0000000
      775.000       0.0000000
      785.000       0.0000000
      795.000       0.0000000
      805.000       0.0000000
      815.000       0.0000000
      825.000       0.0000000
      835.000       0.0000000
      845.000       0.0000000
      855.000       0.0000000
      865.000       0.0000000
      875.000       0.0000000
      885.000       0.0000000
      895.000       0.0000000
      905.000       0.0000000
      915.000   1.0571882e+27
      925.000   2.7446073e+27
      935.000   4.6053737e+27
      945.000   6.8674239e+27
      955.000   1.1264666e+28
      965.000   1.3935953e+28
      975.000   3.9952056e+27
      985.000   2.1024685e+28
      995.000   2.4864763e+28
      1005.00   3.2082574e+28
      1015.00   2.4791336e+28
      1025.00   8.3741960e+27
      1035.00   1.9442102e+28
      1045.00   4.6251048e+28
      1055.00   5.2862528e+28
      1065.00   4.7788212e+28
      1075.00   5.7322209e+28
      1085.00   5.2158469e+28
      1095.00   6.3883274e+28
      1105.00   6.4885249e+28
      1115.00   6.5761244e+28
      1125.00   6.5780527e+28
      1135.00   7.8128043e+28
      1145.00   7.6026688e+28
      1155.00   8.1730977e+28
      1165.00   8.9342314e+28
      1175.00   7.8734852e+28
      1185.00   9.0764157e+28
      1195.00   5.8494252e+28
      1205.00   4.1960617e+28
      1215.00   2.2412320e+29
      1225.00   4.4898132e+28
      1235.00   9.8013149e+28
      1245.00   1.2052373e+29
      1255.00   1.2372998e+29
      1265.00   1.0570070e+29
      1275.00   1.4082222e+29
      1285.00   1.5216708e+29
      1295.00   1.3669445e+29
      1305.00   1.3440350e+29
      1315.00   1.6073010e+29
      1325.00   1.5997916e+29
      1335.00   1.5194736e+29
      1345.00   1.7320572e+29
      1355.00   1.7028597e+29
      1365.00   1.6149924e+29
      1375.00   1.7017115e+29
      1385.00   1.7618309e+29
      1395.00   1.6844676e+29
      1405.00   1.7392925e+29
      1415.00   1.7655401e+29
      1425.00   1.8147356e+29
      1435.00   1.8225979e+29
      1442.00   1.9059173e+29
      1447.00   1.9458496e+29
      1455.00   1.9253617e+29
      1465.00   1.8714055e+29
      1475.00   1.8780790e+29
      1485.00   1.9110051e+29
      1495.00   1.9509928e+29
      1505.00   1.9323783e+29
      1512.00   1.8385569e+29
      1517.00   1.9306836e+29
      1525.00   1.8664386e+29
      1535.00   1.7506769e+29
      1545.00   1.8864699e+29
      1555.00   1.8149130e+29
      1565.00   1.8121032e+29
      1575.00   1.9032034e+29
      1585.00   1.9899842e+29
      1595.00   2.0529911e+29
      1605.00   1.9905004e+29
      1615.00   2.0151878e+29
      1625.00   1.9439385e+29
      1635.00   2.0234752e+29
      1645.00   2.0494829e+29
      1655.00   1.9276916e+29
      1665.00   2.1012485e+29
      1672.00   1.9492016e+29
      1677.00   2.0803159e+29
      1685.00   2.1615361e+29
      1695.00   2.0940009e+29
      1705.00   2.0475857e+29
      1715.00   1.9941892e+29
      1725.00   1.9899128e+29
      1735.00   2.0951078e+29
      1745.00   2.0619121e+29
      1755.00   2.1709121e+29
      1765.00   2.0220990e+29
      1775.00   2.1281190e+29
      1785.00   2.1506073e+29
      1795.00   2.2346207e+29
      1805.00   2.2408738e+29
      1815.00   2.1679103e+29
      1825.00   2.1912431e+29
      1835.00   2.1500408e+29
      1845.00   2.0598190e+29
      1855.00   2.0571284e+29
      1865.00   2.0949588e+29
      1875.00   2.2178079e+29
      1885.00   2.1236795e+29
      1895.00   2.0804231e+29
      1905.00   2.2081362e+29
      1915.00   2.1232297e+29
      1925.00   2.1178545e+29
      1935.00   2.1646255e+29
      1945.00   2.2320026e+29
      1955.00   2.1456383e+29
      1967.00   2.2728794e+29
      1976.00   2.3124464e+29
      1984.00   2.2457092e+29
      1995.00   2.1951270e+29
      2005.00   2.2525001e+29
      2015.00   2.2047927e+29
      2025.00   2.2917782e+29
      2035.00   2.2335361e+29
      2045.00   2.2793148e+29
      2055.00   2.1852501e+29
      2065.00   2.2250857e+29
      2074.00   2.3165413e+29
      2078.00   2.2666617e+29
      2085.00   2.3177940e+29
      2095.00   2.2440749e+29
      2105.00   2.2788879e+29
      2115.00   2.2941582e+29
      2125.00   2.3234805e+29
      2135.00   2.2373189e+29
      2145.00   2.2851337e+29
      2155.00   2.3279922e+29
      2165.00   2.2737512e+29
      2175.00   2.2709670e+29
      2185.00   2.2549979e+29
      2195.00   2.3419108e+29
      2205.00   2.2908541e+29
      2215.00   2.2296870e+29
      2225.00   2.1821201e+29
      2235.00   2.3068535e+29
      2245.00   2.2370119e+29
      2255.00   2.1920351e+29
      2265.00   2.2257360e+29
      2275.00   2.2837909e+29
      2285.00   2.3191546e+29
      2295.00   2.2433399e+29
      2305.00   2.2388844e+29
      2315.00   2.1973067e+29
      2325.00   2.0042544e+29
      2335.00   2.1470106e+29
      2345.00   2.0841123e+29
      2355.00   2.1812488e+29
      2365.00   2.0896852e+29
      2375.00   2.1416480e+29
      2385.00   2.0436459e+29
      2395.00   2.1534555e+29
      2405.00   2.0963550e+29
      2415.00   2.1318239e+29
      2425.00   2.1952509e+29
      2435.00   2.1262361e+29
      2445.00   2.2158803e+29
      2455.00   2.1934037e+29
      2465.00   2.1855302e+29
      2475.00   2.1467875e+29
      2485.00   2.2281801e+29
      2495.00   2.1376909e+29
      2505.00   2.2779931e+29
      2513.00   2.1823426e+29
      2518.00   2.2264448e+29
      2525.00   2.1450709e+29
      2535.00   2.1549249e+29
      2545.00   2.1421266e+29
      2555.00   2.2287586e+29
      2565.00   2.2156246e+29
      2575.00   2.2981479e+29
      2585.00   2.3040036e+29
      2595.00   2.3004156e+29
      2605.00   2.2505224e+29
      2615.00   2.2472172e+29
      2625.00   2.2846974e+29
      2635.00   2.3100677e+29
      2645.00   2.4246633e+29
      2655.00   2.4273550e+29
      2665.00   2.3482248e+29
      2675.00   2.4059450e+29
      2685.00   2.4024866e+29
      2695.00   2.3670239e+29
      2705.00   2.3858617e+29
      2715.00   2.3403018e+29
      2725.00   2.3477182e+29
      2735.00   2.4163979e+29
      2745.00   2.2684154e+29
      2755.00   2.2815078e+29
      2765.00   2.3392532e+29
      2775.00   2.4049234e+29
      2785.00   2.3872299e+29
      2795.00   2.1579639e+29
      2805.00   2.2529095e+29
      2815.00   2.4411623e+29
      2825.00   2.4541637e+29
      2835.00   2.4014455e+29
      2845.00   2.3731830e+29
      2855.00   2.3761073e+29
      2865.00   2.4496237e+29
      2875.00   2.4305701e+29
      2885.00   2.4494924e+29
      2895.00   2.4451542e+29
      2910.00   2.5211973e+29
      2930.00   2.4922225e+29
      2950.00   2.4879300e+29
      2970.00   2.5090807e+29
      2990.00   2.5181476e+29
      3010.00   2.5478322e+29
      3030.00   2.5565636e+29
      3050.00   2.5589666e+29
      3070.00   2.5615429e+29
      3090.00   2.5794294e+29
      3110.00   2.5742878e+29
      3130.00   2.5738714e+29
      3150.00   2.5879707e+29
      3170.00   2.5924966e+29
      3190.00   2.5555701e+29
      3210.00   2.5951568e+29
      3230.00   2.5840376e+29
      3250.00   2.6154628e+29
      3270.00   2.6392344e+29
      3290.00   2.6465937e+29
      3310.00   2.6550324e+29
      3330.00   2.6516078e+29
      3350.00   2.6446322e+29
      3370.00   2.6328696e+29
      3390.00   2.6454638e+29
      3410.00   2.6639898e+29
      3430.00   2.6707483e+29
      3450.00   2.6781777e+29
      3470.00   2.6815637e+29
      3490.00   2.6945966e+29
      3510.00   2.7176617e+29
      3530.00   2.7141220e+29
      3550.00   2.7404593e+29
      3570.00   2.7022622e+29
      3590.00   2.7009063e+29
      3610.00   2.7293767e+29
      3630.00   2.7415075e+29
      3640.00   2.7504245e+29
      3650.00   2.7632852e+29
      3670.00   2.7371899e+29
      3690.00   2.6372076e+29
      3710.00   2.8556689e+29
      3730.00   4.3138841e+29
      3750.00   3.4789793e+29
      3770.00   3.6298026e+29
      3790.00   4.1439901e+29
      3810.00   4.6205266e+29
      3830.00   3.8718198e+29
      3850.00   4.9416487e+29
      3870.00   5.5242753e+29
      3890.00   3.7472371e+29
      3910.00   5.4228178e+29
      3930.00   5.2467891e+29
      3950.00   5.3872588e+29
      3970.00   3.6511579e+29
      3990.00   5.4154962e+29
      4010.00   5.7477711e+29
      4030.00   5.7023504e+29
      4050.00   5.7611137e+29
      4070.00   5.6660777e+29
      4090.00   4.9810962e+29
      4110.00   4.1591656e+29
      4130.00   5.5339687e+29
      4150.00   5.6956800e+29
      4170.00   5.7145115e+29
      4190.00   5.7084335e+29
      4210.00   5.7076257e+29
      4230.00   5.6736537e+29
      4250.00   5.6696168e+29
      4270.00   5.5979285e+29
      4290.00   5.5741016e+29
      4310.00   5.3755751e+29
      4330.00   4.7283660e+29
      4350.00   4.2432392e+29
      4370.00   5.5197014e+29
      4390.00   5.5265693e+29
      4410.00   5.5977518e+29
      4430.00   5.6329134e+29
      4450.00   5.6525296e+29
      4470.00   5.6372888e+29
      4490.00   5.6422871e+29
      4510.00   5.7465587e+29
      4530.00   5.6421527e+29
      4550.00   5.6317266e+29
      4570.00   5.7190592e+29
      4590.00   5.6451196e+29
      4610.00   5.6939298e+29
      4630.00   5.6413432e+29
      4650.00   5.6635708e+29
      4670.00   5.6763525e+29
      4690.00   5.6519295e+29
      4710.00   5.5603977e+29
      4730.00   5.6403457e+29
      4750.00   5.6691963e+29
      4770.00   5.6420169e+29
      4790.00   5.6232234e+29
      4810.00   5.5731813e+29
      4830.00   5.5020676e+29
      4850.00   4.8862903e+29
      4870.00   4.3513633e+29
      4890.00   5.4110010e+29
      4910.00   5.5275129e+29
      4930.00   5.4914648e+29
      4950.00   5.5708623e+29
      4970.00   5.5668920e+29
      4990.00   5.4981156e+29
      5010.00   8.8031435e+29
      5030.00   5.4726232e+29
      5050.00   5.4276306e+29
      5070.00   5.5093800e+29
      5090.00   5.4560615e+29
      5110.00   5.4738338e+29
      5130.00   5.4250750e+29
      5150.00   5.3666131e+29
      5170.00   5.3150645e+29
      5190.00   5.3399095e+29
      5210.00   5.3629319e+29
      5230.00   5.3975027e+29
      5250.00   5.4406399e+29
      5270.00   5.3148905e+29
      5290.00   5.4494599e+29
      5310.00   5.4790439e+29
      5330.00   5.3624807e+29
      5350.00   5.4493534e+29
      5370.00   5.4341354e+29
      5390.00   5.4120747e+29
      5410.00   5.3814971e+29
      5430.00   5.3886295e+29
      5450.00   5.4187371e+29
      5470.00   5.3797363e+29
      5490.00   5.3870981e+29
      5510.00   5.3686069e+29
      5530.00   5.4119062e+29
      5550.00   5.4182035e+29
      5570.00   5.3785747e+29
      5590.00   5.3575700e+29
      5610.00   5.3737429e+29
      5630.00   5.3697528e+29
      5650.00   5.3752867e+29
      5670.00   5.3316099e+29
      5690.00   5.3818394e+29
      5710.00   5.3196411e+29
      5730.00   5.4263212e+29
      5750.00   5.3861792e+29
      5770.00   5.3800515e+29
      5790.00   5.3297832e+29
      5810.00   5.3670892e+29
      5830.00   5.3973655e+29
      5850.00   5.3524996e+29
      5870.00   5.3930914e+29
      5890.00   5.2052441e+29
      5910.00   5.3048680e+29
      5930.00   5.3098067e+29
      5950.00   5.2977857e+29
      5970.00   5.3261338e+29
      5990.00   5.2983113e+29
      6010.00   5.2829354e+29
      6030.00   5.3181593e+29
      6050.00   5.3477293e+29
      6070.00   5.3427505e+29
      6090.00   5.2987169e+29
      6110.00   5.3023439e+29
      6130.00   5.2118157e+29
      6150.00   5.2142294e+29
      6170.00   5.1490401e+29
      6190.00   5.2121184e+29
      6210.00   5.1955019e+29
      6230.00   5.1420751e+29
      6250.00   5.0755094e+29
      6270.00   5.1648264e+29
      6290.00   5.2278542e+29
      6310.00   5.1586454e+29
      6330.00   5.1230627e+29
      6350.00   5.1154583e+29
      6370.00   5.1224233e+29
      6390.00   5.1479029e+29
      6410.00   5.1122663e+29
      6430.00   5.1287404e+29
      6450.00   5.1215949e+29
      6470.00   5.1246974e+29
      6490.00   5.0757107e+29
      6510.00   5.1255432e+29
      6530.00   5.0927101e+29
      6550.00   5.4262902e+29
      6570.00   6.0540686e+29
      6590.00   5.7531291e+29
      6610.00   5.0902670e+29
      6630.00   5.1012940e+29
      6650.00   5.0943440e+29
      6670.00   5.0714957e+29
      6690.00   5.0822034e+29
      6710.00   5.5004449e+29
      6730.00   5.6234161e+29
      6750.00   5.0266975e+29
      6770.00   5.0320701e+29
      6790.00   5.0197505e+29
      6810.00   5.0258773e+29
      6830.00   5.0460086e+29
      6850.00   5.0135281e+29
      6870.00   5.0403995e+29
      6890.00   5.0793228e+29
      6910.00   5.0868250e+29
      6930.00   5.0794777e+29
      6950.00   5.0791125e+29
      6970.00   5.1203412e+29
      6990.00   5.1245553e+29
      7010.00   5.1135879e+29
      7030.00   5.1397573e+29
      7050.00   5.1181249e+29
      7070.00   5.0327989e+29
      7090.00   4.9641207e+29
      7110.00   4.8976917e+29
      7130.00   5.1039418e+29
      7150.00   4.9017238e+29
      7170.00   4.8949267e+29
      7190.00   4.8511658e+29
      7210.00   4.8956962e+29
      7230.00   4.9430419e+29
      7250.00   4.9694630e+29
      7270.00   4.9958916e+29
      7290.00   4.9876546e+29
      7310.00   5.0716015e+29
      7330.00   5.1463327e+29
      7350.00   5.1409546e+29
      7370.00   5.2205435e+29
      7390.00   5.1873770e+29
      7410.00   5.1948051e+29
      7430.00   5.2654350e+29
      7450.00   5.2755790e+29
      7470.00   5.3217231e+29
      7490.00   5.3289458e+29
      7510.00   5.3612470e+29
      7530.00   5.4076927e+29
      7550.00   5.4345038e+29
      7570.00   5.4300464e+29
      7590.00   5.3682091e+29
      7610.00   5.3027353e+29
      7630.00   5.1961429e+29
      7650.00   5.1086591e+29
      7670.00   5.0027784e+29
      7690.00   5.0416664e+29
      7710.00   4.9986417e+29
      7730.00   5.0109576e+29
      7750.00   5.0024947e+29
      7770.00   5.0056332e+29
      7790.00   5.0562750e+29
      7810.00   5.0772245e+29
      7830.00   5.0681111e+29
      7850.00   5.0376141e+29
      7870.00   5.0854278e+29
      7890.00   5.0665366e+29
      7910.00   5.0137176e+29
      7930.00   5.0522586e+29
      7950.00   5.0539909e+29
      7970.00   5.1389898e+29
      7990.00   5.1407156e+29
      8010.00   5.2699739e+29
      8030.00   5.2874978e+29
      8050.00   5.2955586e+29
      8070.00   5.3539185e+29
      8090.00   5.3619339e+29
      8110.00   5.4047602e+29
      8130.00   5.4827981e+29
      8150.00   5.5324513e+29
      8170.00   5.5662397e+29
      8190.00   5.5162770e+29
      8210.00   5.4560506e+29
      8230.00   5.4731532e+29
      8250.00   5.4673864e+29
      8270.00   5.4908544e+29
      8290.00   5.4617740e+29
      8310.00   5.3828654e+29
      8330.00   5.3362963e+29
      8350.00   5.3523099e+29
      8370.00   5.3449514e+29
      8390.00   5.2604613e+29
      8410.00   5.3329475e+29
      8430.00   5.2070755e+29
      8450.00   5.0970559e+29
      8470.00   5.0505556e+29
      8490.00   5.1771761e+29
      8510.00   4.9288107e+29
      8530.00   5.2269776e+29
      8550.00   4.6878598e+29
      8570.00   5.4114771e+29
      8590.00   5.2395345e+29
      8610.00   5.2504360e+29
      8630.00   5.5680887e+29
      8650.00   5.4714376e+29
      8670.00   4.8123687e+29
      8690.00   5.5363558e+29
      8710.00   5.7243991e+29
      8730.00   5.6805158e+29
      8750.00   5.2971204e+29
      8770.00   5.6540211e+29
      8790.00   5.8538344e+29
      8810.00   5.8405525e+29
      8830.00   5.8234543e+29
      8850.00   5.6322134e+29
      8870.00   5.2766866e+29
      8890.00   5.6833918e+29
      8910.00   5.7961912e+29
      8930.00   5.7852526e+29
      8950.00   5.7998167e+29
      8970.00   5.8069647e+29
      8990.00   5.7554611e+29
      9010.00   5.3543315e+29
      9030.00   5.6115887e+29
      9050.00   6.3470081e+29
      9070.00   9.8389003e+29
      9090.00   6.1768451e+29
      9110.00   5.9900727e+29
      9130.00   6.0307296e+29
      9150.00   6.0148276e+29
      9170.00   6.0062937e+29
      9190.00   6.0052022e+29
      9210.00   5.7484958e+29
      9230.00   5.3261976e+29
      9250.00   5.6117263e+29
      9270.00   5.7372494e+29
      9290.00   5.7346962e+29
      9310.00   5.7669128e+29
      9330.00   5.7914165e+29
      9350.00   5.7691341e+29
      9370.00   5.7192201e+29
      9390.00   5.7944422e+29
      9410.00   5.7440793e+29
      9430.00   5.8156225e+29
      9450.00   5.7964528e+29
      9470.00   5.8564145e+29
      9490.00   5.8449780e+29
      9510.00   5.7815361e+29
      9530.00   5.7026323e+29
      9550.00   5.3972054e+29
      9570.00   5.7071901e+29
      9590.00   5.8456342e+29
      9610.00   5.8292482e+29
      9630.00   5.8572836e+29
      9650.00   5.8121515e+29
      9670.00   5.8156055e+29
      9690.00   5.8721317e+29
      9710.00   5.8345498e+29
      9730.00   5.8048831e+29
      9750.00   5.8079302e+29
      9770.00   5.8274206e+29
      9790.00   5.7888979e+29
      9810.00   5.8622457e+29
      9830.00   5.8400683e+29
      9850.00   5.8677895e+29
      9870.00   5.8494949e+29
      9890.00   5.8435982e+29
      9910.00   5.8291545e+29
      9930.00   5.8440745e+29
      9950.00   5.8547425e+29
      9970.00   5.8568842e+29
      9990.00   5.8419330e+29
      10025.0   5.7182387e+29
      10075.0   5.6325213e+29
      10125.0   5.8197652e+29
      10175.0   5.7901465e+29
      10225.0   5.7989923e+29
      10275.0   5.8073916e+29
      10325.0   5.9745498e+29
      10375.0   5.7337717e+29
      10425.0   5.7537447e+29
      10475.0   5.6968362e+29
      10525.0   5.6569005e+29
      10575.0   5.5932266e+29
      10625.0   5.5696116e+29
      10675.0   5.5325236e+29
      10725.0   5.5528360e+29
      10775.0   5.5316720e+29
      10825.0   5.7916924e+29
      10875.0   5.4689554e+29
      10925.0   5.3656528e+29
      10975.0   5.3654429e+29
      11025.0   5.3977198e+29
      11075.0   5.3582534e+29
      11125.0   5.3469967e+29
      11175.0   5.3158045e+29
      11225.0   5.3181048e+29
      11275.0   5.2709793e+29
      11325.0   5.2624791e+29
      11375.0   5.2436269e+29
      11425.0   5.2093006e+29
      11475.0   5.2393535e+29
      11525.0   5.2291312e+29
      11575.0   5.1881679e+29
      11625.0   5.1312656e+29
      11675.0   5.1245029e+29
      11725.0   5.1429771e+29
      11775.0   5.0655986e+29
      11825.0   5.0451081e+29
      11875.0   4.9794833e+29
      11925.0   5.0303316e+29
      11975.0   4.9247143e+29
      12025.0   4.9846775e+29
      12075.0   4.9561128e+29
      12125.0   4.9546269e+29
      12175.0   4.9560595e+29
      12225.0   4.9347617e+29
      12275.0   4.9071135e+29
      12325.0   4.8870761e+29
      12375.0   4.8752938e+29
      12425.0   4.8359615e+29
      12475.0   4.8217467e+29
      12525.0   4.7929181e+29
      12575.0   4.7812508e+29
      12625.0   4.7609680e+29
      12675.0   4.7375252e+29
      12725.0   4.7315119e+29
      12775.0   4.7262250e+29
      12825.0   4.7500798e+29
      12875.0   4.6611722e+29
      12925.0   4.6374972e+29
      12975.0   4.6668489e+29
      13025.0   4.6335057e+29
      13075.0   4.6357693e+29
      13125.0   4.5741033e+29
      13175.0   4.5579116e+29
      13225.0   4.5518299e+29
      13275.0   4.4961703e+29
      13325.0   4.5011127e+29
      13375.0   4.4667372e+29
      13425.0   4.4677394e+29
      13475.0   4.4414915e+29
      13525.0   4.4225746e+29
      13575.0   4.3778678e+29
      13625.0   4.3636281e+29
      13675.0   4.3867384e+29
      13725.0   4.4032581e+29
      13775.0   4.4035072e+29
      13825.0   4.4084264e+29
      13875.0   4.3714883e+29
      13925.0   4.2358472e+29
      13975.0   4.2233789e+29
      14025.0   4.1929761e+29
      14075.0   4.2173846e+29
      14125.0   4.1901781e+29
      14175.0   4.2113761e+29
      14225.0   4.1824712e+29
      14275.0   4.1532544e+29
      14325.0   4.2058780e+29
      14375.0   4.2193665e+29
      14425.0   4.1626794e+29
      14475.0   4.2217110e+29
      14525.0   4.1946723e+29
      14570.0   4.2141166e+29
      14620.0   4.1518262e+29
      14675.0   4.1455335e+29
      14725.0   4.1206476e+29
      14775.0   4.1530313e+29
      14825.0   4.1656131e+29
      14875.0   4.1530800e+29
      14925.0   4.2177277e+29
      14975.0   4.1979321e+29
      15025.0   4.1895835e+29
      15075.0   4.1817276e+29
      15125.0   4.2382614e+29
      15175.0   4.2518511e+29
      15225.0   4.2660624e+29
      15275.0   4.2795863e+29
      15325.0   4.2759408e+29
      15375.0   4.2946376e+29
      15425.0   4.2689367e+29
      15475.0   4.3054428e+29
      15525.0   4.2907514e+29
      15575.0   4.1349773e+29
      15625.0   4.1932125e+29
      15675.0   4.2120483e+29
      15725.0   4.2665506e+29
      15775.0   4.0837520e+29
      15825.0   4.0825543e+29
      15875.0   4.0744794e+29
      15925.0   4.2294147e+29
      15975.0   4.1260834e+29
      16050.0   4.1235092e+29
      16150.0   4.1703702e+29
      16250.0   4.0985590e+29
      16350.0   4.2324933e+29
      16450.0   4.0558117e+29
      16550.0   4.1788795e+29
      16650.0   4.0382949e+29
      16750.0   4.0706830e+29
      16850.0   3.9561181e+29
      16950.0   4.0149330e+29
      17050.0   3.9500915e+29
      17150.0   3.9074254e+29
      17250.0   3.8576250e+29
      17350.0   3.7150285e+29
      17450.0   3.7304943e+29
      17550.0   3.6675952e+29
      17650.0   3.6245081e+29
      17750.0   3.5528302e+29
      17850.0   3.5158891e+29
      17950.0   3.4606098e+29
      18050.0   3.3875356e+29
      18150.0   3.3286758e+29
      18250.0   3.3120229e+29
      18350.0   3.2807225e+29
      18450.0   3.2444635e+29
      18550.0   3.2214428e+29
      18650.0   3.1690924e+29
      18750.0   3.5257214e+29
      18850.0   3.0965713e+29
      18950.0   3.0165051e+29
      19050.0   3.0278072e+29
      19150.0   2.9738188e+29
      19250.0   2.9387943e+29
      19350.0   2.8705604e+29
      19450.0   2.8230808e+29
      19550.0   2.8031466e+29
      19650.0   2.7649673e+29
      19750.0   2.7105748e+29
      19850.0   2.6882936e+29
      19950.0   2.6617698e+29
      20050.0   2.6533596e+29
      20150.0   2.6255349e+29
      20250.0   2.5781191e+29
      20350.0   2.5561368e+29
      20450.0   2.5517307e+29
      20550.0   2.5256800e+29
      20650.0   2.4904829e+29
      20750.0   2.4699735e+29
      20850.0   2.4435788e+29
      20950.0   2.4128348e+29
      21050.0   2.4040725e+29
      21150.0   2.3720574e+29
      21250.0   2.3582045e+29
      21350.0   2.3329516e+29
      21450.0   2.3077097e+29
      21550.0   2.2772412e+29
      21650.0   2.2702929e+29
      21750.0   2.2189494e+29
      21850.0   2.2004058e+29
      21950.0   2.1816989e+29
      22050.0   2.1382975e+29
      22150.0   2.1370971e+29
      22250.0   2.0933286e+29
      22350.0   2.0749117e+29
      22450.0   2.0521071e+29
      22550.0   2.0343151e+29
      22650.0   1.9992186e+29
      22750.0   1.9906504e+29
      22850.0   1.9569568e+29
      22950.0   1.6622149e+29
      23050.0   1.7630085e+29
      23150.0   1.7571627e+29
      23250.0   1.5233031e+29
      23350.0   1.6393792e+29
      23450.0   1.5725445e+29
      23550.0   1.4129153e+29
      23650.0   1.5278192e+29
      23750.0   1.4663280e+29
      23850.0   1.3486088e+29
      23950.0   1.4339737e+29
      24050.0   1.4038303e+29
      24150.0   1.2966168e+29
      24250.0   1.3546961e+29
      24350.0   1.3222812e+29
      24450.0   1.2590452e+29
      24550.0   1.2533003e+29
      24650.0   1.2638241e+29
      24750.0   1.2208027e+29
      24850.0   1.1247264e+29
      24950.0   1.1139701e+29
      25050.0   1.1379379e+29
      25150.0   1.0674829e+29
      25250.0   1.0960408e+29
      25350.0   1.0989059e+29
      25450.0   1.0842018e+29
      25550.0   1.0749783e+29
      25650.0   1.0768583e+29
      25750.0   1.0899292e+29
      25850.0   1.0563211e+29
      25950.0   1.0665803e+29
      26050.0   1.0721873e+29
      26150.0   1.0514685e+29
      26250.0   1.0988077e+29
      26350.0   1.0513156e+29
      26450.0   1.0483086e+29
      26550.0   1.0358162e+29
      26650.0   1.0203879e+29
      26750.0   1.0307113e+29
      26850.0   1.0257294e+29
      26950.0   1.0072460e+29
      27050.0   1.0137370e+29
      27150.0   1.0057492e+29
      27250.0   1.0064390e+29
      27350.0   9.8573877e+28
      27450.0   9.8929015e+28
      27550.0   9.8308111e+28
      27650.0   9.7575515e+28
      27750.0   9.6494608e+28
      27850.0   9.6697598e+28
      27950.0   9.6604744e+28
      28050.0   9.5797903e+28
      28150.0   9.4509723e+28
      28250.0   9.4269101e+28
      28350.0   9.4036554e+28
      28450.0   9.3179998e+28
      28550.0   9.2119996e+28
      28650.0   9.1169998e+28
      28750.0   8.9900002e+28
      28850.0   8.9620004e+28
      28950.0   8.8810005e+28
      29050.0   8.7880001e+28
      29150.0   8.7180004e+28
      29250.0   8.5870001e+28
      29350.0   8.5619999e+28
      29450.0   8.4519999e+28
      29550.0   8.3739996e+28
      29650.0   8.3169997e+28
      29750.0   8.2380002e+28
      29850.0   8.1430004e+28
      29950.0   8.0660003e+28
      30050.0   7.9900004e+28
      30150.0   7.9379996e+28
      30250.0   7.8529998e+28
      30350.0   7.7300001e+28
      30450.0   7.7089998e+28
      30550.0   7.6530001e+28
      30650.0   7.5899999e+28
      30750.0   7.5360001e+28
      30850.0   7.4520001e+28
      30950.0   7.3950002e+28
      31050.0   7.3470002e+28
      31150.0   7.2490002e+28
      31250.0   7.2069999e+28
      31350.0   7.1419999e+28
      31450.0   7.0749999e+28
      31550.0   7.0029998e+28
      31650.0   6.9320000e+28
      31750.0   6.8840000e+28
      31850.0   6.8180002e+28
      31950.0   6.7570000e+28
      32100.0   6.6559999e+28
      32300.0   6.5260002e+28
      32500.0   6.4039998e+28
      32700.0   6.2729999e+28
      32900.0   6.1200000e+28
      33100.0   6.0180001e+28
      33300.0   5.9000000e+28
      33500.0   5.7939999e+28
      33700.0   5.6739998e+28
      33900.0   5.5539998e+28
      34100.0   5.4400000e+28
      34300.0   5.3420000e+28
      34500.0   5.2370001e+28
      34700.0   5.1309999e+28
      34900.0   5.0319998e+28
      35100.0   4.9350000e+28
      35300.0   4.8309998e+28
      35500.0   4.7410000e+28
      35700.0   4.6440002e+28
      35900.0   4.5559999e+28
      36100.0   4.4719998e+28
      36300.0   4.3879998e+28
      36500.0   4.2929999e+28
      36700.0   4.2130002e+28
      36900.0   4.1199998e+28
      37100.0   4.0409998e+28
      37300.0   3.9700000e+28
      37500.0   3.8749999e+28
      37700.0   3.8300000e+28
      37900.0   3.7560001e+28
      38100.0   3.6840000e+28
      38300.0   3.6199999e+28
      38500.0   3.5580000e+28
      38700.0   3.4809999e+28
      38900.0   3.4189999e+28
      39100.0   3.3540001e+28
      39300.0   3.2979999e+28
      39500.0   3.2280001e+28
      39700.0   3.1690000e+28
      39900.0   3.0990001e+28
      40100.0   3.0470000e+28
      40300.0   2.9950009e+28
      40500.0   3.6699078e+28
      40700.0   2.8860164e+28
      40900.0   2.8360000e+28
      41100.0   2.7860000e+28
      41300.0   2.7380000e+28
      41500.0   2.6859999e+28
      41700.0   2.6309999e+28
      41900.0   2.5879999e+28
      42100.0   2.5410001e+28
      42300.0   2.5050001e+28
      42500.0   2.4560001e+28
      42700.0   2.4170000e+28
      42900.0   2.2890000e+28
      43100.0   2.1590001e+28
      43300.0   2.1600000e+28
      43500.0   2.0450000e+28
      43700.0   1.9820001e+28
      43900.0   1.9330000e+28
      44100.0   1.8530001e+28
      44300.0   1.8110000e+28
      44500.0   1.7730000e+28
      44700.0   1.7200000e+28
      44900.0   1.7110000e+28
      45100.0   1.6730000e+28
      45300.0   1.6320000e+28
      45500.0   1.6210000e+28
      45700.0   1.5940000e+28
      45900.0   1.5420000e+28
      46100.0   1.5480000e+28
      46300.0   1.5150000e+28
      46500.0   1.4920001e+28
      46700.0   1.4880000e+28
      46900.0   1.4630000e+28
      47100.0   1.4350000e+28
      47300.0   1.4380000e+28
      47500.0   1.4000000e+28
      47700.0   1.3910000e+28
      47900.0   1.3740000e+28
      48100.0   1.3370001e+28
      48300.0   1.3470000e+28
      48500.0   1.3140000e+28
      48700.0   1.2890000e+28
      48900.0   1.2740000e+28
      49100.0   1.2540000e+28
      49300.0   1.2410000e+28
      49500.0   1.2160000e+28
      49700.0   1.2130000e+28
      49900.0   1.1920000e+28
      50100.0   1.1789999e+28
      50300.0   1.1640001e+28
      50500.0   1.1390000e+28
      50700.0   1.1300000e+28
      50900.0   1.1150000e+28
      51100.0   1.0960000e+28
      51300.0   1.0840000e+28
      51500.0   1.0680000e+28
      51700.0   1.0640001e+28
      51900.0   1.0450000e+28
      52100.0   1.0330000e+28
      52300.0   1.0170000e+28
      52500.0   1.0089999e+28
      52700.0   1.0050000e+28
      52900.0   9.8099997e+27
      53100.0   9.6680000e+27
      53300.0   9.6030001e+27
      53500.0   9.4810002e+27
      53700.0   9.3760001e+27
      53900.0   9.2730000e+27
      54100.0   9.1640001e+27
      54300.0   9.0009999e+27
      54500.0   8.9640002e+27
      54700.0   8.8010000e+27
      54900.0   8.7289999e+27
      55100.0   8.5890000e+27
      55300.0   8.6310002e+27
      55500.0   8.3939999e+27
      55700.0   8.3799999e+27
      55900.0   8.2400000e+27
      56100.0   8.1930001e+27
      56300.0   8.0299999e+27
      56500.0   7.9960001e+27
      56700.0   7.8949999e+27
      56900.0   7.7510001e+27
      57100.0   7.7259999e+27
      57300.0   7.6340000e+27
      57500.0   7.5400001e+27
      57700.0   7.4440003e+27
      57900.0   7.3959998e+27
      58100.0   7.2840000e+27
      58300.0   7.2070001e+27
      58500.0   7.1239997e+27
      58700.0   7.0129999e+27
      58900.0   6.9419997e+27
      59100.0   6.8450000e+27
      59300.0   6.7980000e+27
      59500.0   6.7030002e+27
      59700.0   6.6519998e+27
      59900.0   6.5749998e+27
      60100.0   6.4999998e+27
      60300.0   6.4229999e+27
      60500.0   6.3290000e+27
      60700.0   6.2620002e+27
      60900.0   6.1880001e+27
      61100.0   6.1100002e+27
      61300.0   6.0550000e+27
      61500.0   5.9920001e+27
      61700.0   5.9389998e+27
      61900.0   5.8649997e+27
      62100.0   5.8080002e+27
      62300.0   5.7300003e+27
      62500.0   5.6499998e+27
      62700.0   5.5889998e+27
      62900.0   5.5299998e+27
      63100.0   5.4669999e+27
      63300.0   5.4209999e+27
      63500.0   5.3500003e+27
      63700.0   5.3080001e+27
      63900.0   5.2259998e+27
      64200.0   5.1509998e+27
      64600.0   5.0310003e+27
      65000.0   4.9230001e+27
      65400.0   4.8120000e+27
      65800.0   4.7130000e+27
      66200.0   4.6060000e+27
      66600.0   4.5070000e+27
      67000.0   4.4119999e+27
      67400.0   4.3129999e+27
      67800.0   4.2200000e+27
      68200.0   4.1280000e+27
      68600.0   4.0430001e+27
      69000.0   3.9549999e+27
      69400.0   3.8719999e+27
      69800.0   3.7899999e+27
      70200.0   3.7090001e+27
      70600.0   3.6330001e+27
      71000.0   3.5560001e+27
      71400.0   3.4830000e+27
      71800.0   3.4089999e+27
      72200.0   3.3409999e+27
      72600.0   3.2710000e+27
      73000.0   3.2039999e+27
      73400.0   3.1380001e+27
      73800.0   3.0749999e+27
      74200.0   3.0090001e+27
      74600.0   2.9430000e+27
      75000.0   2.8849999e+27
      75400.0   2.8319999e+27
      75800.0   2.7780000e+27
      76200.0   2.7240000e+27
      76600.0   2.6700000e+27
      77000.0   2.6180000e+27
      77400.0   2.5669999e+27
      77800.0   2.5170001e+27
      78200.0   2.4680001e+27
      78600.0   2.4219999e+27
      79000.0   2.3750000e+27
      79400.0   2.3300000e+27
      79800.0   2.2860001e+27
      80200.0   2.2420000e+27
      80600.0   2.2000000e+27
      81000.0   2.1600000e+27
      81400.0   2.1200000e+27
      81800.0   2.0810001e+27
      82200.0   2.0420000e+27
      82600.0   2.0049999e+27
      83000.0   1.9680000e+27
      83400.0   1.9320000e+27
      83800.0   1.8970000e+27
      84200.0   1.8640000e+27
      84600.0   1.8299999e+27
      85000.0   1.7980000e+27
      85400.0   1.7659999e+27
      85800.0   1.7350000e+27
      86200.0   1.7049999e+27
      86600.0   1.6749999e+27
      87000.0   1.6460000e+27
      87400.0   1.6170000e+27
      87800.0   1.5890000e+27
      88200.0   1.5620000e+27
      88600.0   1.5350001e+27
      89000.0   1.5090000e+27
      89400.0   1.4840000e+27
      89800.0   1.4580000e+27
      90200.0   1.4340000e+27
      90600.0   1.4100001e+27
      91000.0   1.3860000e+27
      91400.0   1.3630000e+27
      91800.0   1.3400000e+27
      92200.0   1.3190001e+27
      92600.0   1.2970000e+27
      93000.0   1.2760000e+27
      93400.0   1.2550000e+27
      93800.0   1.2350000e+27
      94200.0   1.2150000e+27
      94600.0   1.1950000e+27
      95000.0   1.1760000e+27
      95400.0   1.1580000e+27
      95800.0   1.1390000e+27
      96200.0   1.1210000e+27
      96600.0   1.1040000e+27
      97000.0   1.0860000e+27
      97400.0   1.0690000e+27
      97800.0   1.0530000e+27
      98200.0   1.0360000e+27
      98600.0   1.0210000e+27
      99000.0   1.0050000e+27
      99400.0   9.8960001e+26
      99800.0   9.7450002e+26
      100200.   9.5969998e+26
      200000.   6.8950000e+25
      400000.   5.7059999e+24
      600000.   1.5920000e+24
      800000.   7.2010000e+23
  1.00000e+06   4.1309999e+23
  1.20000e+06   2.7340000e+23
  1.40000e+06   1.9579999e+23
  1.60000e+06   1.4790000e+23
