      91.0000      0.00000
      94.0000      0.00000
      96.0000      0.00000
      98.0000      0.00000
      100.000      0.00000
      102.000      0.00000
      104.000      0.00000
      106.000      0.00000
      108.000      0.00000
      110.000      0.00000
      114.000      0.00000
      118.000      0.00000
      121.000      0.00000
      125.000      0.00000
      127.000      0.00000
      128.000      0.00000
      131.000      0.00000
      132.000      0.00000
      134.000      0.00000
      137.000      0.00000
      140.000      0.00000
      143.000      0.00000
      147.000      0.00000
      151.000      0.00000
      155.000      0.00000
      159.000      0.00000
      162.000      0.00000
      166.000      0.00000
      170.000      0.00000
      173.000      0.00000
      177.000      0.00000
      180.000      0.00000
      182.000      0.00000
      186.000      0.00000
      191.000      0.00000
      194.000      0.00000
      198.000      0.00000
      202.000      0.00000
      205.000      0.00000
      210.000      0.00000
      216.000      0.00000
      220.000      0.00000
      223.000      0.00000
      227.000      0.00000
      230.000      0.00000
      234.000      0.00000
      240.000      0.00000
      246.000      0.00000
      252.000      0.00000
      257.000      0.00000
      260.000      0.00000
      264.000      0.00000
      269.000      0.00000
      274.000      0.00000
      279.000      0.00000
      284.000      0.00000
      290.000      0.00000
      296.000      0.00000
      301.000      0.00000
      308.000      0.00000
      318.000      0.00000
      328.000      0.00000
      338.000      0.00000
      348.000      0.00000
      357.000      0.00000
      366.000      0.00000
      375.000      0.00000
      385.000      0.00000
      395.000      0.00000
      405.000      0.00000
      414.000      0.00000
      422.000      0.00000
      430.000      0.00000
      441.000      0.00000
      451.000      0.00000
      460.000      0.00000
      470.000      0.00000
      480.000      0.00000
      490.000      0.00000
      500.000      0.00000
      506.000      0.00000
      512.000      0.00000
      520.000      0.00000
      530.000      0.00000
      540.000      0.00000
      550.000      0.00000
      560.000      0.00000
      570.000      0.00000
      580.000      0.00000
      590.000      0.00000
      600.000      0.00000
      610.000      0.00000
      620.000      0.00000
      630.000      0.00000
      640.000      0.00000
      650.000      0.00000
      658.000      0.00000
      665.000      0.00000
      675.000      0.00000
      685.000      0.00000
      695.000      0.00000
      705.000      0.00000
      716.000      0.00000
      726.000      0.00000
      735.000      0.00000
      745.000      0.00000
      755.000      0.00000
      765.000      0.00000
      775.000      0.00000
      785.000      0.00000
      795.000      0.00000
      805.000      0.00000
      815.000      0.00000
      825.000      0.00000
      835.000      0.00000
      845.000      0.00000
      855.000      0.00000
      865.000      0.00000
      875.000      0.00000
      885.000      0.00000
      895.000      0.00000
      905.000      0.00000
      915.000  4.17600e+27
      925.000  5.27200e+27
      935.000  6.19600e+27
      945.000  7.14600e+27
      955.000  7.50800e+27
      965.000  7.91500e+27
      975.000  5.38700e+27
      985.000  7.16100e+27
      995.000  6.72100e+27
      1005.00  7.06900e+27
      1015.00  6.96400e+27
      1025.00  5.56500e+27
      1035.00  6.43500e+27
      1045.00  7.04700e+27
      1055.00  6.80000e+27
      1065.00  6.26900e+27
      1075.00  6.36400e+27
      1085.00  5.87100e+27
      1095.00  6.19100e+27
      1105.00  5.93300e+27
      1115.00  5.80300e+27
      1125.00  5.39100e+27
      1135.00  5.63200e+27
      1145.00  5.40700e+27
      1155.00  5.30800e+27
      1165.00  5.18300e+27
      1175.00  4.36900e+27
      1185.00  4.89100e+27
      1195.00  4.61700e+27
      1205.00  4.26800e+27
      1215.00  3.52900e+27
      1225.00  4.37600e+27
      1235.00  4.61800e+27
      1245.00  4.71700e+27
      1255.00  4.76500e+27
      1265.00  4.73200e+27
      1275.00  4.82600e+27
      1285.00  4.83700e+27
      1295.00  4.64100e+27
      1305.00  4.64700e+27
      1315.00  4.78000e+27
      1325.00  4.68000e+27
      1335.00  4.56700e+27
      1345.00  4.66300e+27
      1355.00  4.61300e+27
      1365.00  4.52200e+27
      1375.00  4.51900e+27
      1385.00  4.51100e+27
      1395.00  4.16600e+27
      1405.00  4.12600e+27
      1415.00  4.56300e+27
      1425.00  4.50900e+27
      1435.00  4.58000e+27
      1442.00  4.78600e+27
      1447.00  4.74500e+27
      1455.00  4.93800e+27
      1465.00  4.73800e+27
      1475.00  4.88700e+27
      1485.00  5.08500e+27
      1495.00  5.27500e+27
      1505.00  5.57300e+27
      1512.00  5.51300e+27
      1517.00  5.33400e+27
      1525.00  6.80800e+27
      1535.00  8.07800e+27
      1545.00  8.96300e+27
      1555.00  9.69900e+27
      1565.00  9.37700e+27
      1575.00  1.40200e+28
      1585.00  1.67300e+28
      1595.00  1.87600e+28
      1605.00  1.69500e+28
      1615.00  1.86800e+28
      1625.00  1.67300e+28
      1635.00  1.93900e+28
      1645.00  2.69100e+28
      1655.00  1.71800e+28
      1665.00  3.09600e+28
      1672.00  2.07000e+28
      1677.00  4.47700e+28
      1685.00  4.86200e+28
      1695.00  4.15100e+28
      1705.00  4.47400e+28
      1715.00  5.34900e+28
      1725.00  5.49400e+28
      1735.00  6.26700e+28
      1745.00  6.17200e+28
      1755.00  7.04900e+28
      1765.00  5.54800e+28
      1775.00  6.68400e+28
      1785.00  6.97500e+28
      1795.00  8.25400e+28
      1805.00  8.13300e+28
      1815.00  8.46900e+28
      1825.00  7.79400e+28
      1835.00  7.77400e+28
      1845.00  6.57900e+28
      1855.00  7.48000e+28
      1865.00  8.40200e+28
      1875.00  8.27400e+28
      1885.00  8.51500e+28
      1895.00  9.10200e+28
      1905.00  8.59200e+28
      1915.00  9.39000e+28
      1925.00  9.34700e+28
      1935.00  7.61700e+28
      1945.00  1.01400e+29
      1955.00  1.03100e+29
      1967.00  1.13000e+29
      1976.00  1.09600e+29
      1984.00  1.08700e+29
      1995.00  1.06600e+29
      2005.00  9.99100e+28
      2015.00  1.02800e+29
      2025.00  9.28100e+28
      2035.00  1.07700e+29
      2045.00  1.17700e+29
      2055.00  1.15300e+29
      2065.00  1.11300e+29
      2074.00  1.26700e+29
      2078.00  1.33800e+29
      2085.00  1.32300e+29
      2095.00  1.26400e+29
      2105.00  1.19000e+29
      2115.00  1.24600e+29
      2125.00  1.25400e+29
      2135.00  1.07400e+29
      2145.00  1.25800e+29
      2155.00  1.24900e+29
      2165.00  1.15600e+29
      2175.00  1.15600e+29
      2185.00  1.25400e+29
      2195.00  1.36600e+29
      2205.00  1.30400e+29
      2215.00  1.17000e+29
      2225.00  1.20200e+29
      2235.00  1.41900e+29
      2245.00  1.29300e+29
      2255.00  1.18800e+29
      2265.00  1.16300e+29
      2275.00  1.26300e+29
      2285.00  1.37300e+29
      2295.00  1.24700e+29
      2305.00  1.34300e+29
      2315.00  1.31200e+29
      2325.00  1.06800e+29
      2335.00  1.14900e+29
      2345.00  9.42800e+28
      2355.00  1.30000e+29
      2365.00  1.01200e+29
      2375.00  1.18300e+29
      2385.00  8.76500e+28
      2395.00  1.02200e+29
      2405.00  1.00400e+29
      2415.00  1.03800e+29
      2425.00  1.31100e+29
      2435.00  1.27200e+29
      2445.00  1.40000e+29
      2455.00  1.39300e+29
      2465.00  1.39400e+29
      2475.00  1.26900e+29
      2485.00  1.20000e+29
      2495.00  1.18400e+29
      2505.00  1.48400e+29
      2513.00  1.14000e+29
      2518.00  1.01700e+29
      2525.00  9.77300e+28
      2535.00  1.06100e+29
      2545.00  1.10000e+29
      2555.00  1.34600e+29
      2565.00  1.26700e+29
      2575.00  1.43800e+29
      2585.00  1.42300e+29
      2595.00  1.37300e+29
      2605.00  1.28700e+29
      2615.00  1.19900e+29
      2625.00  1.45200e+29
      2635.00  1.62700e+29
      2645.00  1.98300e+29
      2655.00  2.17500e+29
      2665.00  1.80600e+29
      2675.00  1.95800e+29
      2685.00  2.05300e+29
      2695.00  1.77100e+29
      2705.00  1.92100e+29
      2715.00  1.66700e+29
      2725.00  1.63600e+29
      2735.00  1.82800e+29
      2745.00  1.34700e+29
      2755.00  1.52100e+29
      2765.00  1.71200e+29
      2775.00  1.84600e+29
      2785.00  1.54400e+29
      2795.00  7.39200e+28
      2805.00  9.16800e+28
      2815.00  1.86600e+29
      2825.00  2.10600e+29
      2835.00  2.04600e+29
      2845.00  1.86000e+29
      2855.00  1.56900e+29
      2865.00  2.06500e+29
      2875.00  2.19200e+29
      2885.00  2.15900e+29
      2895.00  2.19500e+29
      2910.00  2.59700e+29
      2930.00  2.44700e+29
      2950.00  2.38400e+29
      2970.00  2.45200e+29
      2990.00  2.49900e+29
      3010.00  2.53800e+29
      3030.00  2.58400e+29
      3050.00  2.65300e+29
      3070.00  2.70300e+29
      3090.00  2.71900e+29
      3110.00  2.78800e+29
      3130.00  2.72200e+29
      3150.00  2.74100e+29
      3170.00  2.83900e+29
      3190.00  2.63200e+29
      3210.00  2.79700e+29
      3230.00  2.58900e+29
      3250.00  2.97700e+29
      3270.00  3.21800e+29
      3290.00  3.20200e+29
      3310.00  3.16500e+29
      3330.00  3.16100e+29
      3350.00  3.09700e+29
      3370.00  2.79200e+29
      3390.00  2.94100e+29
      3410.00  2.99600e+29
      3430.00  3.12000e+29
      3450.00  3.16500e+29
      3470.00  3.20300e+29
      3490.00  3.33800e+29
      3510.00  3.46200e+29
      3530.00  3.30400e+29
      3550.00  3.57500e+29
      3570.00  3.07700e+29
      3590.00  3.04900e+29
      3610.00  3.33300e+29
      3630.00  3.39800e+29
      3640.00  3.44900e+29
      3650.00  3.67700e+29
      3670.00  3.65600e+29
      3690.00  3.45300e+29
      3710.00  3.80100e+29
      3730.00  3.31800e+29
      3750.00  3.83000e+29
      3770.00  4.24100e+29
      3790.00  4.60300e+29
      3810.00  4.88300e+29
      3830.00  3.73700e+29
      3850.00  4.79700e+29
      3870.00  5.00400e+29
      3890.00  4.22500e+29
      3910.00  5.58400e+29
      3930.00  3.99600e+29
      3950.00  5.30200e+29
      3970.00  3.55000e+29
      3990.00  6.10200e+29
      4010.00  6.65900e+29
      4030.00  6.67600e+29
      4050.00  6.57200e+29
      4070.00  6.33900e+29
      4090.00  6.30500e+29
      4110.00  5.61700e+29
      4130.00  6.56900e+29
      4150.00  6.67300e+29
      4170.00  6.73900e+29
      4190.00  6.61700e+29
      4210.00  6.66100e+29
      4230.00  6.52200e+29
      4250.00  6.60100e+29
      4270.00  6.40500e+29
      4290.00  6.18300e+29
      4310.00  5.58100e+29
      4330.00  6.06600e+29
      4350.00  5.64000e+29
      4370.00  6.78200e+29
      4390.00  6.57200e+29
      4410.00  6.78000e+29
      4430.00  7.05800e+29
      4450.00  7.06100e+29
      4470.00  7.25200e+29
      4490.00  7.33300e+29
      4510.00  7.76400e+29
      4530.00  7.26500e+29
      4550.00  7.37500e+29
      4570.00  7.69000e+29
      4590.00  7.43200e+29
      4610.00  7.57500e+29
      4630.00  7.46900e+29
      4650.00  7.51900e+29
      4670.00  7.64000e+29
      4690.00  7.54400e+29
      4710.00  7.35700e+29
      4730.00  7.54400e+29
      4750.00  7.66100e+29
      4770.00  7.57400e+29
      4790.00  7.53900e+29
      4810.00  7.47300e+29
      4830.00  7.45700e+29
      4850.00  6.83300e+29
      4870.00  6.12300e+29
      4890.00  7.22700e+29
      4910.00  7.32600e+29
      4930.00  7.24700e+29
      4950.00  7.42400e+29
      4970.00  7.40700e+29
      4990.00  7.08100e+29
      5010.00  6.84500e+29
      5030.00  7.10800e+29
      5050.00  7.06500e+29
      5070.00  7.24200e+29
      5090.00  7.02300e+29
      5110.00  7.10800e+29
      5130.00  6.94600e+29
      5150.00  6.76200e+29
      5170.00  6.52600e+29
      5190.00  6.61500e+29
      5210.00  6.79100e+29
      5230.00  6.95600e+29
      5250.00  7.10400e+29
      5270.00  6.63800e+29
      5290.00  7.10700e+29
      5310.00  7.28700e+29
      5330.00  6.80500e+29
      5350.00  7.13100e+29
      5370.00  7.07300e+29
      5390.00  6.99000e+29
      5410.00  6.88900e+29
      5430.00  6.93300e+29
      5450.00  7.03700e+29
      5470.00  6.93600e+29
      5490.00  6.94200e+29
      5510.00  6.89700e+29
      5530.00  7.00200e+29
      5550.00  7.03500e+29
      5570.00  6.89900e+29
      5590.00  6.81100e+29
      5610.00  6.90100e+29
      5630.00  6.89400e+29
      5650.00  6.92400e+29
      5670.00  6.79100e+29
      5690.00  6.90800e+29
      5710.00  6.73400e+29
      5730.00  7.04200e+29
      5750.00  6.88800e+29
      5770.00  6.90600e+29
      5790.00  6.75600e+29
      5810.00  6.86900e+29
      5830.00  6.94800e+29
      5850.00  6.80900e+29
      5870.00  6.79300e+29
      5890.00  6.35600e+29
      5910.00  6.69000e+29
      5930.00  6.70200e+29
      5950.00  6.69100e+29
      5970.00  6.73300e+29
      5990.00  6.66500e+29
      6010.00  6.58800e+29
      6030.00  6.66000e+29
      6050.00  6.72900e+29
      6070.00  6.69100e+29
      6090.00  6.55900e+29
      6110.00  6.54900e+29
      6130.00  6.32000e+29
      6150.00  6.39800e+29
      6170.00  6.21100e+29
      6190.00  6.39900e+29
      6210.00  6.36000e+29
      6230.00  6.22600e+29
      6250.00  6.08100e+29
      6270.00  6.26400e+29
      6290.00  6.29900e+29
      6310.00  6.18800e+29
      6330.00  6.23400e+29
      6350.00  6.24400e+29
      6370.00  6.22300e+29
      6390.00  6.25000e+29
      6410.00  6.14200e+29
      6430.00  6.16700e+29
      6450.00  6.13900e+29
      6470.00  6.11200e+29
      6490.00  6.00900e+29
      6510.00  6.12100e+29
      6530.00  6.09000e+29
      6550.00  5.82800e+29
      6570.00  5.29200e+29
      6590.00  5.93100e+29
      6610.00  6.01900e+29
      6630.00  6.00400e+29
      6650.00  5.98000e+29
      6670.00  5.89600e+29
      6690.00  5.95400e+29
      6710.00  5.81400e+29
      6730.00  5.88500e+29
      6750.00  5.80900e+29
      6770.00  5.81800e+29
      6790.00  5.78100e+29
      6810.00  5.77100e+29
      6830.00  5.79700e+29
      6850.00  5.70000e+29
      6870.00  5.73800e+29
      6890.00  5.78100e+29
      6910.00  5.75600e+29
      6930.00  5.72800e+29
      6950.00  5.70200e+29
      6970.00  5.73400e+29
      6990.00  5.71100e+29
      7010.00  5.64500e+29
      7030.00  5.68900e+29
      7050.00  5.67500e+29
      7070.00  5.57100e+29
      7090.00  5.47900e+29
      7110.00  5.40200e+29
      7130.00  5.33400e+29
      7150.00  5.31600e+29
      7170.00  5.34200e+29
      7190.00  5.23600e+29
      7210.00  5.29900e+29
      7230.00  5.35500e+29
      7250.00  5.36300e+29
      7270.00  5.37000e+29
      7290.00  5.30700e+29
      7310.00  5.38700e+29
      7330.00  5.38800e+29
      7350.00  5.41500e+29
      7370.00  5.48600e+29
      7390.00  5.40300e+29
      7410.00  5.35600e+29
      7430.00  5.44200e+29
      7450.00  5.44200e+29
      7470.00  5.47100e+29
      7490.00  5.44700e+29
      7510.00  5.46600e+29
      7530.00  5.49700e+29
      7550.00  5.51100e+29
      7570.00  5.47800e+29
      7590.00  5.40800e+29
      7610.00  5.34600e+29
      7630.00  5.26600e+29
      7650.00  5.19500e+29
      7670.00  5.04100e+29
      7690.00  5.11500e+29
      7710.00  5.03400e+29
      7730.00  5.04200e+29
      7750.00  5.00400e+29
      7770.00  5.04000e+29
      7790.00  5.04800e+29
      7810.00  5.04800e+29
      7830.00  5.01000e+29
      7850.00  4.97000e+29
      7870.00  5.01100e+29
      7890.00  4.96500e+29
      7910.00  4.88100e+29
      7930.00  4.87800e+29
      7950.00  4.85600e+29
      7970.00  4.94700e+29
      7990.00  4.93700e+29
      8010.00  4.99500e+29
      8030.00  4.99900e+29
      8050.00  4.97900e+29
      8070.00  5.01200e+29
      8090.00  4.97900e+29
      8110.00  5.00500e+29
      8130.00  5.05200e+29
      8150.00  5.06600e+29
      8170.00  5.07400e+29
      8190.00  4.98300e+29
      8210.00  4.95000e+29
      8230.00  4.95100e+29
      8250.00  4.94500e+29
      8270.00  4.96200e+29
      8290.00  4.92700e+29
      8310.00  4.84000e+29
      8330.00  4.78800e+29
      8350.00  4.80400e+29
      8370.00  4.80100e+29
      8390.00  4.69200e+29
      8410.00  4.77100e+29
      8430.00  4.64100e+29
      8450.00  4.58500e+29
      8470.00  4.55300e+29
      8490.00  4.56600e+29
      8510.00  4.37600e+29
      8530.00  4.54300e+29
      8550.00  4.08400e+29
      8570.00  4.63300e+29
      8590.00  4.56000e+29
      8610.00  4.56300e+29
      8630.00  4.65700e+29
      8650.00  4.62100e+29
      8670.00  4.12100e+29
      8690.00  4.56700e+29
      8710.00  4.67000e+29
      8730.00  4.66600e+29
      8750.00  4.51600e+29
      8770.00  4.65200e+29
      8790.00  4.69100e+29
      8810.00  4.63600e+29
      8830.00  4.63700e+29
      8850.00  4.58800e+29
      8870.00  4.40900e+29
      8890.00  4.56100e+29
      8910.00  4.59200e+29
      8930.00  4.55000e+29
      8950.00  4.54200e+29
      8970.00  4.54500e+29
      8990.00  4.53200e+29
      9010.00  4.32400e+29
      9030.00  4.47500e+29
      9050.00  4.58300e+29
      9070.00  4.56800e+29
      9090.00  4.49100e+29
      9110.00  4.54000e+29
      9130.00  4.56900e+29
      9150.00  4.54900e+29
      9170.00  4.53700e+29
      9190.00  4.54400e+29
      9210.00  4.40800e+29
      9230.00  4.22900e+29
      9250.00  4.32100e+29
      9270.00  4.35600e+29
      9290.00  4.33300e+29
      9310.00  4.34400e+29
      9330.00  4.34000e+29
      9350.00  4.31500e+29
      9370.00  4.26800e+29
      9390.00  4.30800e+29
      9410.00  4.23500e+29
      9430.00  4.29600e+29
      9450.00  4.25700e+29
      9470.00  4.29600e+29
      9490.00  4.28700e+29
      9510.00  4.24400e+29
      9530.00  4.21600e+29
      9550.00  4.05700e+29
      9570.00  4.18200e+29
      9590.00  4.23300e+29
      9610.00  4.19600e+29
      9630.00  4.19800e+29
      9650.00  4.14800e+29
      9670.00  4.14200e+29
      9690.00  4.17400e+29
      9710.00  4.13800e+29
      9730.00  4.11400e+29
      9750.00  4.09800e+29
      9770.00  4.10300e+29
      9790.00  4.06300e+29
      9810.00  4.11000e+29
      9830.00  4.08600e+29
      9850.00  4.09200e+29
      9870.00  4.06800e+29
      9890.00  4.05600e+29
      9910.00  4.03800e+29
      9930.00  4.04000e+29
      9950.00  4.03600e+29
      9970.00  4.02800e+29
      9990.00  4.01200e+29
      10025.0  3.95500e+29
      10075.0  3.88900e+29
      10125.0  3.93500e+29
      10175.0  3.88800e+29
      10225.0  3.87600e+29
      10275.0  3.86500e+29
      10325.0  3.80800e+29
      10375.0  3.77700e+29
      10425.0  3.77400e+29
      10475.0  3.71900e+29
      10525.0  3.68800e+29
      10575.0  3.63100e+29
      10625.0  3.59700e+29
      10675.0  3.54500e+29
      10725.0  3.54900e+29
      10775.0  3.51700e+29
      10825.0  3.47100e+29
      10875.0  3.45100e+29
      10925.0  3.38900e+29
      10975.0  3.38300e+29
      11025.0  3.38400e+29
      11075.0  3.35100e+29
      11125.0  3.32500e+29
      11175.0  3.29100e+29
      11225.0  3.28100e+29
      11275.0  3.23400e+29
      11325.0  3.21800e+29
      11375.0  3.18900e+29
      11425.0  3.15200e+29
      11475.0  3.16800e+29
      11525.0  3.14900e+29
      11575.0  3.11000e+29
      11625.0  3.06000e+29
      11675.0  3.04900e+29
      11725.0  3.05200e+29
      11775.0  2.99000e+29
      11825.0  2.96500e+29
      11875.0  2.91800e+29
      11925.0  2.94500e+29
      11975.0  2.86200e+29
      12025.0  2.89100e+29
      12075.0  2.86100e+29
      12125.0  2.85500e+29
      12175.0  2.85000e+29
      12225.0  2.82700e+29
      12275.0  2.80000e+29
      12325.0  2.78100e+29
      12375.0  2.76400e+29
      12425.0  2.73400e+29
      12475.0  2.71900e+29
      12525.0  2.69200e+29
      12575.0  2.67700e+29
      12625.0  2.65700e+29
      12675.0  2.63300e+29
      12725.0  2.62300e+29
      12775.0  2.60600e+29
      12825.0  2.50200e+29
      12875.0  2.55900e+29
      12925.0  2.53700e+29
      12975.0  2.54400e+29
      13025.0  2.51500e+29
      13075.0  2.50900e+29
      13125.0  2.46600e+29
      13175.0  2.45000e+29
      13225.0  2.44300e+29
      13275.0  2.40400e+29
      13325.0  2.40000e+29
      13375.0  2.37500e+29
      13425.0  2.37000e+29
      13475.0  2.34800e+29
      13525.0  2.33100e+29
      13575.0  2.29700e+29
      13625.0  2.28300e+29
      13675.0  2.28500e+29
      13725.0  2.28300e+29
      13775.0  2.27400e+29
      13825.0  2.26800e+29
      13875.0  2.24400e+29
      13925.0  2.19000e+29
      13975.0  2.17600e+29
      14025.0  2.15000e+29
      14075.0  2.15700e+29
      14125.0  2.13400e+29
      14175.0  2.14100e+29
      14225.0  2.11300e+29
      14275.0  2.08900e+29
      14325.0  2.11000e+29
      14375.0  2.11000e+29
      14425.0  2.06600e+29
      14475.0  2.09300e+29
      14525.0  2.06700e+29
      14570.0  2.07200e+29
      14620.0  2.04600e+29
      14675.0  2.03500e+29
      14725.0  2.01200e+29
      14775.0  2.01800e+29
      14825.0  2.01600e+29
      14875.0  1.99600e+29
      14925.0  2.02400e+29
      14975.0  2.00500e+29
      15025.0  1.98300e+29
      15075.0  1.97500e+29
      15125.0  1.99800e+29
      15175.0  1.99700e+29
      15225.0  1.98900e+29
      15275.0  1.99200e+29
      15325.0  1.98200e+29
      15375.0  1.98000e+29
      15425.0  1.96600e+29
      15475.0  1.96800e+29
      15525.0  1.95200e+29
      15575.0  1.90500e+29
      15625.0  1.92500e+29
      15675.0  1.91000e+29
      15725.0  1.92300e+29
      15775.0  1.85300e+29
      15825.0  1.86100e+29
      15875.0  1.83300e+29
      15925.0  1.88300e+29
      15975.0  1.85700e+29
      16050.0  1.84600e+29
      16150.0  1.83900e+29
      16250.0  1.81400e+29
      16350.0  1.83000e+29
      16450.0  1.75000e+29
      16550.0  1.78600e+29
      16650.0  1.73300e+29
      16750.0  1.71800e+29
      16850.0  1.66600e+29
      16950.0  1.67700e+29
      17050.0  1.63700e+29
      17150.0  1.61100e+29
      17250.0  1.57600e+29
      17350.0  1.51400e+29
      17450.0  1.50900e+29
      17550.0  1.47800e+29
      17650.0  1.45100e+29
      17750.0  1.41500e+29
      17850.0  1.39100e+29
      17950.0  1.36000e+29
      18050.0  1.32700e+29
      18150.0  1.29300e+29
      18250.0  1.28200e+29
      18350.0  1.26500e+29
      18450.0  1.24100e+29
      18550.0  1.22800e+29
      18650.0  1.19900e+29
      18750.0  1.16200e+29
      18850.0  1.16400e+29
      18950.0  1.12800e+29
      19050.0  1.13000e+29
      19150.0  1.10700e+29
      19250.0  1.09000e+29
      19350.0  1.06100e+29
      19450.0  1.02800e+29
      19550.0  1.03000e+29
      19650.0  1.01200e+29
      19750.0  9.88200e+28
      19850.0  9.76200e+28
      19950.0  9.63400e+28
      20050.0  9.56300e+28
      20150.0  9.43500e+28
      20250.0  9.22900e+28
      20350.0  9.10700e+28
      20450.0  9.06800e+28
      20550.0  8.93100e+28
      20650.0  8.79000e+28
      20750.0  8.69300e+28
      20850.0  8.57900e+28
      20950.0  8.43600e+28
      21050.0  8.38400e+28
      21150.0  8.25200e+28
      21250.0  8.13900e+28
      21350.0  8.06700e+28
      21450.0  7.95800e+28
      21550.0  7.83800e+28
      21650.0  7.63300e+28
      21750.0  7.58700e+28
      21850.0  7.50000e+28
      21950.0  7.41600e+28
      22050.0  7.25000e+28
      22150.0  7.21800e+28
      22250.0  7.06200e+28
      22350.0  6.97600e+28
      22450.0  6.88100e+28
      22550.0  6.79400e+28
      22650.0  6.66500e+28
      22750.0  6.61000e+28
      22850.0  6.48200e+28
      22950.0  5.67300e+28
      23050.0  5.92200e+28
      23150.0  5.87500e+28
      23250.0  5.20700e+28
      23350.0  5.48500e+28
      23450.0  5.34900e+28
      23550.0  4.84100e+28
      23650.0  5.12400e+28
      23750.0  4.98700e+28
      23850.0  4.58800e+28
      23950.0  4.78800e+28
      24050.0  4.72400e+28
      24150.0  4.38000e+28
      24250.0  4.49600e+28
      24350.0  4.42700e+28
      24450.0  4.21100e+28
      24550.0  4.15800e+28
      24650.0  4.19500e+28
      24750.0  4.05000e+28
      24850.0  3.81000e+28
      24950.0  3.80800e+28
      25050.0  3.84900e+28
      25150.0  3.62100e+28
      25250.0  3.68600e+28
      25350.0  3.67500e+28
      25450.0  3.59900e+28
      25550.0  3.55500e+28
      25650.0  3.54500e+28
      25750.0  3.55600e+28
      25850.0  3.43200e+28
      25950.0  3.45100e+28
      26050.0  3.44600e+28
      26150.0  3.37600e+28
      26250.0  3.30800e+28
      26350.0  3.33200e+28
      26450.0  3.30600e+28
      26550.0  3.25700e+28
      26650.0  3.19700e+28
      26750.0  3.21400e+28
      26850.0  3.18500e+28
      26950.0  3.12200e+28
      27050.0  3.11700e+28
      27150.0  3.08400e+28
      27250.0  3.06400e+28
      27350.0  3.00400e+28
      27450.0  2.99400e+28
      27550.0  2.95900e+28
      27650.0  2.92600e+28
      27750.0  2.88800e+28
      27850.0  2.87400e+28
      27950.0  2.85700e+28
      28050.0  2.82200e+28
      28150.0  2.78100e+28
      28250.0  2.75700e+28
      28350.0  2.73800e+28
      28450.0  2.70200e+28
      28550.0  2.67100e+28
      28650.0  2.64000e+28
      28750.0  2.59800e+28
      28850.0  2.58700e+28
      28950.0  2.56100e+28
      29050.0  2.53200e+28
      29150.0  2.50700e+28
      29250.0  2.46800e+28
      29350.0  2.45500e+28
      29450.0  2.42200e+28
      29550.0  2.39800e+28
      29650.0  2.37700e+28
      29750.0  2.35100e+28
      29850.0  2.32300e+28
      29950.0  2.29700e+28
      30050.0  2.27300e+28
      30150.0  2.25500e+28
      30250.0  2.22800e+28
      30350.0  2.18900e+28
      30450.0  2.18200e+28
      30550.0  2.16400e+28
      30650.0  2.14300e+28
      30750.0  2.12600e+28
      30850.0  2.10000e+28
      30950.0  2.08200e+28
      31050.0  2.06700e+28
      31150.0  2.03600e+28
      31250.0  2.02500e+28
      31350.0  2.00600e+28
      31450.0  1.98600e+28
      31550.0  1.96300e+28
      31650.0  1.94400e+28
      31750.0  1.92900e+28
      31850.0  1.91000e+28
      31950.0  1.89300e+28
      32100.0  1.86400e+28
      32300.0  1.82800e+28
      32500.0  1.79300e+28
      32700.0  1.75700e+28
      32900.0  1.71300e+28
      33100.0  1.68700e+28
      33300.0  1.65400e+28
      33500.0  1.62500e+28
      33700.0  1.59100e+28
      33900.0  1.55800e+28
      34100.0  1.52600e+28
      34300.0  1.50000e+28
      34500.0  1.47100e+28
      34700.0  1.44100e+28
      34900.0  1.41300e+28
      35100.0  1.38600e+28
      35300.0  1.35700e+28
      35500.0  1.33200e+28
      35700.0  1.30500e+28
      35900.0  1.28000e+28
      36100.0  1.25600e+28
      36300.0  1.23200e+28
      36500.0  1.20600e+28
      36700.0  1.18200e+28
      36900.0  1.15600e+28
      37100.0  1.13300e+28
      37300.0  1.11300e+28
      37500.0  1.08600e+28
      37700.0  1.07300e+28
      37900.0  1.05200e+28
      38100.0  1.03200e+28
      38300.0  1.01400e+28
      38500.0  9.95800e+27
      38700.0  9.74400e+27
      38900.0  9.56500e+27
      39100.0  9.38600e+27
      39300.0  9.22000e+27
      39500.0  9.02300e+27
      39700.0  8.86000e+27
      39900.0  8.65800e+27
      40100.0  8.51600e+27
      40300.0  8.37000e+27
      40500.0  8.17900e+27
      40700.0  8.06100e+27
      40900.0  7.92000e+27
      41100.0  7.77900e+27
      41300.0  7.64500e+27
      41500.0  7.49900e+27
      41700.0  7.35200e+27
      41900.0  7.22600e+27
      42100.0  7.08900e+27
      42300.0  6.99300e+27
      42500.0  6.85500e+27
      42700.0  6.74500e+27
      42900.0  6.39800e+27
      43100.0  6.05800e+27
      43300.0  6.06100e+27
      43500.0  5.74900e+27
      43700.0  5.58600e+27
      43900.0  5.47100e+27
      44100.0  5.23100e+27
      44300.0  5.14300e+27
      44500.0  5.04300e+27
      44700.0  4.86300e+27
      44900.0  4.85500e+27
      45100.0  4.74200e+27
      45300.0  4.60700e+27
      45500.0  4.58600e+27
      45700.0  4.52200e+27
      45900.0  4.36100e+27
      46100.0  4.38100e+27
      46300.0  4.29100e+27
      46500.0  4.22700e+27
      46700.0  4.20600e+27
      46900.0  4.13900e+27
      47100.0  4.06000e+27
      47300.0  4.06600e+27
      47500.0  3.96700e+27
      47700.0  3.92800e+27
      47900.0  3.88100e+27
      48100.0  3.78000e+27
      48300.0  3.80300e+27
      48500.0  3.71800e+27
      48700.0  3.64500e+27
      48900.0  3.60100e+27
      49100.0  3.54600e+27
      49300.0  3.50200e+27
      49500.0  3.43800e+27
      49700.0  3.41800e+27
      49900.0  3.36300e+27
      50100.0  3.32500e+27
      50300.0  3.27900e+27
      50500.0  3.20900e+27
      50700.0  3.18100e+27
      50900.0  3.14100e+27
      51100.0  3.08300e+27
      51300.0  3.05100e+27
      51500.0  3.00500e+27
      51700.0  2.99300e+27
      51900.0  2.93700e+27
      52100.0  2.90300e+27
      52300.0  2.85500e+27
      52500.0  2.83200e+27
      52700.0  2.81900e+27
      52900.0  2.75100e+27
      53100.0  2.71500e+27
      53300.0  2.69300e+27
      53500.0  2.65900e+27
      53700.0  2.62900e+27
      53900.0  2.59900e+27
      54100.0  2.56700e+27
      54300.0  2.52000e+27
      54500.0  2.50800e+27
      54700.0  2.46500e+27
      54900.0  2.44000e+27
      55100.0  2.40500e+27
      55300.0  2.41000e+27
      55500.0  2.34500e+27
      55700.0  2.34100e+27
      55900.0  2.30100e+27
      56100.0  2.28400e+27
      56300.0  2.24100e+27
      56500.0  2.22900e+27
      56700.0  2.20100e+27
      56900.0  2.16100e+27
      57100.0  2.15300e+27
      57300.0  2.12600e+27
      57500.0  2.10000e+27
      57700.0  2.07200e+27
      57900.0  2.05700e+27
      58100.0  2.02500e+27
      58300.0  2.00300e+27
      58500.0  1.98100e+27
      58700.0  1.95000e+27
      58900.0  1.92900e+27
      59100.0  1.90400e+27
      59300.0  1.88800e+27
      59500.0  1.86200e+27
      59700.0  1.84600e+27
      59900.0  1.82400e+27
      60100.0  1.80300e+27
      60300.0  1.78200e+27
      60500.0  1.75500e+27
      60700.0  1.73600e+27
      60900.0  1.71600e+27
      61100.0  1.69300e+27
      61300.0  1.67700e+27
      61500.0  1.65900e+27
      61700.0  1.64300e+27
      61900.0  1.62300e+27
      62100.0  1.60600e+27
      62300.0  1.58400e+27
      62500.0  1.56300e+27
      62700.0  1.54600e+27
      62900.0  1.52900e+27
      63100.0  1.51100e+27
      63300.0  1.49700e+27
      63500.0  1.47800e+27
      63700.0  1.46500e+27
      63900.0  1.44300e+27
      64200.0  1.42100e+27
      64600.0  1.38800e+27
      65000.0  1.35700e+27
      65400.0  1.32600e+27
      65800.0  1.29800e+27
      66200.0  1.26800e+27
      66600.0  1.24000e+27
      67000.0  1.21300e+27
      67400.0  1.18600e+27
      67800.0  1.16000e+27
      68200.0  1.13400e+27
      68600.0  1.11000e+27
      69000.0  1.08600e+27
      69400.0  1.06200e+27
      69800.0  1.04000e+27
      70200.0  1.01700e+27
      70600.0  9.95700e+26
      71000.0  9.74300e+26
      71400.0  9.53900e+26
      71800.0  9.33600e+26
      72200.0  9.14200e+26
      72600.0  8.94900e+26
      73000.0  8.76400e+26
      73400.0  8.58100e+26
      73800.0  8.40600e+26
      74200.0  8.22800e+26
      74600.0  8.04700e+26
      75000.0  7.88700e+26
      75400.0  7.73600e+26
      75800.0  7.58600e+26
      76200.0  7.43500e+26
      76600.0  7.28700e+26
      77000.0  7.14100e+26
      77400.0  7.00100e+26
      77800.0  6.86400e+26
      78200.0  6.72900e+26
      78600.0  6.59800e+26
      79000.0  6.47000e+26
      79400.0  6.34600e+26
      79800.0  6.22400e+26
      80200.0  6.10300e+26
      80600.0  5.98700e+26
      81000.0  5.87600e+26
      81400.0  5.76400e+26
      81800.0  5.65800e+26
      82200.0  5.55200e+26
      82600.0  5.44900e+26
      83000.0  5.34800e+26
      83400.0  5.24800e+26
      83800.0  5.15200e+26
      84200.0  5.06000e+26
      84600.0  4.96700e+26
      85000.0  4.87800e+26
      85400.0  4.79000e+26
      85800.0  4.70400e+26
      86200.0  4.62100e+26
      86600.0  4.53900e+26
      87000.0  4.45900e+26
      87400.0  4.38100e+26
      87800.0  4.30300e+26
      88200.0  4.22800e+26
      88600.0  4.15500e+26
      89000.0  4.08300e+26
      89400.0  4.01300e+26
      89800.0  3.94300e+26
      90200.0  3.87700e+26
      90600.0  3.81200e+26
      91000.0  3.74500e+26
      91400.0  3.68300e+26
      91800.0  3.62200e+26
      92200.0  3.56200e+26
      92600.0  3.50300e+26
      93000.0  3.44500e+26
      93400.0  3.38700e+26
      93800.0  3.33200e+26
      94200.0  3.27700e+26
      94600.0  3.22400e+26
      95000.0  3.17100e+26
      95400.0  3.12000e+26
      95800.0  3.07000e+26
      96200.0  3.02100e+26
      96600.0  2.97300e+26
      97000.0  2.92600e+26
      97400.0  2.87700e+26
      97800.0  2.83300e+26
      98200.0  2.78900e+26
      98600.0  2.74500e+26
      99000.0  2.70300e+26
      99400.0  2.66100e+26
      99800.0  2.61900e+26
      100200.  2.57900e+26
      200000.  1.72200e+25
      400000.  1.11400e+24
      600000.  2.25300e+23
      800000.  7.33800e+22
  1.00000e+06  3.11800e+22
  1.20000e+06  1.57400e+22
  1.40000e+06  8.95800e+21
  1.60000e+06  5.56800e+21
