      91.0000       0.0000000
      94.0000       0.0000000
      96.0000       0.0000000
      98.0000       0.0000000
      100.000       0.0000000
      102.000       0.0000000
      104.000       0.0000000
      106.000       0.0000000
      108.000       0.0000000
      110.000       0.0000000
      114.000       0.0000000
      118.000       0.0000000
      121.000       0.0000000
      125.000       0.0000000
      127.000       0.0000000
      128.000       0.0000000
      131.000       0.0000000
      132.000       0.0000000
      134.000       0.0000000
      137.000       0.0000000
      140.000       0.0000000
      143.000       0.0000000
      147.000       0.0000000
      151.000       0.0000000
      155.000       0.0000000
      159.000       0.0000000
      162.000       0.0000000
      166.000       0.0000000
      170.000       0.0000000
      173.000       0.0000000
      177.000       0.0000000
      180.000       0.0000000
      182.000       0.0000000
      186.000       0.0000000
      191.000       0.0000000
      194.000       0.0000000
      198.000       0.0000000
      202.000       0.0000000
      205.000       0.0000000
      210.000       0.0000000
      216.000       0.0000000
      220.000       0.0000000
      223.000       0.0000000
      227.000       0.0000000
      230.000       0.0000000
      234.000       0.0000000
      240.000       0.0000000
      246.000       0.0000000
      252.000       0.0000000
      257.000       0.0000000
      260.000       0.0000000
      264.000       0.0000000
      269.000       0.0000000
      274.000       0.0000000
      279.000       0.0000000
      284.000       0.0000000
      290.000       0.0000000
      296.000       0.0000000
      301.000       0.0000000
      308.000       0.0000000
      318.000       0.0000000
      328.000       0.0000000
      338.000       0.0000000
      348.000       0.0000000
      357.000       0.0000000
      366.000       0.0000000
      375.000       0.0000000
      385.000       0.0000000
      395.000       0.0000000
      405.000       0.0000000
      414.000       0.0000000
      422.000       0.0000000
      430.000       0.0000000
      441.000       0.0000000
      451.000       0.0000000
      460.000       0.0000000
      470.000       0.0000000
      480.000       0.0000000
      490.000       0.0000000
      500.000       0.0000000
      506.000       0.0000000
      512.000       0.0000000
      520.000       0.0000000
      530.000       0.0000000
      540.000       0.0000000
      550.000       0.0000000
      560.000       0.0000000
      570.000       0.0000000
      580.000       0.0000000
      590.000       0.0000000
      600.000       0.0000000
      610.000       0.0000000
      620.000       0.0000000
      630.000       0.0000000
      640.000       0.0000000
      650.000       0.0000000
      658.000       0.0000000
      665.000       0.0000000
      675.000       0.0000000
      685.000       0.0000000
      695.000       0.0000000
      705.000       0.0000000
      716.000       0.0000000
      726.000       0.0000000
      735.000       0.0000000
      745.000       0.0000000
      755.000       0.0000000
      765.000       0.0000000
      775.000       0.0000000
      785.000       0.0000000
      795.000       0.0000000
      805.000       0.0000000
      815.000       0.0000000
      825.000       0.0000000
      835.000       0.0000000
      845.000       0.0000000
      855.000       0.0000000
      865.000       0.0000000
      875.000       0.0000000
      885.000       0.0000000
      895.000       0.0000000
      905.000       0.0000000
      915.000   2.2403551e+25
      925.000   5.8391842e+25
      935.000   9.8828041e+25
      945.000   1.3712057e+26
      955.000   1.6910532e+26
      965.000   1.8580408e+26
      975.000   6.7151213e+25
      985.000   1.5071294e+26
      995.000   1.7132973e+26
      1005.00   2.4092754e+26
      1015.00   2.5884837e+26
      1025.00   1.9715427e+26
      1035.00   2.4941060e+26
      1045.00   4.0130769e+26
      1055.00   4.4657385e+26
      1065.00   4.0550716e+26
      1075.00   4.9794486e+26
      1085.00   4.7050945e+26
      1095.00   5.9206679e+26
      1105.00   7.3497933e+26
      1115.00   8.0568556e+26
      1125.00   8.1065430e+26
      1135.00   9.9751305e+26
      1145.00   9.8205492e+26
      1155.00   1.0415671e+27
      1165.00   1.0786335e+27
      1175.00   7.6447236e+26
      1185.00   9.1134785e+26
      1195.00   6.5224823e+26
      1205.00   5.4990293e+26
      1215.00   8.5943371e+27
      1225.00   7.5829844e+26
      1235.00   1.0548776e+27
      1245.00   1.3809148e+27
      1255.00   1.6739565e+27
      1265.00   1.6110307e+27
      1275.00   2.4468799e+27
      1285.00   2.9177863e+27
      1295.00   2.7726389e+27
      1305.00   2.6442695e+27
      1315.00   3.4310608e+27
      1325.00   3.5829953e+27
      1335.00   3.5889975e+27
      1345.00   4.1377795e+27
      1355.00   4.0747584e+27
      1365.00   3.8531716e+27
      1375.00   4.2244769e+27
      1385.00   4.3889090e+27
      1395.00   4.2189171e+27
      1405.00   4.3140136e+27
      1415.00   4.5241003e+27
      1425.00   4.7345184e+27
      1435.00   4.6874323e+27
      1442.00   5.0916548e+27
      1447.00   5.3273374e+27
      1455.00   5.3302796e+27
      1465.00   5.1061968e+27
      1475.00   5.1575469e+27
      1485.00   5.4050729e+27
      1495.00   5.6452586e+27
      1505.00   5.6906929e+27
      1512.00   5.4191427e+27
      1517.00   5.7598516e+27
      1525.00   5.4397700e+27
      1535.00   5.0580909e+27
      1545.00   5.6190743e+27
      1555.00   5.3979672e+27
      1565.00   5.3653374e+27
      1575.00   5.8001987e+27
      1585.00   6.2268323e+27
      1595.00   6.5353491e+27
      1605.00   6.3631188e+27
      1615.00   6.4617711e+27
      1625.00   6.1638254e+27
      1635.00   6.5564644e+27
      1645.00   6.8061088e+27
      1655.00   6.2205589e+27
      1665.00   7.0180991e+27
      1672.00   6.1451256e+27
      1677.00   7.0239337e+27
      1685.00   7.4903628e+27
      1695.00   7.1426799e+27
      1705.00   7.0618154e+27
      1715.00   7.0304392e+27
      1725.00   7.0390911e+27
      1735.00   7.5120130e+27
      1745.00   7.4576853e+27
      1755.00   7.9953529e+27
      1765.00   7.3964155e+27
      1775.00   7.9148855e+27
      1785.00   8.0236732e+27
      1795.00   8.5641047e+27
      1805.00   8.5228819e+27
      1815.00   8.3337503e+27
      1825.00   8.3274610e+27
      1835.00   8.2422317e+27
      1845.00   7.8568272e+27
      1855.00   8.1498439e+27
      1865.00   8.3544334e+27
      1875.00   8.8132411e+27
      1885.00   8.6631776e+27
      1895.00   8.6212765e+27
      1905.00   8.9623376e+27
      1915.00   8.8048979e+27
      1925.00   8.8582053e+27
      1935.00   8.9384782e+27
      1945.00   9.4410714e+27
      1955.00   9.2503901e+27
      1967.00   9.7892225e+27
      1976.00   9.8767684e+27
      1984.00   9.7177038e+27
      1995.00   9.5953336e+27
      2005.00   9.7532654e+27
      2015.00   9.5471790e+27
      2025.00   9.8203799e+27
      2035.00   9.8531795e+27
      2045.00   1.0208061e+28
      2055.00   9.8162942e+27
      2065.00   9.9403440e+27
      2074.00   1.0540117e+28
      2078.00   1.0512955e+28
      2085.00   1.0727377e+28
      2095.00   1.0438023e+28
      2105.00   1.0508438e+28
      2115.00   1.0660630e+28
      2125.00   1.0828304e+28
      2135.00   1.0140546e+28
      2145.00   1.0792435e+28
      2155.00   1.1013539e+28
      2165.00   1.0708091e+28
      2175.00   1.0755057e+28
      2185.00   1.0815840e+28
      2195.00   1.1453741e+28
      2205.00   1.1183429e+28
      2215.00   1.0713969e+28
      2225.00   1.0649975e+28
      2235.00   1.1531502e+28
      2245.00   1.1017849e+28
      2255.00   1.0809298e+28
      2265.00   1.0968858e+28
      2275.00   1.1505564e+28
      2285.00   1.1869519e+28
      2295.00   1.1364877e+28
      2305.00   1.1530431e+28
      2315.00   1.1296518e+28
      2325.00   1.0497844e+28
      2335.00   1.1043086e+28
      2345.00   1.0555575e+28
      2355.00   1.1522419e+28
      2365.00   1.0756210e+28
      2375.00   1.1261080e+28
      2385.00   1.0428000e+28
      2395.00   1.1242048e+28
      2405.00   1.0966980e+28
      2415.00   1.1294389e+28
      2425.00   1.1985552e+28
      2435.00   1.1646781e+28
      2445.00   1.2383278e+28
      2455.00   1.2236164e+28
      2465.00   1.2256476e+28
      2475.00   1.1938433e+28
      2485.00   1.2365547e+28
      2495.00   1.1863963e+28
      2505.00   1.3198744e+28
      2513.00   1.2215721e+28
      2518.00   1.2350817e+28
      2525.00   1.1903070e+28
      2535.00   1.2116730e+28
      2545.00   1.2182135e+28
      2555.00   1.3092339e+28
      2565.00   1.2962789e+28
      2575.00   1.3734664e+28
      2585.00   1.3771720e+28
      2595.00   1.3722809e+28
      2605.00   1.3380008e+28
      2615.00   1.3355044e+28
      2625.00   1.4000076e+28
      2635.00   1.4472125e+28
      2645.00   1.5802280e+28
      2655.00   1.6102253e+28
      2665.00   1.5134551e+28
      2675.00   1.5780102e+28
      2685.00   1.6016622e+28
      2695.00   1.5451147e+28
      2705.00   1.5894709e+28
      2715.00   1.5299941e+28
      2725.00   1.5423602e+28
      2735.00   1.6270459e+28
      2745.00   1.4550213e+28
      2755.00   1.4955824e+28
      2765.00   1.5706011e+28
      2775.00   1.6449772e+28
      2785.00   1.5846823e+28
      2795.00   1.2770135e+28
      2805.00   1.3802905e+28
      2815.00   1.6970268e+28
      2825.00   1.7702410e+28
      2835.00   1.7408885e+28
      2845.00   1.7039237e+28
      2855.00   1.6523413e+28
      2865.00   1.8014522e+28
      2875.00   1.8139022e+28
      2885.00   1.8345139e+28
      2895.00   1.8376158e+28
      2910.00   1.9879884e+28
      2930.00   1.9569119e+28
      2950.00   1.9720658e+28
      2970.00   2.0249797e+28
      2990.00   2.0633532e+28
      3010.00   2.1260923e+28
      3030.00   2.1550032e+28
      3050.00   2.1936109e+28
      3070.00   2.2128423e+28
      3090.00   2.2590399e+28
      3110.00   2.2838668e+28
      3130.00   2.2964999e+28
      3150.00   2.3298438e+28
      3170.00   2.3773468e+28
      3190.00   2.3317435e+28
      3210.00   2.4322414e+28
      3230.00   2.3967156e+28
      3250.00   2.5303423e+28
      3270.00   2.6301596e+28
      3290.00   2.6556219e+28
      3310.00   2.6932579e+28
      3330.00   2.7092753e+28
      3350.00   2.7172384e+28
      3370.00   2.6658821e+28
      3390.00   2.7475255e+28
      3410.00   2.8153315e+28
      3430.00   2.8724474e+28
      3450.00   2.9283590e+28
      3470.00   2.9603018e+28
      3490.00   3.0277647e+28
      3510.00   3.1091580e+28
      3530.00   3.1052780e+28
      3550.00   3.2347445e+28
      3570.00   3.1201571e+28
      3590.00   3.1352081e+28
      3610.00   3.2448851e+28
      3630.00   3.2979085e+28
      3640.00   3.3258069e+28
      3650.00   3.4356558e+28
      3670.00   3.4079516e+28
      3690.00   3.2648444e+28
      3710.00   3.6396115e+28
      3730.00   5.2110191e+28
      3750.00   4.4539847e+28
      3770.00   4.7777764e+28
      3790.00   5.6128072e+28
      3810.00   6.4147339e+28
      3830.00   5.2177407e+28
      3850.00   7.0008762e+28
      3870.00   7.9981612e+28
      3890.00   5.1743205e+28
      3910.00   8.0846314e+28
      3930.00   7.5144523e+28
      3950.00   8.0529214e+28
      3970.00   4.9425276e+28
      3990.00   8.3931652e+28
      4010.00   9.3179650e+28
      4030.00   9.4261429e+28
      4050.00   9.4521286e+28
      4070.00   9.2417293e+28
      4090.00   7.9371721e+28
      4110.00   6.6236814e+28
      4130.00   9.2783432e+28
      4150.00   9.7471103e+28
      4170.00   9.8521865e+28
      4190.00   9.8660946e+28
      4210.00   9.9145795e+28
      4230.00   9.8526248e+28
      4250.00   9.9309001e+28
      4270.00   9.8153758e+28
      4290.00   9.7173604e+28
      4310.00   9.1451331e+28
      4330.00   8.0906318e+28
      4350.00   7.2872351e+28
      4370.00   9.9314742e+28
      4390.00   1.0092168e+29
      4410.00   1.0330241e+29
      4430.00   1.0516070e+29
      4450.00   1.0608158e+29
      4470.00   1.0773616e+29
      4490.00   1.0764737e+29
      4510.00   1.1128134e+29
      4530.00   1.0872839e+29
      4550.00   1.0939002e+29
      4570.00   1.1259060e+29
      4590.00   1.1102000e+29
      4610.00   1.1296439e+29
      4630.00   1.1233441e+29
      4650.00   1.1354827e+29
      4670.00   1.1476676e+29
      4690.00   1.1441274e+29
      4710.00   1.1294267e+29
      4730.00   1.1568606e+29
      4750.00   1.1694130e+29
      4770.00   1.1665289e+29
      4790.00   1.1681883e+29
      4810.00   1.1619798e+29
      4830.00   1.1454113e+29
      4850.00   9.9133545e+28
      4870.00   8.7503251e+28
      4890.00   1.1320012e+29
      4910.00   1.1759705e+29
      4930.00   1.1790646e+29
      4950.00   1.2027747e+29
      4970.00   1.2105843e+29
      4990.00   1.1903710e+29
      5010.00   1.6513151e+29
      5030.00   1.2026275e+29
      5050.00   1.2010460e+29
      5070.00   1.2258971e+29
      5090.00   1.2157546e+29
      5110.00   1.2278896e+29
      5130.00   1.2190632e+29
      5150.00   1.2084954e+29
      5170.00   1.1947971e+29
      5190.00   1.2058255e+29
      5210.00   1.2245240e+29
      5230.00   1.2420659e+29
      5250.00   1.2615775e+29
      5270.00   1.2239831e+29
      5290.00   1.2733241e+29
      5310.00   1.2895396e+29
      5330.00   1.2562460e+29
      5350.00   1.2913780e+29
      5370.00   1.2920104e+29
      5390.00   1.2909433e+29
      5410.00   1.2850868e+29
      5430.00   1.2973432e+29
      5450.00   1.3111983e+29
      5470.00   1.3071074e+29
      5490.00   1.3146062e+29
      5510.00   1.3164608e+29
      5530.00   1.3318770e+29
      5550.00   1.3408794e+29
      5570.00   1.3333999e+29
      5590.00   1.3322281e+29
      5610.00   1.3442669e+29
      5630.00   1.3512633e+29
      5650.00   1.3590583e+29
      5670.00   1.3512699e+29
      5690.00   1.3701647e+29
      5710.00   1.3593153e+29
      5730.00   1.3969188e+29
      5750.00   1.3869697e+29
      5770.00   1.3941303e+29
      5790.00   1.3850213e+29
      5810.00   1.4014220e+29
      5830.00   1.4160818e+29
      5850.00   1.4073718e+29
      5870.00   1.4220074e+29
      5890.00   1.3683745e+29
      5910.00   1.4109977e+29
      5930.00   1.4177287e+29
      5950.00   1.4224425e+29
      5970.00   1.4330036e+29
      5990.00   1.4305991e+29
      6010.00   1.4289869e+29
      6030.00   1.4444447e+29
      6050.00   1.4589761e+29
      6070.00   1.4622210e+29
      6090.00   1.4528453e+29
      6110.00   1.4568060e+29
      6130.00   1.4341681e+29
      6150.00   1.4430516e+29
      6170.00   1.4282096e+29
      6190.00   1.4575222e+29
      6210.00   1.4575745e+29
      6230.00   1.4464186e+29
      6250.00   1.4293513e+29
      6270.00   1.4646394e+29
      6290.00   1.4821799e+29
      6310.00   1.4535302e+29
      6330.00   1.4571364e+29
      6350.00   1.4604948e+29
      6370.00   1.4661160e+29
      6390.00   1.4786275e+29
      6410.00   1.4688755e+29
      6430.00   1.4800711e+29
      6450.00   1.4805363e+29
      6470.00   1.4856409e+29
      6490.00   1.4748841e+29
      6510.00   1.4943453e+29
      6530.00   1.4843662e+29
      6550.00   1.4944737e+29
      6570.00   1.5302934e+29
      6590.00   1.5931954e+29
      6610.00   1.5085770e+29
      6630.00   1.5179124e+29
      6650.00   1.5221094e+29
      6670.00   1.5197666e+29
      6690.00   1.5292809e+29
      6710.00   1.5967068e+29
      6730.00   1.6264624e+29
      6750.00   1.5238004e+29
      6770.00   1.5302673e+29
      6790.00   1.5295452e+29
      6810.00   1.5355308e+29
      6830.00   1.5456073e+29
      6850.00   1.5375432e+29
      6870.00   1.5516968e+29
      6890.00   1.5659088e+29
      6910.00   1.5687697e+29
      6930.00   1.5715231e+29
      6950.00   1.5756155e+29
      6970.00   1.5898206e+29
      6990.00   1.5938095e+29
      7010.00   1.5903200e+29
      7030.00   1.6044982e+29
      7050.00   1.6052433e+29
      7070.00   1.5892549e+29
      7090.00   1.5713846e+29
      7110.00   1.5547779e+29
      7130.00   1.5924986e+29
      7150.00   1.5587117e+29
      7170.00   1.5632054e+29
      7190.00   1.5515611e+29
      7210.00   1.5682788e+29
      7230.00   1.5849329e+29
      7250.00   1.5957468e+29
      7270.00   1.6057689e+29
      7290.00   1.6032839e+29
      7310.00   1.6288619e+29
      7330.00   1.6469362e+29
      7350.00   1.6537801e+29
      7370.00   1.6772853e+29
      7390.00   1.6676686e+29
      7410.00   1.6684422e+29
      7430.00   1.6928903e+29
      7450.00   1.6995691e+29
      7470.00   1.7149826e+29
      7490.00   1.7185198e+29
      7510.00   1.7299908e+29
      7530.00   1.7462126e+29
      7550.00   1.7570454e+29
      7570.00   1.7570675e+29
      7590.00   1.7428706e+29
      7610.00   1.7285631e+29
      7630.00   1.7065620e+29
      7650.00   1.6865458e+29
      7670.00   1.6546662e+29
      7690.00   1.6730382e+29
      7710.00   1.6613778e+29
      7730.00   1.6680723e+29
      7750.00   1.6659464e+29
      7770.00   1.6693346e+29
      7790.00   1.6887404e+29
      7810.00   1.6949432e+29
      7830.00   1.6923095e+29
      7850.00   1.6853086e+29
      7870.00   1.7040602e+29
      7890.00   1.7011236e+29
      7910.00   1.6890512e+29
      7930.00   1.6972101e+29
      7950.00   1.6992266e+29
      7970.00   1.7280244e+29
      7990.00   1.7298350e+29
      8010.00   1.7589181e+29
      8030.00   1.7669868e+29
      8050.00   1.7711818e+29
      8070.00   1.7904469e+29
      8090.00   1.7923562e+29
      8110.00   1.8069936e+29
      8130.00   1.8314468e+29
      8150.00   1.8456240e+29
      8170.00   1.8571244e+29
      8190.00   1.8376472e+29
      8210.00   1.8271992e+29
      8230.00   1.8321026e+29
      8250.00   1.8346068e+29
      8270.00   1.8460835e+29
      8290.00   1.8402781e+29
      8310.00   1.8191031e+29
      8330.00   1.8063652e+29
      8350.00   1.8144919e+29
      8370.00   1.8168739e+29
      8390.00   1.7892525e+29
      8410.00   1.8118624e+29
      8430.00   1.7719024e+29
      8450.00   1.7404698e+29
      8470.00   1.7299064e+29
      8490.00   1.7577883e+29
      8510.00   1.6856294e+29
      8530.00   1.7735126e+29
      8550.00   1.5961661e+29
      8570.00   1.8364606e+29
      8590.00   1.7827528e+29
      8610.00   1.7869019e+29
      8630.00   1.8889468e+29
      8650.00   1.8557210e+29
      8670.00   1.6379288e+29
      8690.00   1.8762119e+29
      8710.00   1.9424572e+29
      8730.00   1.9243541e+29
      8750.00   1.7968998e+29
      8770.00   1.9159331e+29
      8790.00   1.9861607e+29
      8810.00   1.9830627e+29
      8830.00   1.9754378e+29
      8850.00   1.9078565e+29
      8870.00   1.7915595e+29
      8890.00   1.9340198e+29
      8910.00   1.9789647e+29
      8930.00   1.9780402e+29
      8950.00   1.9861145e+29
      8970.00   1.9860749e+29
      8990.00   1.9629220e+29
      9010.00   1.8210369e+29
      9030.00   1.9091626e+29
      9050.00   2.1079217e+29
      9070.00   2.8404693e+29
      9090.00   2.0757604e+29
      9110.00   2.0502686e+29
      9130.00   2.0682181e+29
      9150.00   2.0652188e+29
      9170.00   2.0618576e+29
      9190.00   2.0594590e+29
      9210.00   1.9750255e+29
      9230.00   1.8292905e+29
      9250.00   1.9343689e+29
      9270.00   1.9888025e+29
      9290.00   1.9992430e+29
      9310.00   2.0118762e+29
      9330.00   2.0199035e+29
      9350.00   2.0164185e+29
      9370.00   2.0045860e+29
      9390.00   2.0251877e+29
      9410.00   2.0017965e+29
      9430.00   2.0332769e+29
      9450.00   2.0252549e+29
      9470.00   2.0454415e+29
      9490.00   2.0431907e+29
      9510.00   2.0179687e+29
      9530.00   1.9793692e+29
      9550.00   1.8643650e+29
      9570.00   1.9832514e+29
      9590.00   2.0384734e+29
      9610.00   2.0369187e+29
      9630.00   2.0442569e+29
      9650.00   2.0350444e+29
      9670.00   2.0350269e+29
      9690.00   2.0545420e+29
      9710.00   2.0453793e+29
      9730.00   2.0387416e+29
      9750.00   2.0367278e+29
      9770.00   2.0453237e+29
      9790.00   2.0351632e+29
      9810.00   2.0583464e+29
      9830.00   2.0510452e+29
      9850.00   2.0598902e+29
      9870.00   2.0551483e+29
      9890.00   2.0542577e+29
      9910.00   2.0502634e+29
      9930.00   2.0565668e+29
      9950.00   2.0594896e+29
      9970.00   2.0605339e+29
      9990.00   2.0553614e+29
      10025.0   2.0073042e+29
      10075.0   1.9789264e+29
      10125.0   2.0578911e+29
      10175.0   2.0542234e+29
      10225.0   2.0620580e+29
      10275.0   2.0687416e+29
      10325.0   2.1042434e+29
      10375.0   2.0529033e+29
      10425.0   2.0614185e+29
      10475.0   2.0423744e+29
      10525.0   2.0301568e+29
      10575.0   2.0110194e+29
      10625.0   2.0032898e+29
      10675.0   1.9892159e+29
      10725.0   2.0027061e+29
      10775.0   2.0002028e+29
      10825.0   2.0557899e+29
      10875.0   1.9816499e+29
      10925.0   1.9267833e+29
      10975.0   1.9472380e+29
      11025.0   1.9752530e+29
      11075.0   1.9666275e+29
      11125.0   1.9635449e+29
      11175.0   1.9561208e+29
      11225.0   1.9588276e+29
      11275.0   1.9425678e+29
      11325.0   1.9421465e+29
      11375.0   1.9380860e+29
      11425.0   1.9272502e+29
      11475.0   1.9434779e+29
      11525.0   1.9418516e+29
      11575.0   1.9294523e+29
      11625.0   1.9104056e+29
      11675.0   1.9099414e+29
      11725.0   1.9188557e+29
      11775.0   1.8891969e+29
      11825.0   1.8840146e+29
      11875.0   1.8635707e+29
      11925.0   1.8856083e+29
      11975.0   1.8493776e+29
      12025.0   1.8733363e+29
      12075.0   1.8653893e+29
      12125.0   1.8693253e+29
      12175.0   1.8727304e+29
      12225.0   1.8675536e+29
      12275.0   1.8596096e+29
      12325.0   1.8548512e+29
      12375.0   1.8524757e+29
      12425.0   1.8395337e+29
      12475.0   1.8371935e+29
      12525.0   1.8285561e+29
      12575.0   1.8254113e+29
      12625.0   1.8203258e+29
      12675.0   1.8128265e+29
      12725.0   1.8122773e+29
      12775.0   1.8054913e+29
      12825.0   1.7741920e+29
      12875.0   1.7889105e+29
      12925.0   1.7858856e+29
      12975.0   1.7978748e+29
      13025.0   1.7867775e+29
      13075.0   1.7889104e+29
      13125.0   1.7657579e+29
      13175.0   1.7596065e+29
      13225.0   1.7589372e+29
      13275.0   1.7382642e+29
      13325.0   1.7391691e+29
      13375.0   1.7261113e+29
      13425.0   1.7267568e+29
      13475.0   1.7162030e+29
      13525.0   1.7083583e+29
      13575.0   1.6915687e+29
      13625.0   1.6877446e+29
      13675.0   1.6955956e+29
      13725.0   1.6999663e+29
      13775.0   1.7013055e+29
      13825.0   1.7035626e+29
      13875.0   1.6927242e+29
      13925.0   1.6464744e+29
      13975.0   1.6416762e+29
      14025.0   1.6311663e+29
      14075.0   1.6403670e+29
      14125.0   1.6301049e+29
      14175.0   1.6397320e+29
      14225.0   1.6286995e+29
      14275.0   1.6174934e+29
      14325.0   1.6368507e+29
      14375.0   1.6421693e+29
      14425.0   1.6180368e+29
      14475.0   1.6426871e+29
      14525.0   1.6314476e+29
      14570.0   1.6406480e+29
      14620.0   1.6206314e+29
      14675.0   1.6192536e+29
      14725.0   1.6101348e+29
      14775.0   1.6197900e+29
      14825.0   1.6256546e+29
      14875.0   1.6184232e+29
      14925.0   1.6449732e+29
      14975.0   1.6365273e+29
      15025.0   1.6301536e+29
      15075.0   1.6286440e+29
      15125.0   1.6503810e+29
      15175.0   1.6554957e+29
      15225.0   1.6577869e+29
      15275.0   1.6650855e+29
      15325.0   1.6639202e+29
      15375.0   1.6683407e+29
      15425.0   1.6568330e+29
      15475.0   1.6696843e+29
      15525.0   1.6648384e+29
      15575.0   1.6168504e+29
      15625.0   1.6444938e+29
      15675.0   1.6404834e+29
      15725.0   1.6578500e+29
      15775.0   1.6065935e+29
      15825.0   1.6109999e+29
      15875.0   1.5901786e+29
      15925.0   1.6503242e+29
      15975.0   1.6299769e+29
      16050.0   1.6257877e+29
      16150.0   1.6330886e+29
      16250.0   1.6222481e+29
      16350.0   1.6570414e+29
      16450.0   1.5950514e+29
      16550.0   1.6458823e+29
      16650.0   1.6038317e+29
      16750.0   1.6051219e+29
      16850.0   1.5625490e+29
      16950.0   1.5921373e+29
      17050.0   1.5688385e+29
      17150.0   1.5520860e+29
      17250.0   1.5273027e+29
      17350.0   1.4634936e+29
      17450.0   1.4731708e+29
      17550.0   1.4489957e+29
      17650.0   1.4276785e+29
      17750.0   1.3954666e+29
      17850.0   1.3753334e+29
      17950.0   1.3488724e+29
      18050.0   1.3179954e+29
      18150.0   1.2839861e+29
      18250.0   1.2846288e+29
      18350.0   1.2756652e+29
      18450.0   1.2596798e+29
      18550.0   1.2489152e+29
      18650.0   1.2248460e+29
      18750.0   1.3041832e+29
      18850.0   1.2000637e+29
      18950.0   1.1730127e+29
      19050.0   1.1814571e+29
      19150.0   1.1637677e+29
      19250.0   1.1529220e+29
      19350.0   1.1283502e+29
      19450.0   1.1005867e+29
      19550.0   1.1041861e+29
      19650.0   1.0903810e+29
      19750.0   1.0691217e+29
      19850.0   1.0614551e+29
      19950.0   1.0521887e+29
      20050.0   1.0493940e+29
      20150.0   1.0398636e+29
      20250.0   1.0235133e+29
      20350.0   1.0166459e+29
      20450.0   1.0171401e+29
      20550.0   1.0092817e+29
      20650.0   9.9837627e+28
      20750.0   9.9255507e+28
      20850.0   9.8512877e+28
      20950.0   9.7453707e+28
      21050.0   9.7300339e+28
      21150.0   9.6295048e+28
      21250.0   9.5761453e+28
      21350.0   9.5097462e+28
      21450.0   9.4290307e+28
      21550.0   9.3160063e+28
      21650.0   9.1986661e+28
      21750.0   9.1018142e+28
      21850.0   9.0402430e+28
      21950.0   8.9778133e+28
      22050.0   8.8192030e+28
      22150.0   8.8030312e+28
      22250.0   8.6504639e+28
      22350.0   8.5770703e+28
      22450.0   8.4869021e+28
      22550.0   8.4202640e+28
      22650.0   8.2880329e+28
      22750.0   8.2525988e+28
      22850.0   8.1210488e+28
      22950.0   7.1293140e+28
      23050.0   7.4376874e+28
      23150.0   7.3999061e+28
      23250.0   6.6145391e+28
      23350.0   6.9716164e+28
      23450.0   6.7441465e+28
      23550.0   6.2027564e+28
      23650.0   6.5594342e+28
      23750.0   6.3370462e+28
      23850.0   5.9314340e+28
      23950.0   6.1809299e+28
      24050.0   6.0553400e+28
      24150.0   5.6792342e+28
      24250.0   5.8244414e+28
      24350.0   5.6942423e+28
      24450.0   5.4538160e+28
      24550.0   5.3881774e+28
      24650.0   5.4023152e+28
      24750.0   5.2368699e+28
      24850.0   4.9338701e+28
      24950.0   4.8924859e+28
      25050.0   4.9641040e+28
      25150.0   4.7081920e+28
      25250.0   4.7741846e+28
      25350.0   4.7734474e+28
      25450.0   4.7097511e+28
      25550.0   4.6617652e+28
      25650.0   4.6477608e+28
      25750.0   4.6944443e+28
      25850.0   4.5718725e+28
      25950.0   4.6002046e+28
      26050.0   4.6075666e+28
      26150.0   4.5155131e+28
      26250.0   4.6128622e+28
      26350.0   4.5072913e+28
      26450.0   4.4907335e+28
      26550.0   4.4423913e+28
      26650.0   4.3748830e+28
      26750.0   4.3896739e+28
      26850.0   4.3808947e+28
      26950.0   4.3094173e+28
      27050.0   4.3239621e+28
      27150.0   4.2917612e+28
      27250.0   4.2841919e+28
      27350.0   4.2072574e+28
      27450.0   4.2098375e+28
      27550.0   4.1629719e+28
      27650.0   4.1400228e+28
      27750.0   4.1012419e+28
      27850.0   4.1042383e+28
      27950.0   4.0944264e+28
      28050.0   4.0608188e+28
      28150.0   4.0120675e+28
      28250.0   3.9986781e+28
      28350.0   3.9871345e+28
      28450.0   3.9500001e+28
      28550.0   3.9040000e+28
      28650.0   3.8569999e+28
      28750.0   3.7880000e+28
      28850.0   3.7880000e+28
      28950.0   3.7539999e+28
      29050.0   3.7140000e+28
      29150.0   3.6820001e+28
      29250.0   3.6250000e+28
      29350.0   3.6110000e+28
      29450.0   3.5649999e+28
      29550.0   3.5310001e+28
      29650.0   3.5039999e+28
      29750.0   3.4689999e+28
      29850.0   3.4280001e+28
      29950.0   3.3940000e+28
      30050.0   3.3610001e+28
      30150.0   3.3380000e+28
      30250.0   3.3010000e+28
      30350.0   3.2390001e+28
      30450.0   3.2340001e+28
      30550.0   3.2170000e+28
      30650.0   3.1910001e+28
      30750.0   3.1690000e+28
      30850.0   3.1349999e+28
      30950.0   3.1130000e+28
      31050.0   3.0930001e+28
      31150.0   3.0520001e+28
      31250.0   3.0360000e+28
      31350.0   3.0100000e+28
      31450.0   2.9829999e+28
      31550.0   2.9540001e+28
      31650.0   2.9250000e+28
      31750.0   2.9060001e+28
      31850.0   2.8799999e+28
      31950.0   2.8580000e+28
      32100.0   2.8189999e+28
      32300.0   2.7690000e+28
      32500.0   2.7230001e+28
      32700.0   2.6710000e+28
      32900.0   2.6040000e+28
      33100.0   2.5720001e+28
      33300.0   2.5269999e+28
      33500.0   2.4860001e+28
      33700.0   2.4390000e+28
      33900.0   2.3910000e+28
      34100.0   2.3449999e+28
      34300.0   2.3060000e+28
      34500.0   2.2630000e+28
      34700.0   2.2200001e+28
      34900.0   2.1800000e+28
      35100.0   2.1400001e+28
      35300.0   2.0969999e+28
      35500.0   2.0599999e+28
      35700.0   2.0190001e+28
      35900.0   1.9820001e+28
      36100.0   1.9480000e+28
      36300.0   1.9120000e+28
      36500.0   1.8720000e+28
      36700.0   1.8380001e+28
      36900.0   1.7980000e+28
      37100.0   1.7650001e+28
      37300.0   1.7330000e+28
      37500.0   1.6910000e+28
      37700.0   1.6740001e+28
      37900.0   1.6420000e+28
      38100.0   1.6099999e+28
      38300.0   1.5830001e+28
      38500.0   1.5560000e+28
      38700.0   1.5230000e+28
      38900.0   1.4950001e+28
      39100.0   1.4660000e+28
      39300.0   1.4410000e+28
      39500.0   1.4110000e+28
      39700.0   1.3860000e+28
      39900.0   1.3549999e+28
      40100.0   1.3310001e+28
      40300.0   1.3080002e+28
      40500.0   1.4994042e+28
      40700.0   1.2610049e+28
      40900.0   1.2390000e+28
      41100.0   1.2170000e+28
      41300.0   1.1950000e+28
      41500.0   1.1720000e+28
      41700.0   1.1470000e+28
      41900.0   1.1300000e+28
      42100.0   1.1090000e+28
      42300.0   1.0930000e+28
      42500.0   1.0720000e+28
      42700.0   1.0540000e+28
      42900.0   1.0059999e+28
      43100.0   9.5499998e+27
      43300.0   9.5110002e+27
      43500.0   9.0570001e+27
      43700.0   8.7870000e+27
      43900.0   8.5919999e+27
      44100.0   8.2940003e+27
      44300.0   8.0929998e+27
      44500.0   7.9370000e+27
      44700.0   7.7419999e+27
      44900.0   7.6610001e+27
      45100.0   7.5149999e+27
      45300.0   7.3509998e+27
      45500.0   7.2770003e+27
      45700.0   7.1549997e+27
      45900.0   6.9480001e+27
      46100.0   6.9440003e+27
      46300.0   6.8059997e+27
      46500.0   6.6819998e+27
      46700.0   6.6539997e+27
      46900.0   6.5550000e+27
      47100.0   6.4440002e+27
      47300.0   6.4310001e+27
      47500.0   6.2670000e+27
      47700.0   6.2269998e+27
      47900.0   6.1470000e+27
      48100.0   5.9870003e+27
      48300.0   6.0100000e+27
      48500.0   5.8639998e+27
      48700.0   5.7589997e+27
      48900.0   5.6850002e+27
      49100.0   5.5930003e+27
      49300.0   5.5350002e+27
      49500.0   5.4270002e+27
      49700.0   5.3990001e+27
      49900.0   5.3090001e+27
      50100.0   5.2480001e+27
      50300.0   5.1750000e+27
      50500.0   5.0719999e+27
      50700.0   5.0259999e+27
      50900.0   4.9560003e+27
      51100.0   4.8700001e+27
      51300.0   4.8030000e+27
      51500.0   4.7420000e+27
      51700.0   4.7149999e+27
      51900.0   4.6340001e+27
      52100.0   4.5789999e+27
      52300.0   4.5050001e+27
      52500.0   4.4629999e+27
      52700.0   4.4360001e+27
      52900.0   4.3390000e+27
      53100.0   4.2780001e+27
      53300.0   4.2410000e+27
      53500.0   4.1860001e+27
      53700.0   4.1369999e+27
      53900.0   4.0880001e+27
      54100.0   4.0389999e+27
      54300.0   3.9680000e+27
      54500.0   3.9450000e+27
      54700.0   3.8760001e+27
      54900.0   3.8380001e+27
      55100.0   3.7819999e+27
      55300.0   3.7830001e+27
      55500.0   3.6899999e+27
      55700.0   3.6749999e+27
      55900.0   3.6149999e+27
      56100.0   3.5880000e+27
      56300.0   3.5220000e+27
      56500.0   3.5009999e+27
      56700.0   3.4559999e+27
      56900.0   3.3960001e+27
      57100.0   3.3789999e+27
      57300.0   3.3370001e+27
      57500.0   3.2949999e+27
      57700.0   3.2530001e+27
      57900.0   3.2269999e+27
      58100.0   3.1800000e+27
      58300.0   3.1449999e+27
      58500.0   3.1080001e+27
      58700.0   3.0599999e+27
      58900.0   3.0250001e+27
      59100.0   2.9800001e+27
      59300.0   2.9609999e+27
      59500.0   2.9200001e+27
      59700.0   2.8960001e+27
      59900.0   2.8619999e+27
      60100.0   2.8280001e+27
      60300.0   2.7939999e+27
      60500.0   2.7550000e+27
      60700.0   2.7240000e+27
      60900.0   2.6920001e+27
      61100.0   2.6570000e+27
      61300.0   2.6320000e+27
      61500.0   2.6039999e+27
      61700.0   2.5780001e+27
      61900.0   2.5460001e+27
      62100.0   2.5200000e+27
      62300.0   2.4860001e+27
      62500.0   2.4530001e+27
      62700.0   2.4259999e+27
      62900.0   2.4000001e+27
      63100.0   2.3710000e+27
      63300.0   2.3499999e+27
      63500.0   2.3190000e+27
      63700.0   2.2990000e+27
      63900.0   2.2660000e+27
      64200.0   2.2310000e+27
      64600.0   2.1790000e+27
      65000.0   2.1310000e+27
      65400.0   2.0830000e+27
      65800.0   2.0389999e+27
      66200.0   1.9920000e+27
      66600.0   1.9490000e+27
      67000.0   1.9070001e+27
      67400.0   1.8640000e+27
      67800.0   1.8230001e+27
      68200.0   1.7830000e+27
      68600.0   1.7460000e+27
      69000.0   1.7080000e+27
      69400.0   1.6709999e+27
      69800.0   1.6360000e+27
      70200.0   1.6000000e+27
      70600.0   1.5670000e+27
      71000.0   1.5340000e+27
      71400.0   1.5020000e+27
      71800.0   1.4699999e+27
      72200.0   1.4400001e+27
      72600.0   1.4100001e+27
      73000.0   1.3810000e+27
      73400.0   1.3530001e+27
      73800.0   1.3250000e+27
      74200.0   1.2970000e+27
      74600.0   1.2670000e+27
      75000.0   1.2419999e+27
      75400.0   1.2200000e+27
      75800.0   1.1970000e+27
      76200.0   1.1730000e+27
      76600.0   1.1500000e+27
      77000.0   1.1270000e+27
      77400.0   1.1050000e+27
      77800.0   1.0840000e+27
      78200.0   1.0630000e+27
      78600.0   1.0420000e+27
      79000.0   1.0220000e+27
      79400.0   1.0030000e+27
      79800.0   9.8379998e+26
      80200.0   9.6479999e+26
      80600.0   9.4659998e+26
      81000.0   9.2919998e+26
      81400.0   9.1170000e+26
      81800.0   8.9500001e+26
      82200.0   8.7849999e+26
      82600.0   8.6220001e+26
      83000.0   8.4649998e+26
      83400.0   8.3090001e+26
      83800.0   8.1580003e+26
      84200.0   8.0130000e+26
      84600.0   7.8679997e+26
      85000.0   7.7270002e+26
      85400.0   7.5899999e+26
      85800.0   7.4559998e+26
      86200.0   7.3259997e+26
      86600.0   7.1970002e+26
      87000.0   7.0700002e+26
      87400.0   6.9480001e+26
      87800.0   6.8269998e+26
      88200.0   6.7079998e+26
      88600.0   6.5929999e+26
      89000.0   6.4800003e+26
      89400.0   6.3710000e+26
      89800.0   6.2600000e+26
      90200.0   6.1570000e+26
      90600.0   6.0540000e+26
      91000.0   5.9490001e+26
      91400.0   5.8500001e+26
      91800.0   5.7539999e+26
      92200.0   5.6609999e+26
      92600.0   5.5670001e+26
      93000.0   5.4760001e+26
      93400.0   5.3859999e+26
      93800.0   5.2989999e+26
      94200.0   5.2130001e+26
      94600.0   5.1280001e+26
      95000.0   5.0459999e+26
      95400.0   4.9660000e+26
      95800.0   4.8870000e+26
      96200.0   4.8090001e+26
      96600.0   4.7329999e+26
      97000.0   4.6590001e+26
      97400.0   4.5829999e+26
      97800.0   4.5140002e+26
      98200.0   4.4439999e+26
      98600.0   4.3749999e+26
      99000.0   4.3079999e+26
      99400.0   4.2420000e+26
      99800.0   4.1769999e+26
      100200.   4.1130001e+26
      200000.   2.8980001e+25
      400000.   2.2640000e+24
      600000.   5.9479999e+23
      800000.   2.5680001e+23
  1.00000e+06   1.4260000e+23
  1.20000e+06   9.2289997e+22
  1.40000e+06   6.5100001e+22
  1.60000e+06   4.8629999e+22
