      91.0000      0.00000
      94.0000      0.00000
      96.0000      0.00000
      98.0000      0.00000
      100.000      0.00000
      102.000      0.00000
      104.000      0.00000
      106.000      0.00000
      108.000      0.00000
      110.000      0.00000
      114.000      0.00000
      118.000      0.00000
      121.000      0.00000
      125.000      0.00000
      127.000      0.00000
      128.000      0.00000
      131.000      0.00000
      132.000      0.00000
      134.000      0.00000
      137.000      0.00000
      140.000      0.00000
      143.000      0.00000
      147.000      0.00000
      151.000      0.00000
      155.000      0.00000
      159.000      0.00000
      162.000      0.00000
      166.000      0.00000
      170.000      0.00000
      173.000      0.00000
      177.000      0.00000
      180.000      0.00000
      182.000      0.00000
      186.000      0.00000
      191.000      0.00000
      194.000      0.00000
      198.000      0.00000
      202.000      0.00000
      205.000      0.00000
      210.000      0.00000
      216.000      0.00000
      220.000      0.00000
      223.000      0.00000
      227.000      0.00000
      230.000      0.00000
      234.000      0.00000
      240.000      0.00000
      246.000      0.00000
      252.000      0.00000
      257.000      0.00000
      260.000      0.00000
      264.000      0.00000
      269.000      0.00000
      274.000      0.00000
      279.000      0.00000
      284.000      0.00000
      290.000      0.00000
      296.000      0.00000
      301.000      0.00000
      308.000      0.00000
      318.000      0.00000
      328.000      0.00000
      338.000      0.00000
      348.000      0.00000
      357.000      0.00000
      366.000      0.00000
      375.000      0.00000
      385.000      0.00000
      395.000      0.00000
      405.000      0.00000
      414.000      0.00000
      422.000      0.00000
      430.000      0.00000
      441.000      0.00000
      451.000      0.00000
      460.000      0.00000
      470.000      0.00000
      480.000      0.00000
      490.000      0.00000
      500.000      0.00000
      506.000      0.00000
      512.000      0.00000
      520.000      0.00000
      530.000      0.00000
      540.000      0.00000
      550.000      0.00000
      560.000      0.00000
      570.000      0.00000
      580.000      0.00000
      590.000      0.00000
      600.000      0.00000
      610.000      0.00000
      620.000      0.00000
      630.000      0.00000
      640.000      0.00000
      650.000      0.00000
      658.000      0.00000
      665.000      0.00000
      675.000      0.00000
      685.000      0.00000
      695.000      0.00000
      705.000      0.00000
      716.000      0.00000
      726.000      0.00000
      735.000      0.00000
      745.000      0.00000
      755.000      0.00000
      765.000      0.00000
      775.000      0.00000
      785.000      0.00000
      795.000      0.00000
      805.000      0.00000
      815.000      0.00000
      825.000      0.00000
      835.000      0.00000
      845.000      0.00000
      855.000      0.00000
      865.000      0.00000
      875.000      0.00000
      885.000      0.00000
      895.000      0.00000
      905.000      0.00000
      915.000  2.98900e+29
      925.000  6.76400e+29
      935.000  1.02200e+30
      945.000  1.41300e+30
      955.000  1.60600e+30
      965.000  1.80400e+30
      975.000  8.30800e+29
      985.000  1.63000e+30
      995.000  1.51100e+30
      1005.00  1.70300e+30
      1015.00  1.66200e+30
      1025.00  1.08400e+30
      1035.00  1.48100e+30
      1045.00  1.85000e+30
      1055.00  1.78200e+30
      1065.00  1.58600e+30
      1075.00  1.67400e+30
      1085.00  1.50500e+30
      1095.00  1.66000e+30
      1105.00  1.57500e+30
      1115.00  1.54600e+30
      1125.00  1.40200e+30
      1135.00  1.53200e+30
      1145.00  1.44600e+30
      1155.00  1.43700e+30
      1165.00  1.41700e+30
      1175.00  1.08800e+30
      1185.00  1.33500e+30
      1195.00  1.21600e+30
      1205.00  1.06800e+30
      1215.00  7.57600e+29
      1225.00  1.10000e+30
      1235.00  1.23800e+30
      1245.00  1.25200e+30
      1255.00  1.22800e+30
      1265.00  1.19500e+30
      1275.00  1.24400e+30
      1285.00  1.23600e+30
      1295.00  1.12800e+30
      1305.00  1.12400e+30
      1315.00  1.18800e+30
      1325.00  1.14000e+30
      1335.00  1.18359e+30
      1345.00  1.11800e+30
      1355.00  1.09400e+30
      1365.00  1.04100e+30
      1375.00  1.02600e+30
      1385.00  1.01600e+30
      1395.00  8.50000e+29
      1405.00  8.28100e+29
      1415.00  9.51900e+29
      1425.00  9.14800e+29
      1435.00  9.29600e+29
      1442.00  9.31400e+29
      1447.00  9.21800e+29
      1455.00  8.98400e+29
      1465.00  8.67400e+29
      1475.00  8.59700e+29
      1485.00  8.53000e+29
      1495.00  8.37300e+29
      1505.00  8.07500e+29
      1512.00  7.65100e+29
      1517.00  7.75100e+29
      1525.00  7.69200e+29
      1535.00  6.98600e+29
      1545.00  6.54400e+29
      1555.00  6.44200e+29
      1565.00  6.82900e+29
      1575.00  7.04100e+29
      1585.00  7.03000e+29
      1595.00  7.00000e+29
      1605.00  6.75100e+29
      1615.00  6.61400e+29
      1625.00  6.53100e+29
      1635.00  6.61800e+29
      1645.00  6.49400e+29
      1655.00  6.45100e+29
      1665.00  6.52468e+29
      1672.00  6.18400e+29
      1677.00  6.55900e+29
      1685.00  6.45400e+29
      1695.00  6.24600e+29
      1705.00  6.07400e+29
      1715.00  5.85100e+29
      1725.00  5.74400e+29
      1735.00  5.87100e+29
      1745.00  5.74200e+29
      1755.00  5.75100e+29
      1765.00  5.56800e+29
      1775.00  5.48000e+29
      1785.00  5.48300e+29
      1795.00  5.48300e+29
      1805.00  5.45100e+29
      1815.00  5.18900e+29
      1825.00  5.20500e+29
      1835.00  5.10300e+29
      1845.00  4.82600e+29
      1855.00  4.78300e+29
      1865.00  4.79800e+29
      1875.00  4.85800e+29
      1885.00  4.56600e+29
      1895.00  4.39100e+29
      1905.00  5.17563e+29
      1915.00  4.38017e+29
      1925.00  4.22800e+29
      1935.00  4.34400e+29
      1945.00  4.38000e+29
      1955.00  4.10800e+29
      1967.00  4.25200e+29
      1976.00  4.31700e+29
      1984.00  4.13300e+29
      1995.00  4.03400e+29
      2005.00  4.07200e+29
      2015.00  4.02200e+29
      2025.00  4.05900e+29
      2035.00  3.87200e+29
      2045.00  3.86000e+29
      2055.00  3.48400e+29
      2065.00  3.61200e+29
      2074.00  3.84800e+29
      2078.00  3.68800e+29
      2085.00  3.72500e+29
      2095.00  3.59100e+29
      2105.00  3.62200e+29
      2115.00  3.61000e+29
      2125.00  3.60300e+29
      2135.00  3.52537e+29
      2145.00  3.45614e+29
      2155.00  3.48400e+29
      2165.00  3.40800e+29
      2175.00  3.38200e+29
      2185.00  3.31600e+29
      2195.00  3.33700e+29
      2205.00  3.28100e+29
      2215.00  3.20800e+29
      2225.00  3.15300e+29
      2235.00  3.15000e+29
      2245.00  3.11000e+29
      2255.00  3.03400e+29
      2265.00  3.04000e+29
      2275.00  3.01800e+29
      2285.00  2.99600e+29
      2295.00  2.88600e+29
      2305.00  2.88600e+29
      2315.00  2.84102e+29
      2325.00  3.88908e+29
      2335.00  2.74880e+29
      2345.00  2.71400e+29
      2355.00  2.71600e+29
      2365.00  2.65800e+29
      2375.00  2.63600e+29
      2385.00  2.56100e+29
      2395.00  2.57900e+29
      2405.00  2.53500e+29
      2415.00  2.51500e+29
      2425.00  2.51500e+29
      2435.00  2.45800e+29
      2445.00  2.45900e+29
      2455.00  2.43300e+29
      2465.00  2.40000e+29
      2475.00  2.36600e+29
      2485.00  2.35400e+29
      2495.00  2.16600e+29
      2505.00  2.30800e+29
      2513.00  2.20900e+29
      2518.00  2.26200e+29
      2525.00  2.23400e+29
      2535.00  2.21200e+29
      2545.00  2.17700e+29
      2555.00  2.18300e+29
      2565.00  2.15800e+29
      2575.00  2.15800e+29
      2585.00  2.13600e+29
      2595.00  2.11100e+29
      2605.00  2.07600e+29
      2615.00  2.05200e+29
      2625.00  2.04200e+29
      2635.00  2.02600e+29
      2645.00  2.03500e+29
      2655.00  2.01700e+29
      2665.00  1.97200e+29
      2675.00  1.96500e+29
      2685.00  1.95400e+29
      2695.00  1.91300e+29
      2705.00  1.90500e+29
      2715.00  1.87800e+29
      2725.00  1.85800e+29
      2735.00  1.84700e+29
      2745.00  1.80500e+29
      2755.00  1.79400e+29
      2765.00  1.78400e+29
      2775.00  1.79000e+29
      2785.00  1.76701e+29
      2795.00  1.85647e+29
      2805.00  1.72173e+29
      2815.00  1.72900e+29
      2825.00  1.70800e+29
      2835.00  1.67300e+29
      2845.00  1.66700e+29
      2855.00  1.65200e+29
      2865.00  1.65000e+29
      2875.00  1.63200e+29
      2885.00  1.62100e+29
      2895.00  1.60400e+29
      2910.00  1.59300e+29
      2930.00  1.56100e+29
      2950.00  1.52700e+29
      2970.00  1.50900e+29
      2990.00  1.48300e+29
      3010.00  1.45900e+29
      3030.00  1.43900e+29
      3050.00  1.41600e+29
      3070.00  1.39400e+29
      3090.00  1.37000e+29
      3110.00  1.35000e+29
      3130.00  1.32600e+29
      3150.00  1.30800e+29
      3170.00  1.28700e+29
      3190.00  1.25800e+29
      3210.00  1.24600e+29
      3230.00  1.22800e+29
      3250.00  1.21300e+29
      3270.00  1.19700e+29
      3290.00  1.18000e+29
      3310.00  1.16600e+29
      3330.00  1.14800e+29
      3350.00  1.12900e+29
      3370.00  1.11400e+29
      3390.00  1.10000e+29
      3410.00  1.08700e+29
      3430.00  1.05600e+29
      3450.00  1.04200e+29
      3470.00  1.03300e+29
      3490.00  1.02000e+29
      3510.00  1.01100e+29
      3530.00  9.97200e+28
      3550.00  9.86900e+28
      3570.00  9.72300e+28
      3590.00  9.56800e+28
      3610.00  9.47300e+28
      3630.00  9.36900e+28
      3640.00  9.32600e+28
      3650.00  8.06600e+28
      3670.00  7.91500e+28
      3690.00  8.02113e+28
      3710.00  8.48519e+28
      3730.00  7.64646e+29
      3750.00  9.60157e+28
      3770.00  9.88663e+28
      3790.00  9.44515e+28
      3810.00  9.64165e+28
      3830.00  9.42047e+28
      3850.00  9.74612e+28
      3870.00  1.86089e+29
      3890.00  1.10378e+29
      3910.00  9.72800e+28
      3930.00  9.30800e+28
      3950.00  9.39001e+28
      3970.00  1.20078e+29
      3990.00  9.19901e+28
      4010.00  9.30100e+28
      4030.00  9.04900e+28
      4050.00  9.08601e+28
      4070.00  1.00731e+29
      4090.00  8.45164e+28
      4110.00  7.90809e+28
      4130.00  8.42400e+28
      4150.00  8.43200e+28
      4170.00  8.34600e+28
      4190.00  8.25300e+28
      4210.00  8.15400e+28
      4230.00  8.03300e+28
      4250.00  7.92600e+28
      4270.00  7.75300e+28
      4290.00  7.66400e+28
      4310.00  7.42500e+28
      4330.00  7.75104e+28
      4350.00  7.16384e+28
      4370.00  7.36681e+28
      4390.00  7.14400e+28
      4410.00  7.12700e+28
      4430.00  7.07500e+28
      4450.00  7.00602e+28
      4470.00  8.11158e+28
      4490.00  6.84316e+28
      4510.00  6.85000e+28
      4530.00  6.69100e+28
      4550.00  6.59200e+28
      4570.00  6.59500e+28
      4590.00  6.46600e+28
      4610.00  6.43400e+28
      4630.00  6.32100e+28
      4650.00  6.24100e+28
      4670.00  6.21100e+28
      4690.00  6.11400e+28
      4710.00  5.98000e+28
      4730.00  5.99500e+28
      4750.00  5.94600e+28
      4770.00  5.89500e+28
      4790.00  5.81600e+28
      4810.00  5.72900e+28
      4830.00  5.63700e+28
      4850.00  7.07358e+28
      4870.00  8.98818e+28
      4890.00  5.41600e+28
      4910.00  5.40700e+28
      4930.00  5.28100e+28
      4950.00  5.32300e+28
      4970.00  5.27100e+28
      4990.00  5.48942e+28
      5010.00  9.25771e+29
      5030.00  5.05777e+28
      5050.00  4.97300e+28
      5070.00  4.98000e+28
      5090.00  4.89100e+28
      5110.00  4.84800e+28
      5130.00  4.76600e+28
      5150.00  4.69800e+28
      5170.00  4.62900e+28
      5190.00  4.73906e+28
      5210.00  4.63297e+28
      5230.00  4.54200e+28
      5250.00  4.52200e+28
      5270.00  4.40200e+28
      5290.00  4.44200e+28
      5310.00  4.41800e+28
      5330.00  4.31800e+28
      5350.00  4.33500e+28
      5370.00  4.29300e+28
      5390.00  4.22900e+28
      5410.00  4.17200e+28
      5430.00  4.14200e+28
      5450.00  4.14100e+28
      5470.00  4.08000e+28
      5490.00  4.04100e+28
      5510.00  4.00300e+28
      5530.00  3.98100e+28
      5550.00  3.96000e+28
      5570.00  3.91000e+28
      5590.00  3.86100e+28
      5610.00  3.85200e+28
      5630.00  3.81200e+28
      5650.00  3.77800e+28
      5670.00  3.72500e+28
      5690.00  3.71200e+28
      5710.00  3.64300e+28
      5730.00  3.66702e+28
      5750.00  3.76269e+28
      5770.00  3.60153e+28
      5790.00  3.54000e+28
      5810.00  3.54200e+28
      5830.00  3.53300e+28
      5850.00  3.48616e+28
      5870.00  5.10338e+28
      5890.00  3.53222e+28
      5910.00  3.39600e+28
      5930.00  3.37100e+28
      5950.00  3.34000e+28
      5970.00  3.33200e+28
      5990.00  3.28800e+28
      6010.00  3.25300e+28
      6030.00  3.24300e+28
      6050.00  3.22900e+28
      6070.00  3.20000e+28
      6090.00  3.15100e+28
      6110.00  3.12800e+28
      6130.00  3.07100e+28
      6150.00  3.06000e+28
      6170.00  3.02300e+28
      6190.00  3.03600e+28
      6210.00  3.00900e+28
      6230.00  2.96200e+28
      6250.00  2.90700e+28
      6270.00  2.92703e+28
      6290.00  3.58376e+28
      6310.00  4.00039e+28
      6330.00  2.87534e+28
      6350.00  2.84400e+28
      6370.00  2.82200e+28
      6390.00  2.81100e+28
      6410.00  2.77800e+28
      6430.00  2.76500e+28
      6450.00  2.74500e+28
      6470.00  2.72500e+28
      6490.00  2.68200e+28
      6510.00  2.68500e+28
      6530.00  2.65936e+28
      6550.00  1.23585e+29
      6570.00  3.00191e+29
      6590.00  1.41932e+29
      6610.00  2.59757e+28
      6630.00  2.58300e+28
      6650.00  2.56511e+28
      6670.00  2.87139e+28
      6690.00  2.67692e+28
      6710.00  9.60499e+28
      6730.00  1.08514e+29
      6750.00  2.56281e+28
      6770.00  2.46500e+28
      6790.00  2.44300e+28
      6810.00  2.42800e+28
      6830.00  2.41800e+28
      6850.00  2.38600e+28
      6870.00  2.38000e+28
      6890.00  2.37400e+28
      6910.00  2.35300e+28
      6930.00  2.33100e+28
      6950.00  2.30500e+28
      6970.00  2.29800e+28
      6990.00  2.27700e+28
      7010.00  2.24700e+28
      7030.00  2.24700e+28
      7050.00  2.24200e+28
      7070.00  2.20500e+28
      7090.00  2.20000e+28
      7110.00  2.18061e+28
      7130.00  5.25591e+28
      7150.00  2.57765e+28
      7170.00  2.13602e+28
      7190.00  2.10300e+28
      7210.00  2.10600e+28
      7230.00  2.10000e+28
      7250.00  2.09200e+28
      7270.00  2.07700e+28
      7290.00  2.04300e+28
      7310.00  2.06150e+28
      7330.00  2.75769e+28
      7350.00  2.03950e+28
      7370.00  2.02400e+28
      7390.00  1.99900e+28
      7410.00  1.97700e+28
      7430.00  1.97700e+28
      7450.00  1.96900e+28
      7470.00  1.95800e+28
      7490.00  1.94200e+28
      7510.00  1.93900e+28
      7530.00  1.93400e+28
      7550.00  1.92800e+28
      7570.00  1.91200e+28
      7590.00  1.89700e+28
      7610.00  1.88900e+28
      7630.00  1.88000e+28
      7650.00  1.87100e+28
      7670.00  1.84200e+28
      7690.00  1.85100e+28
      7710.00  1.82500e+28
      7730.00  1.82100e+28
      7750.00  1.80700e+28
      7770.00  1.80100e+28
      7790.00  1.79900e+28
      7810.00  1.79100e+28
      7830.00  1.77500e+28
      7850.00  1.75700e+28
      7870.00  1.74900e+28
      7890.00  1.72000e+28
      7910.00  1.69800e+28
      7930.00  1.69100e+28
      7950.00  1.67300e+28
      7970.00  1.68800e+28
      7990.00  1.67600e+28
      8010.00  1.68100e+28
      8030.00  1.67400e+28
      8050.00  1.66100e+28
      8070.00  1.65100e+28
      8090.00  1.63300e+28
      8110.00  1.62600e+28
      8130.00  1.62400e+28
      8150.00  1.61500e+28
      8170.00  1.60800e+28
      8190.00  1.58900e+28
      8210.00  1.49800e+28
      8230.00  1.49600e+28
      8250.00  1.49200e+28
      8270.00  1.48600e+28
      8290.00  1.47300e+28
      8310.00  1.44900e+28
      8330.00  1.43700e+28
      8350.00  1.43800e+28
      8370.00  1.42600e+28
      8390.00  1.40900e+28
      8410.00  1.42200e+28
      8430.00  1.41300e+28
      8450.00  1.41500e+28
      8470.00  1.38700e+28
      8490.00  1.41400e+28
      8510.00  1.33700e+28
      8530.00  1.40400e+28
      8550.00  1.23800e+28
      8570.00  1.42100e+28
      8590.00  1.36700e+28
      8610.00  1.35100e+28
      8630.00  1.40800e+28
      8650.00  1.37600e+28
      8670.00  1.20200e+28
      8690.00  1.36500e+28
      8710.00  1.38600e+28
      8730.00  1.37517e+28
      8750.00  1.40636e+28
      8770.00  1.35392e+28
      8790.00  1.36201e+28
      8810.00  1.34800e+28
      8830.00  1.34020e+28
      8850.00  1.36761e+28
      8870.00  1.35775e+28
      8890.00  1.32165e+28
      8910.00  1.32800e+28
      8930.00  1.31500e+28
      8950.00  1.30800e+28
      8970.00  1.30300e+28
      8990.00  1.29130e+28
      9010.00  1.39132e+28
      9030.00  1.29654e+28
      9050.00  5.20674e+28
      9070.00  3.62958e+29
      9090.00  3.66906e+28
      9110.00  1.25730e+28
      9130.00  1.25600e+28
      9150.00  1.24900e+28
      9170.00  1.24100e+28
      9190.00  1.23604e+28
      9210.00  1.23998e+28
      9230.00  1.44013e+28
      9250.00  1.20836e+28
      9270.00  1.20002e+28
      9290.00  1.20300e+28
      9310.00  1.20200e+28
      9330.00  1.19500e+28
      9350.00  1.18800e+28
      9370.00  1.17500e+28
      9390.00  1.17700e+28
      9410.00  1.15800e+28
      9430.00  1.16500e+28
      9450.00  1.15300e+28
      9470.00  1.15300e+28
      9490.00  1.14800e+28
      9510.00  1.13537e+28
      9530.00  1.22060e+28
      9550.00  1.44464e+28
      9570.00  1.12012e+28
      9590.00  1.11701e+28
      9610.00  1.10700e+28
      9630.00  1.10200e+28
      9650.00  1.09300e+28
      9670.00  1.08800e+28
      9690.00  1.08900e+28
      9710.00  1.08200e+28
      9730.00  1.07600e+28
      9750.00  1.06900e+28
      9770.00  1.06600e+28
      9790.00  1.05500e+28
      9810.00  1.06100e+28
      9830.00  1.05500e+28
      9850.00  1.05100e+28
      9870.00  1.04300e+28
      9890.00  1.03800e+28
      9910.00  1.03300e+28
      9930.00  1.03000e+28
      9950.00  1.02600e+28
      9970.00  1.02100e+28
      9990.00  1.01500e+28
      10025.0  1.01748e+28
      10075.0  9.84735e+27
      10125.0  9.76500e+27
      10175.0  9.64100e+27
      10225.0  9.56200e+27
      10275.0  9.48301e+27
      10325.0  2.58395e+28
      10375.0  9.20542e+27
      10425.0  9.13800e+27
      10475.0  9.00300e+27
      10525.0  8.93600e+27
      10575.0  8.81200e+27
      10625.0  8.71300e+27
      10675.0  9.30054e+27
      10725.0  8.50774e+27
      10775.0  8.38106e+27
      10825.0  3.02497e+28
      10875.0  8.17539e+27
      10925.0  1.26026e+28
      10975.0  7.97001e+27
      11025.0  7.96500e+27
      11075.0  7.90200e+27
      11125.0  7.80600e+27
      11175.0  7.70300e+27
      11225.0  7.64800e+27
      11275.0  7.51800e+27
      11325.0  7.44400e+27
      11375.0  7.36800e+27
      11425.0  7.26600e+27
      11475.0  7.25600e+27
      11525.0  7.18900e+27
      11575.0  7.08500e+27
      11625.0  6.96700e+27
      11675.0  6.91700e+27
      11725.0  6.90400e+27
      11775.0  6.77500e+27
      11825.0  6.71600e+27
      11875.0  6.60600e+27
      11925.0  6.63200e+27
      11975.0  6.45400e+27
      12025.0  6.47700e+27
      12075.0  6.39100e+27
      12125.0  6.34500e+27
      12175.0  6.31100e+27
      12225.0  6.24200e+27
      12275.0  6.17400e+27
      12325.0  6.11900e+27
      12375.0  6.06300e+27
      12425.0  6.00600e+27
      12475.0  5.95900e+27
      12525.0  5.88600e+27
      12575.0  5.83600e+27
      12625.0  5.78200e+27
      12675.0  5.72300e+27
      12725.0  5.68600e+27
      12775.0  6.79624e+27
      12825.0  1.94460e+28
      12875.0  5.50379e+27
      12925.0  5.45300e+27
      12975.0  5.44100e+27
      13025.0  5.38000e+27
      13075.0  5.35300e+27
      13125.0  5.27800e+27
      13175.0  5.23400e+27
      13225.0  5.20700e+27
      13275.0  5.12800e+27
      13325.0  5.11800e+27
      13375.0  5.06300e+27
      13425.0  5.04900e+27
      13475.0  5.00300e+27
      13525.0  4.96400e+27
      13575.0  4.89100e+27
      13625.0  4.85200e+27
      13675.0  4.83000e+27
      13725.0  4.80000e+27
      13775.0  4.76200e+27
      13825.0  4.73500e+27
      13875.0  4.68200e+27
      13925.0  4.66800e+27
      13975.0  4.64000e+27
      14025.0  4.57300e+27
      14075.0  4.57000e+27
      14125.0  4.51500e+27
      14175.0  4.50900e+27
      14225.0  4.44100e+27
      14275.0  4.38700e+27
      14325.0  4.40100e+27
      14375.0  4.38600e+27
      14425.0  4.28300e+27
      14475.0  4.31800e+27
      14525.0  4.25400e+27
      14570.0  4.25000e+27
      14620.0  4.11600e+27
      14675.0  4.09100e+27
      14725.0  4.02400e+27
      14775.0  4.01500e+27
      14825.0  3.98900e+27
      14875.0  3.93900e+27
      14925.0  3.95900e+27
      14975.0  3.91100e+27
      15025.0  3.86600e+27
      15075.0  3.82400e+27
      15125.0  3.84500e+27
      15175.0  3.83000e+27
      15225.0  3.81900e+27
      15275.0  3.78300e+27
      15325.0  3.75300e+27
      15375.0  3.77200e+27
      15425.0  3.71900e+27
      15475.0  3.73300e+27
      15525.0  3.69100e+27
      15575.0  3.56500e+27
      15625.0  3.64600e+27
      15675.0  3.58700e+27
      15725.0  3.56400e+27
      15775.0  3.47400e+27
      15825.0  3.50000e+27
      15875.0  3.38700e+27
      15925.0  3.48900e+27
      15975.0  3.43400e+27
      16050.0  3.41200e+27
      16150.0  3.33900e+27
      16250.0  3.32400e+27
      16350.0  3.30800e+27
      16450.0  5.24624e+27
      16550.0  3.20400e+27
      16650.0  3.09300e+27
      16750.0  3.06400e+27
      16850.0  2.94100e+27
      16950.0  2.98000e+27
      17050.0  2.89000e+27
      17150.0  2.86100e+27
      17250.0  2.79900e+27
      17350.0  2.68700e+27
      17450.0  2.69900e+27
      17550.0  2.65000e+27
      17650.0  2.61300e+27
      17750.0  2.55900e+27
      17850.0  2.52300e+27
      17950.0  2.48100e+27
      18050.0  2.42500e+27
      18150.0  2.35600e+27
      18250.0  2.33900e+27
      18350.0  2.30500e+27
      18450.0  2.25900e+27
      18550.0  2.22800e+27
      18650.0  2.17701e+27
      18750.0  2.10347e+28
      18850.0  2.11302e+27
      18950.0  2.05000e+27
      19050.0  2.05300e+27
      19150.0  2.01400e+27
      19250.0  1.98400e+27
      19350.0  1.93701e+27
      19450.0  3.00107e+27
      19550.0  1.88300e+27
      19650.0  1.85300e+27
      19750.0  1.81900e+27
      19850.0  1.79400e+27
      19950.0  1.76600e+27
      20050.0  1.75000e+27
      20150.0  1.72500e+27
      20250.0  1.68500e+27
      20350.0  1.65700e+27
      20450.0  1.64600e+27
      20550.0  1.83812e+27
      20650.0  1.59049e+27
      20750.0  1.56600e+27
      20850.0  1.54200e+27
      20950.0  1.51300e+27
      21050.0  1.50000e+27
      21150.0  1.47362e+27
      21250.0  1.93483e+27
      21350.0  1.43500e+27
      21450.0  1.41400e+27
      21550.0  1.39201e+27
      21650.0  2.88578e+27
      21750.0  1.34513e+27
      21850.0  1.32800e+27
      21950.0  1.31200e+27
      22050.0  1.28500e+27
      22150.0  1.27600e+27
      22250.0  1.25000e+27
      22350.0  1.23500e+27
      22450.0  1.21900e+27
      22550.0  1.20200e+27
      22650.0  1.18200e+27
      22750.0  1.17100e+27
      22850.0  1.12600e+27
      22950.0  1.00900e+27
      23050.0  1.05200e+27
      23150.0  1.03800e+27
      23250.0  9.39500e+26
      23350.0  9.80400e+26
      23450.0  9.66500e+26
      23550.0  8.77100e+26
      23650.0  9.23000e+26
      23750.0  9.07900e+26
      23850.0  8.36500e+26
      23950.0  8.72000e+26
      24050.0  8.67700e+26
      24150.0  8.07500e+26
      24250.0  8.35100e+26
      24350.0  8.29300e+26
      24450.0  7.90800e+26
      24550.0  7.89300e+26
      24650.0  8.02100e+26
      24750.0  7.79000e+26
      24850.0  7.52200e+26
      24950.0  7.62800e+26
      25050.0  7.76000e+26
      25150.0  7.26600e+26
      25250.0  7.38600e+26
      25350.0  7.40400e+26
      25450.0  7.24700e+26
      25550.0  7.12500e+26
      25650.0  7.07400e+26
      25750.0  7.10500e+26
      25850.0  6.82000e+26
      25950.0  6.85600e+26
      26050.0  6.84900e+26
      26150.0  6.67756e+26
      26250.0  2.83166e+27
      26350.0  6.63564e+26
      26450.0  6.56800e+26
      26550.0  6.44500e+26
      26650.0  6.33300e+26
      26750.0  6.35200e+26
      26850.0  6.31100e+26
      26950.0  6.17300e+26
      27050.0  6.17300e+26
      27150.0  6.10500e+26
      27250.0  6.06900e+26
      27350.0  5.93100e+26
      27450.0  5.91900e+26
      27550.0  5.83700e+26
      27650.0  5.78100e+26
      27750.0  5.70300e+26
      27850.0  5.67800e+26
      27950.0  5.64500e+26
      28050.0  5.57700e+26
      28150.0  5.49300e+26
      28250.0  5.45000e+26
      28350.0  5.41000e+26
      28450.0  5.34400e+26
      28550.0  5.28100e+26
      28650.0  5.21800e+26
      28750.0  5.12500e+26
      28850.0  5.11600e+26
      28950.0  5.06400e+26
      29050.0  5.00800e+26
      29150.0  4.96100e+26
      29250.0  4.88800e+26
      29350.0  4.86200e+26
      29450.0  4.79300e+26
      29550.0  4.74500e+26
      29650.0  4.70400e+26
      29750.0  4.65200e+26
      29850.0  4.59800e+26
      29950.0  4.54900e+26
      30050.0  4.49800e+26
      30150.0  4.45600e+26
      30250.0  4.40100e+26
      30350.0  4.30900e+26
      30450.0  4.29600e+26
      30550.0  4.25800e+26
      30650.0  4.21300e+26
      30750.0  4.17500e+26
      30850.0  4.12200e+26
      30950.0  4.07800e+26
      31050.0  4.04300e+26
      31150.0  3.98300e+26
      31250.0  3.95400e+26
      31350.0  3.91400e+26
      31450.0  3.87200e+26
      31550.0  3.82500e+26
      31650.0  3.78700e+26
      31750.0  3.75100e+26
      31850.0  3.71200e+26
      31950.0  3.67600e+26
      32100.0  3.61600e+26
      32300.0  3.54100e+26
      32500.0  3.46800e+26
      32700.0  3.39600e+26
      32900.0  3.23800e+26
      33100.0  3.18800e+26
      33300.0  3.12300e+26
      33500.0  3.06600e+26
      33700.0  3.00300e+26
      33900.0  2.94000e+26
      34100.0  2.88000e+26
      34300.0  2.83100e+26
      34500.0  2.77700e+26
      34700.0  2.72300e+26
      34900.0  2.67100e+26
      35100.0  2.62200e+26
      35300.0  2.56800e+26
      35500.0  2.52300e+26
      35700.0  2.47300e+26
      35900.0  2.43000e+26
      36100.0  2.38500e+26
      36300.0  2.34600e+26
      36500.0  2.29400e+26
      36700.0  2.25600e+26
      36900.0  2.20600e+26
      37100.0  2.17000e+26
      37300.0  2.13200e+26
      37500.0  2.08000e+26
      37700.0  2.06300e+26
      37900.0  2.02700e+26
      38100.0  1.99000e+26
      38300.0  1.95900e+26
      38500.0  1.92900e+26
      38700.0  1.89300e+26
      38900.0  1.86200e+26
      39100.0  1.82700e+26
      39300.0  1.80200e+26
      39500.0  1.76900e+26
      39700.0  1.74200e+26
      39900.0  1.70700e+26
      40100.0  1.68100e+26
      40300.0  1.65403e+26
      40500.0  2.67461e+27
      40700.0  1.60556e+26
      40900.0  1.58000e+26
      41100.0  1.55600e+26
      41300.0  1.53200e+26
      41500.0  1.50600e+26
      41700.0  1.47800e+26
      41900.0  1.45900e+26
      42100.0  1.43500e+26
      42300.0  1.41800e+26
      42500.0  1.39400e+26
      42700.0  1.37500e+26
      42900.0  1.31100e+26
      43100.0  1.25700e+26
      43300.0  1.26400e+26
      43500.0  1.20700e+26
      43700.0  1.17900e+26
      43900.0  1.15900e+26
      44100.0  1.10600e+26
      44300.0  1.10100e+26
      44500.0  1.07900e+26
      44700.0  1.01500e+26
      44900.0  1.02400e+26
      45100.0  9.98300e+25
      45300.0  9.68300e+25
      45500.0  9.70100e+25
      45700.0  9.57800e+25
      45900.0  9.23900e+25
      46100.0  9.32600e+25
      46300.0  9.13300e+25
      46500.0  9.00600e+25
      46700.0  8.94500e+25
      46900.0  8.84100e+25
      47100.0  8.68600e+25
      47300.0  8.71500e+25
      47500.0  8.55900e+25
      47700.0  8.46400e+25
      47900.0  8.36000e+25
      48100.0  8.20200e+25
      48300.0  8.24300e+25
      48500.0  8.10300e+25
      48700.0  7.96600e+25
      48900.0  7.90700e+25
      49100.0  7.79200e+25
      49300.0  7.70900e+25
      49500.0  7.60500e+25
      49700.0  7.56900e+25
      49900.0  7.46200e+25
      50100.0  7.41100e+25
      50300.0  7.32700e+25
      50500.0  7.18800e+25
      50700.0  7.13400e+25
      50900.0  7.06800e+25
      51100.0  6.96100e+25
      51300.0  6.87600e+25
      51500.0  6.81300e+25
      51700.0  6.80600e+25
      51900.0  6.69500e+25
      52100.0  6.62000e+25
      52300.0  6.54500e+25
      52500.0  6.50300e+25
      52700.0  6.49200e+25
      52900.0  6.34900e+25
      53100.0  6.27400e+25
      53300.0  6.24100e+25
      53500.0  6.17500e+25
      53700.0  6.11700e+25
      53900.0  6.06400e+25
      54100.0  6.00400e+25
      54300.0  5.91800e+25
      54500.0  5.89800e+25
      54700.0  5.81100e+25
      54900.0  5.77000e+25
      55100.0  5.69400e+25
      55300.0  5.71300e+25
      55500.0  5.58800e+25
      55700.0  5.58100e+25
      55900.0  5.50100e+25
      56100.0  5.47600e+25
      56300.0  5.38800e+25
      56500.0  5.37000e+25
      56700.0  5.31200e+25
      56900.0  5.23400e+25
      57100.0  5.21900e+25
      57300.0  5.16900e+25
      57500.0  5.11800e+25
      57700.0  5.06400e+25
      57900.0  5.03600e+25
      58100.0  4.97700e+25
      58300.0  4.93300e+25
      58500.0  4.79800e+25
      58700.0  4.73800e+25
      58900.0  4.70000e+25
      59100.0  4.64300e+25
      59300.0  4.62200e+25
      59500.0  4.57000e+25
      59700.0  4.54200e+25
      59900.0  4.50000e+25
      60100.0  4.46000e+25
      60300.0  4.41800e+25
      60500.0  4.36600e+25
      60700.0  4.33000e+25
      60900.0  4.28900e+25
      61100.0  4.24600e+25
      61300.0  4.21500e+25
      61500.0  4.18000e+25
      61700.0  4.15200e+25
      61900.0  4.11100e+25
      62100.0  4.08000e+25
      62300.0  4.03600e+25
      62500.0  3.99300e+25
      62700.0  3.95900e+25
      62900.0  3.92600e+25
      63100.0  3.89100e+25
      63300.0  3.86500e+25
      63500.0  3.82600e+25
      63700.0  3.80200e+25
      63900.0  3.75700e+25
      64200.0  3.71400e+25
      64600.0  3.64700e+25
      65000.0  3.58600e+25
      65400.0  3.52400e+25
      65800.0  3.46800e+25
      66200.0  3.40700e+25
      66600.0  3.35100e+25
      67000.0  3.29700e+25
      67400.0  3.24100e+25
      67800.0  3.18800e+25
      68200.0  3.13500e+25
      68600.0  3.08600e+25
      69000.0  3.03500e+25
      69400.0  2.98600e+25
      69800.0  2.93900e+25
      70200.0  2.89200e+25
      70600.0  2.84800e+25
      71000.0  2.80300e+25
      71400.0  2.76000e+25
      71800.0  2.71600e+25
      72200.0  2.67500e+25
      72600.0  2.63400e+25
      73000.0  2.59400e+25
      73400.0  2.55500e+25
      73800.0  2.51700e+25
      74200.0  2.43800e+25
      74600.0  2.39700e+25
      75000.0  2.36300e+25
      75400.0  2.33200e+25
      75800.0  2.29900e+25
      76200.0  2.26600e+25
      76600.0  2.23400e+25
      77000.0  2.20200e+25
      77400.0  2.17100e+25
      77800.0  2.14100e+25
      78200.0  2.11100e+25
      78600.0  2.08200e+25
      79000.0  2.05300e+25
      79400.0  2.02600e+25
      79800.0  1.99800e+25
      80200.0  1.97100e+25
      80600.0  1.94400e+25
      81000.0  1.91900e+25
      81400.0  1.89300e+25
      81800.0  1.86900e+25
      82200.0  1.84500e+25
      82600.0  1.82100e+25
      83000.0  1.79700e+25
      83400.0  1.77400e+25
      83800.0  1.75200e+25
      84200.0  1.73000e+25
      84600.0  1.70800e+25
      85000.0  1.68700e+25
      85400.0  1.66600e+25
      85800.0  1.64500e+25
      86200.0  1.62500e+25
      86600.0  1.60600e+25
      87000.0  1.58600e+25
      87400.0  1.56700e+25
      87800.0  1.54900e+25
      88200.0  1.53000e+25
      88600.0  1.51200e+25
      89000.0  1.49400e+25
      89400.0  1.47700e+25
      89800.0  1.46000e+25
      90200.0  1.44300e+25
      90600.0  1.42700e+25
      91000.0  1.41100e+25
      91400.0  1.37600e+25
      91800.0  1.36100e+25
      92200.0  1.34600e+25
      92600.0  1.33100e+25
      93000.0  1.31600e+25
      93400.0  1.30200e+25
      93800.0  1.28800e+25
      94200.0  1.27400e+25
      94600.0  1.26000e+25
      95000.0  1.24700e+25
      95400.0  1.23400e+25
      95800.0  1.22100e+25
      96200.0  1.20800e+25
      96600.0  1.19600e+25
      97000.0  1.18300e+25
      97400.0  1.17100e+25
      97800.0  1.15900e+25
      98200.0  1.14800e+25
      98600.0  1.13600e+25
      99000.0  1.12500e+25
      99400.0  1.11400e+25
      99800.0  1.10200e+25
      100200.  1.09200e+25
      200000.  2.22900e+24
      400000.  5.73000e+23
      600000.  2.68200e+23
      800000.  1.57800e+23
  1.00000e+06  1.04500e+23
  1.20000e+06  7.54200e+22
  1.40000e+06  5.69800e+22
  1.60000e+06  4.45600e+22
