      91.0000      0.00000
      94.0000      0.00000
      96.0000      0.00000
      98.0000      0.00000
      100.000      0.00000
      102.000      0.00000
      104.000      0.00000
      106.000      0.00000
      108.000      0.00000
      110.000      0.00000
      114.000      0.00000
      118.000      0.00000
      121.000      0.00000
      125.000      0.00000
      127.000      0.00000
      128.000      0.00000
      131.000      0.00000
      132.000      0.00000
      134.000      0.00000
      137.000      0.00000
      140.000      0.00000
      143.000      0.00000
      147.000      0.00000
      151.000      0.00000
      155.000      0.00000
      159.000      0.00000
      162.000      0.00000
      166.000      0.00000
      170.000      0.00000
      173.000      0.00000
      177.000      0.00000
      180.000      0.00000
      182.000      0.00000
      186.000      0.00000
      191.000      0.00000
      194.000      0.00000
      198.000      0.00000
      202.000      0.00000
      205.000      0.00000
      210.000      0.00000
      216.000      0.00000
      220.000      0.00000
      223.000      0.00000
      227.000      0.00000
      230.000      0.00000
      234.000      0.00000
      240.000      0.00000
      246.000      0.00000
      252.000      0.00000
      257.000      0.00000
      260.000      0.00000
      264.000      0.00000
      269.000      0.00000
      274.000      0.00000
      279.000      0.00000
      284.000      0.00000
      290.000      0.00000
      296.000      0.00000
      301.000      0.00000
      308.000      0.00000
      318.000      0.00000
      328.000      0.00000
      338.000      0.00000
      348.000      0.00000
      357.000      0.00000
      366.000      0.00000
      375.000      0.00000
      385.000      0.00000
      395.000      0.00000
      405.000      0.00000
      414.000      0.00000
      422.000      0.00000
      430.000      0.00000
      441.000      0.00000
      451.000      0.00000
      460.000      0.00000
      470.000      0.00000
      480.000      0.00000
      490.000      0.00000
      500.000      0.00000
      506.000      0.00000
      512.000      0.00000
      520.000      0.00000
      530.000      0.00000
      540.000      0.00000
      550.000      0.00000
      560.000      0.00000
      570.000      0.00000
      580.000      0.00000
      590.000      0.00000
      600.000      0.00000
      610.000      0.00000
      620.000      0.00000
      630.000      0.00000
      640.000      0.00000
      650.000      0.00000
      658.000      0.00000
      665.000      0.00000
      675.000      0.00000
      685.000      0.00000
      695.000      0.00000
      705.000      0.00000
      716.000      0.00000
      726.000      0.00000
      735.000      0.00000
      745.000      0.00000
      755.000      0.00000
      765.000      0.00000
      775.000      0.00000
      785.000      0.00000
      795.000      0.00000
      805.000      0.00000
      815.000      0.00000
      825.000      0.00000
      835.000      0.00000
      845.000      0.00000
      855.000      0.00000
      865.000      0.00000
      875.000      0.00000
      885.000      0.00000
      895.000      0.00000
      905.000      0.00000
      915.000  2.25800e+29
      925.000  5.24300e+29
      935.000  8.05500e+29
      945.000  1.09200e+30
      955.000  1.26900e+30
      965.000  1.41800e+30
      975.000  5.97300e+29
      985.000  1.25000e+30
      995.000  1.18800e+30
      1005.00  1.42100e+30
      1015.00  1.40700e+30
      1025.00  9.24200e+29
      1035.00  1.24700e+30
      1045.00  1.69500e+30
      1055.00  1.66400e+30
      1065.00  1.45900e+30
      1075.00  1.59300e+30
      1085.00  1.41800e+30
      1095.00  1.63500e+30
      1105.00  1.58800e+30
      1115.00  1.57200e+30
      1125.00  1.43600e+30
      1135.00  1.63500e+30
      1145.00  1.54300e+30
      1155.00  1.55700e+30
      1165.00  1.56000e+30
      1175.00  1.16200e+30
      1185.00  1.47600e+30
      1195.00  1.24500e+30
      1205.00  1.07400e+30
      1215.00  7.89300e+29
      1225.00  1.17200e+30
      1235.00  1.45000e+30
      1245.00  1.53800e+30
      1255.00  1.52300e+30
      1265.00  1.43100e+30
      1275.00  1.62600e+30
      1285.00  1.66500e+30
      1295.00  1.48100e+30
      1305.00  1.46100e+30
      1315.00  1.64000e+30
      1325.00  1.58800e+30
      1335.00  1.58030e+30
      1345.00  1.60500e+30
      1355.00  1.55600e+30
      1365.00  1.45000e+30
      1375.00  1.46300e+30
      1385.00  1.45700e+30
      1395.00  1.23000e+30
      1405.00  1.21000e+30
      1415.00  1.36400e+30
      1425.00  1.34600e+30
      1435.00  1.36700e+30
      1442.00  1.40400e+30
      1447.00  1.41400e+30
      1455.00  1.38400e+30
      1465.00  1.32500e+30
      1475.00  1.32300e+30
      1485.00  1.33700e+30
      1495.00  1.34100e+30
      1505.00  1.30600e+30
      1512.00  1.22600e+30
      1517.00  1.27200e+30
      1525.00  1.24900e+30
      1535.00  1.12800e+30
      1545.00  1.12000e+30
      1555.00  1.09500e+30
      1565.00  1.15600e+30
      1575.00  1.22200e+30
      1585.00  1.25700e+30
      1595.00  1.27200e+30
      1605.00  1.22900e+30
      1615.00  1.21600e+30
      1625.00  1.18200e+30
      1635.00  1.22300e+30
      1645.00  1.22400e+30
      1655.00  1.17400e+30
      1665.00  1.23342e+30
      1672.00  1.13100e+30
      1677.00  1.24100e+30
      1685.00  1.25300e+30
      1695.00  1.19800e+30
      1705.00  1.16300e+30
      1715.00  1.11900e+30
      1725.00  1.10300e+30
      1735.00  1.14800e+30
      1745.00  1.12400e+30
      1755.00  1.15600e+30
      1765.00  1.09300e+30
      1775.00  1.10100e+30
      1785.00  1.10800e+30
      1795.00  1.13300e+30
      1805.00  1.12200e+30
      1815.00  1.06300e+30
      1825.00  1.06600e+30
      1835.00  1.03800e+30
      1845.00  9.72300e+29
      1855.00  9.72600e+29
      1865.00  9.81700e+29
      1875.00  1.01400e+30
      1885.00  9.52000e+29
      1895.00  9.14100e+29
      1905.00  1.01637e+30
      1915.00  9.08120e+29
      1925.00  8.78500e+29
      1935.00  8.95200e+29
      1945.00  9.10400e+29
      1955.00  8.51700e+29
      1967.00  8.90200e+29
      1976.00  8.99400e+29
      1984.00  8.56700e+29
      1995.00  8.28500e+29
      2005.00  8.35200e+29
      2015.00  8.12200e+29
      2025.00  8.23500e+29
      2035.00  7.84300e+29
      2045.00  7.89200e+29
      2055.00  7.22000e+29
      2065.00  7.36400e+29
      2074.00  7.79200e+29
      2078.00  7.47900e+29
      2085.00  7.57100e+29
      2095.00  7.21000e+29
      2105.00  7.21100e+29
      2115.00  7.19100e+29
      2125.00  7.23100e+29
      2135.00  6.91751e+29
      2145.00  6.96236e+29
      2155.00  7.08500e+29
      2165.00  6.89600e+29
      2175.00  6.85400e+29
      2185.00  6.74600e+29
      2195.00  6.93200e+29
      2205.00  6.78200e+29
      2215.00  6.55900e+29
      2225.00  6.42400e+29
      2235.00  6.63000e+29
      2245.00  6.44800e+29
      2255.00  6.32000e+29
      2265.00  6.40800e+29
      2275.00  6.51400e+29
      2285.00  6.58500e+29
      2295.00  6.32300e+29
      2305.00  6.36000e+29
      2315.00  6.23902e+29
      2325.00  7.04533e+29
      2335.00  6.05897e+29
      2345.00  5.94400e+29
      2355.00  6.17300e+29
      2365.00  5.93100e+29
      2375.00  6.01100e+29
      2385.00  5.73900e+29
      2395.00  5.96200e+29
      2405.00  5.82300e+29
      2415.00  5.87000e+29
      2425.00  6.02000e+29
      2435.00  5.85400e+29
      2445.00  6.03100e+29
      2455.00  5.95400e+29
      2465.00  5.92800e+29
      2475.00  5.80600e+29
      2485.00  5.90900e+29
      2495.00  5.46900e+29
      2505.00  5.98900e+29
      2513.00  5.63800e+29
      2518.00  5.77500e+29
      2525.00  5.62000e+29
      2535.00  5.60900e+29
      2545.00  5.53700e+29
      2555.00  5.70100e+29
      2565.00  5.63900e+29
      2575.00  5.78200e+29
      2585.00  5.74700e+29
      2595.00  5.69100e+29
      2605.00  5.56100e+29
      2615.00  5.50700e+29
      2625.00  5.59400e+29
      2635.00  5.61500e+29
      2645.00  5.82700e+29
      2655.00  5.81400e+29
      2665.00  5.56600e+29
      2675.00  5.65000e+29
      2685.00  5.63500e+29
      2695.00  5.47100e+29
      2705.00  5.50800e+29
      2715.00  5.36300e+29
      2725.00  5.34100e+29
      2735.00  5.44600e+29
      2745.00  5.10100e+29
      2755.00  5.11500e+29
      2765.00  5.18200e+29
      2775.00  5.29000e+29
      2785.00  5.17501e+29
      2795.00  4.81546e+29
      2805.00  4.78349e+29
      2815.00  5.21200e+29
      2825.00  5.23400e+29
      2835.00  5.09100e+29
      2845.00  5.01600e+29
      2855.00  4.94700e+29
      2865.00  5.08500e+29
      2875.00  5.03100e+29
      2885.00  5.03200e+29
      2895.00  4.97800e+29
      2910.00  5.11400e+29
      2930.00  4.98600e+29
      2950.00  4.90600e+29
      2970.00  4.89200e+29
      2990.00  4.85100e+29
      3010.00  4.83400e+29
      3030.00  4.79400e+29
      3050.00  4.74900e+29
      3070.00  4.70100e+29
      3090.00  4.67000e+29
      3110.00  4.61600e+29
      3130.00  4.55200e+29
      3150.00  4.52700e+29
      3170.00  4.48500e+29
      3190.00  4.35500e+29
      3210.00  4.38100e+29
      3230.00  4.29200e+29
      3250.00  4.32700e+29
      3270.00  4.33200e+29
      3290.00  4.29400e+29
      3310.00  4.26100e+29
      3330.00  4.20700e+29
      3350.00  4.14200e+29
      3370.00  4.06300e+29
      3390.00  4.04500e+29
      3410.00  4.03500e+29
      3430.00  3.98300e+29
      3450.00  3.95900e+29
      3470.00  3.92800e+29
      3490.00  3.91600e+29
      3510.00  3.91800e+29
      3530.00  3.86200e+29
      3550.00  3.87500e+29
      3570.00  3.75000e+29
      3590.00  3.70800e+29
      3610.00  3.72500e+29
      3630.00  3.71000e+29
      3640.00  3.70500e+29
      3650.00  3.55800e+29
      3670.00  3.48700e+29
      3690.00  3.36192e+29
      3710.00  3.61134e+29
      3730.00  1.45101e+30
      3750.00  4.20113e+29
      3770.00  4.37341e+29
      3790.00  4.73419e+29
      3810.00  5.14875e+29
      3830.00  4.40902e+29
      3850.00  5.36018e+29
      3870.00  7.13759e+29
      3890.00  4.51226e+29
      3910.00  5.76000e+29
      3930.00  5.32900e+29
      3950.00  5.57800e+29
      3970.00  4.42533e+29
      3990.00  5.58700e+29
      4010.00  5.95800e+29
      4030.00  5.89000e+29
      4050.00  5.86400e+29
      4070.00  5.84620e+29
      4090.00  4.98345e+29
      4110.00  4.25178e+29
      4130.00  5.42700e+29
      4150.00  5.57000e+29
      4170.00  5.54400e+29
      4190.00  5.48500e+29
      4210.00  5.45000e+29
      4230.00  5.36200e+29
      4250.00  5.32600e+29
      4270.00  5.19500e+29
      4290.00  5.12500e+29
      4310.00  4.84000e+29
      4330.00  4.41003e+29
      4350.00  3.96467e+29
      4370.00  4.95995e+29
      4390.00  4.92200e+29
      4410.00  4.95400e+29
      4430.00  4.96200e+29
      4450.00  4.94900e+29
      4470.00  5.12179e+29
      4490.00  4.88403e+29
      4510.00  4.97200e+29
      4530.00  4.81100e+29
      4550.00  4.76500e+29
      4570.00  4.83300e+29
      4590.00  4.71800e+29
      4610.00  4.73500e+29
      4630.00  4.64200e+29
      4650.00  4.63200e+29
      4670.00  4.62400e+29
      4690.00  4.54700e+29
      4710.00  4.43100e+29
      4730.00  4.49300e+29
      4750.00  4.48900e+29
      4770.00  4.44900e+29
      4790.00  4.39800e+29
      4810.00  4.32400e+29
      4830.00  4.23200e+29
      4850.00  3.99044e+29
      4870.00  3.92661e+29
      4890.00  4.05200e+29
      4910.00  4.13200e+29
      4930.00  4.07500e+29
      4950.00  4.13100e+29
      4970.00  4.10400e+29
      4990.00  4.05009e+29
      5010.00  1.92742e+30
      5030.00  3.93849e+29
      5050.00  3.88500e+29
      5070.00  3.92500e+29
      5090.00  3.84300e+29
      5110.00  3.83300e+29
      5130.00  3.76400e+29
      5150.00  3.69800e+29
      5170.00  3.61900e+29
      5190.00  3.64116e+29
      5210.00  3.64554e+29
      5230.00  3.63500e+29
      5250.00  3.65400e+29
      5270.00  3.50500e+29
      5290.00  3.60900e+29
      5310.00  3.61700e+29
      5330.00  3.49000e+29
      5350.00  3.55400e+29
      5370.00  3.52200e+29
      5390.00  3.47500e+29
      5410.00  3.42600e+29
      5430.00  3.42100e+29
      5450.00  3.44000e+29
      5470.00  3.38600e+29
      5490.00  3.36800e+29
      5510.00  3.34000e+29
      5530.00  3.34000e+29
      5550.00  3.33400e+29
      5570.00  3.28800e+29
      5590.00  3.24800e+29
      5610.00  3.26200e+29
      5630.00  3.23400e+29
      5650.00  3.21900e+29
      5670.00  3.17100e+29
      5690.00  3.18400e+29
      5710.00  3.12900e+29
      5730.00  3.19000e+29
      5750.00  3.15906e+29
      5770.00  3.12737e+29
      5790.00  3.07000e+29
      5810.00  3.08900e+29
      5830.00  3.09700e+29
      5850.00  3.04903e+29
      5870.00  3.32726e+29
      5890.00  2.95454e+29
      5910.00  2.98400e+29
      5930.00  2.97100e+29
      5950.00  2.95200e+29
      5970.00  2.95300e+29
      5990.00  2.91500e+29
      6010.00  2.88400e+29
      6030.00  2.89000e+29
      6050.00  2.89300e+29
      6070.00  2.87300e+29
      6090.00  2.82100e+29
      6110.00  2.80700e+29
      6130.00  2.73900e+29
      6150.00  2.73500e+29
      6170.00  2.69400e+29
      6190.00  2.73100e+29
      6210.00  2.71000e+29
      6230.00  2.66200e+29
      6250.00  2.60500e+29
      6270.00  2.64801e+29
      6290.00  2.77255e+29
      6310.00  2.81415e+29
      6330.00  2.60956e+29
      6350.00  2.58800e+29
      6370.00  2.57300e+29
      6390.00  2.57800e+29
      6410.00  2.54200e+29
      6430.00  2.54000e+29
      6450.00  2.52000e+29
      6470.00  2.50900e+29
      6490.00  2.46600e+29
      6510.00  2.48000e+29
      6530.00  2.44507e+29
      6550.00  4.13083e+29
      6570.00  7.23697e+29
      6590.00  4.55269e+29
      6610.00  2.40986e+29
      6630.00  2.40500e+29
      6650.00  2.39402e+29
      6670.00  2.42801e+29
      6690.00  2.40163e+29
      6710.00  3.67917e+29
      6730.00  3.92858e+29
      6750.00  2.33447e+29
      6770.00  2.31400e+29
      6790.00  2.29400e+29
      6810.00  2.28500e+29
      6830.00  2.28300e+29
      6850.00  2.24900e+29
      6870.00  2.25300e+29
      6890.00  2.25700e+29
      6910.00  2.24100e+29
      6930.00  2.22400e+29
      6950.00  2.20700e+29
      6970.00  2.20900e+29
      6990.00  2.19600e+29
      7010.00  2.16700e+29
      7030.00  2.17400e+29
      7050.00  2.16700e+29
      7070.00  2.12800e+29
      7090.00  2.10500e+29
      7110.00  2.07566e+29
      7130.00  2.64993e+29
      7150.00  2.12976e+29
      7170.00  2.04600e+29
      7190.00  2.01300e+29
      7210.00  2.02600e+29
      7230.00  2.03100e+29
      7250.00  2.02900e+29
      7270.00  2.02200e+29
      7290.00  1.99600e+29
      7310.00  2.01439e+29
      7330.00  2.14677e+29
      7350.00  2.01239e+29
      7370.00  2.02600e+29
      7390.00  1.99600e+29
      7410.00  1.98300e+29
      7430.00  1.99900e+29
      7450.00  1.99300e+29
      7470.00  1.99900e+29
      7490.00  1.99000e+29
      7510.00  1.99300e+29
      7530.00  2.00100e+29
      7550.00  2.00300e+29
      7570.00  1.99100e+29
      7590.00  1.96200e+29
      7610.00  1.93600e+29
      7630.00  1.91000e+29
      7650.00  1.88200e+29
      7670.00  1.83600e+29
      7690.00  1.85200e+29
      7710.00  1.82600e+29
      7730.00  1.82300e+29
      7750.00  1.80900e+29
      7770.00  1.80600e+29
      7790.00  1.81400e+29
      7810.00  1.80900e+29
      7830.00  1.79500e+29
      7850.00  1.77800e+29
      7870.00  1.77900e+29
      7890.00  1.75800e+29
      7910.00  1.73100e+29
      7930.00  1.72900e+29
      7950.00  1.71500e+29
      7970.00  1.74000e+29
      7990.00  1.72800e+29
      8010.00  1.74300e+29
      8030.00  1.74200e+29
      8050.00  1.73400e+29
      8070.00  1.74100e+29
      8090.00  1.72900e+29
      8110.00  1.73200e+29
      8130.00  1.75200e+29
      8150.00  1.76000e+29
      8170.00  1.76300e+29
      8190.00  1.73700e+29
      8210.00  1.68500e+29
      8230.00  1.67800e+29
      8250.00  1.67400e+29
      8270.00  1.67600e+29
      8290.00  1.66000e+29
      8310.00  1.62800e+29
      8330.00  1.61400e+29
      8350.00  1.61000e+29
      8370.00  1.60600e+29
      8390.00  1.57600e+29
      8410.00  1.59300e+29
      8430.00  1.55900e+29
      8450.00  1.53700e+29
      8470.00  1.51700e+29
      8490.00  1.54600e+29
      8510.00  1.46600e+29
      8530.00  1.54700e+29
      8550.00  1.39200e+29
      8570.00  1.58200e+29
      8590.00  1.51700e+29
      8610.00  1.51200e+29
      8630.00  1.59800e+29
      8650.00  1.56400e+29
      8670.00  1.37700e+29
      8690.00  1.56100e+29
      8710.00  1.60800e+29
      8730.00  1.58784e+29
      8750.00  1.48855e+29
      8770.00  1.56839e+29
      8790.00  1.62000e+29
      8810.00  1.60900e+29
      8830.00  1.59904e+29
      8850.00  1.53899e+29
      8870.00  1.43550e+29
      8890.00  1.52533e+29
      8910.00  1.55500e+29
      8930.00  1.54500e+29
      8950.00  1.54500e+29
      8970.00  1.53800e+29
      8990.00  1.51207e+29
      9010.00  1.42480e+29
      9030.00  1.46961e+29
      9050.00  2.33881e+29
      9070.00  8.62230e+29
      9090.00  2.02816e+29
      9110.00  1.55926e+29
      9130.00  1.56800e+29
      9150.00  1.55900e+29
      9170.00  1.55000e+29
      9190.00  1.54401e+29
      9210.00  1.48389e+29
      9230.00  1.41017e+29
      9250.00  1.43493e+29
      9270.00  1.46900e+29
      9290.00  1.47200e+29
      9310.00  1.47400e+29
      9330.00  1.47500e+29
      9350.00  1.46900e+29
      9370.00  1.45200e+29
      9390.00  1.46200e+29
      9410.00  1.43900e+29
      9430.00  1.46200e+29
      9450.00  1.44800e+29
      9470.00  1.46000e+29
      9490.00  1.45300e+29
      9510.00  1.42108e+29
      9530.00  1.41149e+29
      9550.00  1.37791e+29
      9570.00  1.39189e+29
      9590.00  1.42400e+29
      9610.00  1.41700e+29
      9630.00  1.41800e+29
      9650.00  1.40800e+29
      9670.00  1.40400e+29
      9690.00  1.41100e+29
      9710.00  1.39400e+29
      9730.00  1.38100e+29
      9750.00  1.37400e+29
      9770.00  1.37500e+29
      9790.00  1.36300e+29
      9810.00  1.37500e+29
      9830.00  1.36500e+29
      9850.00  1.36300e+29
      9870.00  1.35400e+29
      9890.00  1.34900e+29
      9910.00  1.34500e+29
      9930.00  1.34600e+29
      9950.00  1.34500e+29
      9970.00  1.34100e+29
      9990.00  1.33300e+29
      10025.0  1.30300e+29
      10075.0  1.27221e+29
      10125.0  1.31200e+29
      10175.0  1.30100e+29
      10225.0  1.29800e+29
      10275.0  1.29500e+29
      10325.0  1.61831e+29
      10375.0  1.26503e+29
      10425.0  1.26100e+29
      10475.0  1.24100e+29
      10525.0  1.22600e+29
      10575.0  1.20500e+29
      10625.0  1.18900e+29
      10675.0  1.18969e+29
      10725.0  1.17731e+29
      10775.0  1.16500e+29
      10825.0  1.60581e+29
      10875.0  1.13409e+29
      10925.0  1.18310e+29
      10975.0  1.09769e+29
      11025.0  1.10500e+29
      11075.0  1.09000e+29
      11125.0  1.08300e+29
      11175.0  1.07300e+29
      11225.0  1.06900e+29
      11275.0  1.05400e+29
      11325.0  1.04800e+29
      11375.0  1.04100e+29
      11425.0  1.02900e+29
      11475.0  1.03100e+29
      11525.0  1.02400e+29
      11575.0  1.01200e+29
      11625.0  9.97100e+28
      11675.0  9.91400e+28
      11725.0  9.90900e+28
      11775.0  9.70900e+28
      11825.0  9.61800e+28
      11875.0  9.46200e+28
      11925.0  9.52800e+28
      11975.0  9.30000e+28
      12025.0  9.36900e+28
      12075.0  9.27600e+28
      12125.0  9.24000e+28
      12175.0  9.21300e+28
      12225.0  9.13400e+28
      12275.0  9.05100e+28
      12325.0  8.98100e+28
      12375.0  8.92100e+28
      12425.0  8.82400e+28
      12475.0  8.76100e+28
      12525.0  8.67900e+28
      12575.0  8.61100e+28
      12625.0  8.54700e+28
      12675.0  8.47700e+28
      12725.0  8.43400e+28
      12775.0  8.59470e+28
      12825.0  1.09340e+29
      12875.0  8.20917e+28
      12925.0  8.16200e+28
      12975.0  8.17700e+28
      13025.0  8.08800e+28
      13075.0  8.05700e+28
      13125.0  7.92100e+28
      13175.0  7.84800e+28
      13225.0  7.80500e+28
      13275.0  7.67300e+28
      13325.0  7.64400e+28
      13375.0  7.54900e+28
      13425.0  7.51800e+28
      13475.0  7.43400e+28
      13525.0  7.36200e+28
      13575.0  7.24000e+28
      13625.0  7.19500e+28
      13675.0  7.19700e+28
      13725.0  7.18600e+28
      13775.0  7.16400e+28
      13825.0  7.14500e+28
      13875.0  7.07300e+28
      13925.0  6.78500e+28
      13975.0  6.73100e+28
      14025.0  6.65800e+28
      14075.0  6.67500e+28
      14125.0  6.60600e+28
      14175.0  6.62600e+28
      14225.0  6.55000e+28
      14275.0  6.48500e+28
      14325.0  6.54300e+28
      14375.0  6.55100e+28
      14425.0  6.41500e+28
      14475.0  6.50200e+28
      14525.0  6.43200e+28
      14570.0  6.45800e+28
      14620.0  6.30300e+28
      14675.0  6.27100e+28
      14725.0  6.21200e+28
      14775.0  6.23300e+28
      14825.0  6.23800e+28
      14875.0  6.19600e+28
      14925.0  6.27700e+28
      14975.0  6.22900e+28
      15025.0  6.19400e+28
      15075.0  6.16500e+28
      15125.0  6.23200e+28
      15175.0  6.23900e+28
      15225.0  6.23400e+28
      15275.0  6.24100e+28
      15325.0  6.21800e+28
      15375.0  6.20700e+28
      15425.0  6.13100e+28
      15475.0  6.16700e+28
      15525.0  6.13100e+28
      15575.0  5.92800e+28
      15625.0  6.00400e+28
      15675.0  5.97000e+28
      15725.0  6.02900e+28
      15775.0  5.81400e+28
      15825.0  5.77900e+28
      15875.0  5.69200e+28
      15925.0  5.91500e+28
      15975.0  5.81600e+28
      16050.0  5.80500e+28
      16150.0  5.82900e+28
      16250.0  5.73200e+28
      16350.0  5.83300e+28
      16450.0  6.04364e+28
      16550.0  5.74800e+28
      16650.0  5.62400e+28
      16750.0  5.57600e+28
      16850.0  5.44000e+28
      16950.0  5.49900e+28
      17050.0  5.40100e+28
      17150.0  5.31400e+28
      17250.0  5.19500e+28
      17350.0  4.97000e+28
      17450.0  4.94500e+28
      17550.0  4.84500e+28
      17650.0  4.72000e+28
      17750.0  4.58200e+28
      17850.0  4.47300e+28
      17950.0  4.34200e+28
      18050.0  4.21400e+28
      18150.0  4.07300e+28
      18250.0  4.05300e+28
      18350.0  4.01100e+28
      18450.0  3.92600e+28
      18550.0  3.86500e+28
      18650.0  3.76100e+28
      18750.0  7.91147e+28
      18850.0  3.66000e+28
      18950.0  3.56000e+28
      19050.0  3.57700e+28
      19150.0  3.51800e+28
      19250.0  3.47400e+28
      19350.0  3.39700e+28
      19450.0  3.53677e+28
      19550.0  3.29400e+28
      19650.0  3.23600e+28
      19750.0  3.16600e+28
      19850.0  3.12500e+28
      19950.0  3.08800e+28
      20050.0  3.06600e+28
      20150.0  3.03100e+28
      20250.0  2.97500e+28
      20350.0  2.94700e+28
      20450.0  2.94500e+28
      20550.0  2.96237e+28
      20650.0  2.87957e+28
      20750.0  2.85700e+28
      20850.0  2.82900e+28
      20950.0  2.79400e+28
      21050.0  2.78500e+28
      21150.0  2.74714e+28
      21250.0  2.82905e+28
      21350.0  2.70200e+28
      21450.0  2.67200e+28
      21550.0  2.63600e+28
      21650.0  2.91554e+28
      21750.0  2.55803e+28
      21850.0  2.53500e+28
      21950.0  2.50900e+28
      22050.0  2.46000e+28
      22150.0  2.44600e+28
      22250.0  2.39800e+28
      22350.0  2.36800e+28
      22450.0  2.33900e+28
      22550.0  2.30800e+28
      22650.0  2.26900e+28
      22750.0  2.25000e+28
      22850.0  2.20200e+28
      22950.0  1.92400e+28
      23050.0  2.01400e+28
      23150.0  1.99800e+28
      23250.0  1.77000e+28
      23350.0  1.86500e+28
      23450.0  1.79200e+28
      23550.0  1.63900e+28
      23650.0  1.73100e+28
      23750.0  1.66600e+28
      23850.0  1.54700e+28
      23950.0  1.60800e+28
      24050.0  1.57000e+28
      24150.0  1.46000e+28
      24250.0  1.49200e+28
      24350.0  1.44900e+28
      24450.0  1.37600e+28
      24550.0  1.34900e+28
      24650.0  1.34600e+28
      24750.0  1.29400e+28
      24850.0  1.20500e+28
      24950.0  1.18600e+28
      25050.0  1.20000e+28
      25150.0  1.12800e+28
      25250.0  1.14000e+28
      25350.0  1.13700e+28
      25450.0  1.11500e+28
      25550.0  1.10200e+28
      25650.0  1.09600e+28
      25750.0  1.10700e+28
      25850.0  1.07300e+28
      25950.0  1.07700e+28
      26050.0  1.07600e+28
      26150.0  1.04927e+28
      26250.0  1.53771e+28
      26350.0  1.04048e+28
      26450.0  1.03300e+28
      26550.0  1.01800e+28
      26650.0  9.98200e+27
      26750.0  1.00000e+28
      26850.0  9.96600e+27
      26950.0  9.75300e+27
      27050.0  9.76300e+27
      27150.0  9.65600e+27
      27250.0  9.61100e+27
      27350.0  9.39900e+27
      27450.0  9.37500e+27
      27550.0  9.23500e+27
      27650.0  9.15100e+27
      27750.0  9.03400e+27
      27850.0  9.01500e+27
      27950.0  8.96500e+27
      28050.0  8.85900e+27
      28150.0  8.73200e+27
      28250.0  8.68400e+27
      28350.0  8.62800e+27
      28450.0  8.53400e+27
      28550.0  8.44300e+27
      28650.0  8.34900e+27
      28750.0  8.19800e+27
      28850.0  8.20200e+27
      28950.0  8.13900e+27
      29050.0  8.06700e+27
      29150.0  8.00000e+27
      29250.0  7.88100e+27
      29350.0  7.86400e+27
      29450.0  7.75700e+27
      29550.0  7.69500e+27
      29650.0  7.64400e+27
      29750.0  7.56800e+27
      29850.0  7.48900e+27
      29950.0  7.42600e+27
      30050.0  7.35600e+27
      30150.0  7.31700e+27
      30250.0  7.24000e+27
      30350.0  7.10900e+27
      30450.0  7.12100e+27
      30550.0  7.08100e+27
      30650.0  7.03500e+27
      30750.0  6.99900e+27
      30850.0  6.93500e+27
      30950.0  6.89900e+27
      31050.0  6.86700e+27
      31150.0  6.77800e+27
      31250.0  6.75300e+27
      31350.0  6.70100e+27
      31450.0  6.65100e+27
      31550.0  6.59500e+27
      31650.0  6.54000e+27
      31750.0  6.49800e+27
      31850.0  6.45000e+27
      31950.0  6.41200e+27
      32100.0  6.33700e+27
      32300.0  6.24300e+27
      32500.0  6.15700e+27
      32700.0  6.05300e+27
      32900.0  5.89500e+27
      33100.0  5.83700e+27
      33300.0  5.75100e+27
      33500.0  5.66800e+27
      33700.0  5.56800e+27
      33900.0  5.47100e+27
      34100.0  5.37300e+27
      34300.0  5.29100e+27
      34500.0  5.20000e+27
      34700.0  5.10600e+27
      34900.0  5.01800e+27
      35100.0  4.93400e+27
      35300.0  4.83700e+27
      35500.0  4.75600e+27
      35700.0  4.66700e+27
      35900.0  4.58500e+27
      36100.0  4.51200e+27
      36300.0  4.42900e+27
      36500.0  4.34000e+27
      36700.0  4.26300e+27
      36900.0  4.17200e+27
      37100.0  4.09800e+27
      37300.0  4.02500e+27
      37500.0  3.92700e+27
      37700.0  3.88500e+27
      37900.0  3.81000e+27
      38100.0  3.74400e+27
      38300.0  3.67900e+27
      38500.0  3.61700e+27
      38700.0  3.54200e+27
      38900.0  3.47900e+27
      39100.0  3.41000e+27
      39300.0  3.35800e+27
      39500.0  3.28600e+27
      39700.0  3.23100e+27
      39900.0  3.16000e+27
      40100.0  3.10900e+27
      40300.0  3.05601e+27
      40500.0  9.00117e+27
      40700.0  2.94813e+27
      40900.0  2.89900e+27
      41100.0  2.85200e+27
      41300.0  2.80300e+27
      41500.0  2.75000e+27
      41700.0  2.69300e+27
      41900.0  2.65800e+27
      42100.0  2.60900e+27
      42300.0  2.57400e+27
      42500.0  2.52500e+27
      42700.0  2.48800e+27
      42900.0  2.38100e+27
      43100.0  2.28400e+27
      43300.0  2.27900e+27
      43500.0  2.18500e+27
      43700.0  2.12900e+27
      43900.0  2.09400e+27
      44100.0  2.01200e+27
      44300.0  1.99100e+27
      44500.0  1.95300e+27
      44700.0  1.88400e+27
      44900.0  1.88200e+27
      45100.0  1.83800e+27
      45300.0  1.78800e+27
      45500.0  1.78200e+27
      45700.0  1.75800e+27
      45900.0  1.70300e+27
      46100.0  1.70400e+27
      46300.0  1.67000e+27
      46500.0  1.64000e+27
      46700.0  1.62800e+27
      46900.0  1.60600e+27
      47100.0  1.57700e+27
      47300.0  1.57400e+27
      47500.0  1.54300e+27
      47700.0  1.52300e+27
      47900.0  1.50400e+27
      48100.0  1.47300e+27
      48300.0  1.47100e+27
      48500.0  1.44500e+27
      48700.0  1.41900e+27
      48900.0  1.40200e+27
      49100.0  1.38200e+27
      49300.0  1.36400e+27
      49500.0  1.34100e+27
      49700.0  1.33100e+27
      49900.0  1.30900e+27
      50100.0  1.29500e+27
      50300.0  1.27800e+27
      50500.0  1.25400e+27
      50700.0  1.24200e+27
      50900.0  1.22600e+27
      51100.0  1.20500e+27
      51300.0  1.18800e+27
      51500.0  1.17500e+27
      51700.0  1.16900e+27
      51900.0  1.15000e+27
      52100.0  1.13500e+27
      52300.0  1.11800e+27
      52500.0  1.10800e+27
      52700.0  1.10100e+27
      52900.0  1.07800e+27
      53100.0  1.06300e+27
      53300.0  1.05400e+27
      53500.0  1.04000e+27
      53700.0  1.02800e+27
      53900.0  1.01600e+27
      54100.0  1.00400e+27
      54300.0  9.87400e+26
      54500.0  9.81100e+26
      54700.0  9.65300e+26
      54900.0  9.56000e+26
      55100.0  9.42200e+26
      55300.0  9.41500e+26
      55500.0  9.20100e+26
      55700.0  9.16000e+26
      55900.0  9.01400e+26
      56100.0  8.94500e+26
      56300.0  8.79100e+26
      56500.0  8.73500e+26
      56700.0  8.62600e+26
      56900.0  8.48200e+26
      57100.0  8.43500e+26
      57300.0  8.33500e+26
      57500.0  8.23500e+26
      57700.0  8.13100e+26
      57900.0  8.06500e+26
      58100.0  7.95200e+26
      58300.0  7.86600e+26
      58500.0  7.75700e+26
      58700.0  7.64300e+26
      58900.0  7.55900e+26
      59100.0  7.44800e+26
      59300.0  7.40300e+26
      59500.0  7.30500e+26
      59700.0  7.24400e+26
      59900.0  7.16100e+26
      60100.0  7.08000e+26
      60300.0  6.99900e+26
      60500.0  6.90400e+26
      60700.0  6.83000e+26
      60900.0  6.75000e+26
      61100.0  6.66800e+26
      61300.0  6.60400e+26
      61500.0  6.53600e+26
      61700.0  6.47500e+26
      61900.0  6.39700e+26
      62100.0  6.33400e+26
      62300.0  6.25200e+26
      62500.0  6.17300e+26
      62700.0  6.10700e+26
      62900.0  6.04200e+26
      63100.0  5.97400e+26
      63300.0  5.92100e+26
      63500.0  5.84900e+26
      63700.0  5.79800e+26
      63900.0  5.72100e+26
      64200.0  5.63400e+26
      64600.0  5.50700e+26
      65000.0  5.39100e+26
      65400.0  5.27500e+26
      65800.0  5.16700e+26
      66200.0  5.05400e+26
      66600.0  4.94900e+26
      67000.0  4.84700e+26
      67400.0  4.74200e+26
      67800.0  4.64400e+26
      68200.0  4.54700e+26
      68600.0  4.45600e+26
      69000.0  4.36200e+26
      69400.0  4.27400e+26
      69800.0  4.18700e+26
      70200.0  4.10100e+26
      70600.0  4.02000e+26
      71000.0  3.93900e+26
      71400.0  3.86000e+26
      71800.0  3.78200e+26
      72200.0  3.70800e+26
      72600.0  3.63400e+26
      73000.0  3.56300e+26
      73400.0  3.49200e+26
      73800.0  3.42500e+26
      74200.0  3.34600e+26
      74600.0  3.27300e+26
      75000.0  3.21000e+26
      75400.0  3.15400e+26
      75800.0  3.09400e+26
      76200.0  3.03400e+26
      76600.0  2.97500e+26
      77000.0  2.91700e+26
      77400.0  2.86100e+26
      77800.0  2.80600e+26
      78200.0  2.75200e+26
      78600.0  2.70000e+26
      79000.0  2.64900e+26
      79400.0  2.59900e+26
      79800.0  2.54900e+26
      80200.0  2.49900e+26
      80600.0  2.45000e+26
      81000.0  2.40400e+26
      81400.0  2.35700e+26
      81800.0  2.31300e+26
      82200.0  2.27000e+26
      82600.0  2.22700e+26
      83000.0  2.18500e+26
      83400.0  2.14400e+26
      83800.0  2.10400e+26
      84200.0  2.06600e+26
      84600.0  2.02800e+26
      85000.0  1.99100e+26
      85400.0  1.95400e+26
      85800.0  1.91900e+26
      86200.0  1.88500e+26
      86600.0  1.85100e+26
      87000.0  1.81800e+26
      87400.0  1.78600e+26
      87800.0  1.75400e+26
      88200.0  1.72300e+26
      88600.0  1.69300e+26
      89000.0  1.66300e+26
      89400.0  1.63500e+26
      89800.0  1.60600e+26
      90200.0  1.57900e+26
      90600.0  1.55200e+26
      91000.0  1.52500e+26
      91400.0  1.49600e+26
      91800.0  1.47100e+26
      92200.0  1.44600e+26
      92600.0  1.42200e+26
      93000.0  1.39900e+26
      93400.0  1.37500e+26
      93800.0  1.35300e+26
      94200.0  1.33100e+26
      94600.0  1.31000e+26
      95000.0  1.29200e+26
      95400.0  1.27300e+26
      95800.0  1.25500e+26
      96200.0  1.23700e+26
      96600.0  1.22000e+26
      97000.0  1.20300e+26
      97400.0  1.18600e+26
      97800.0  1.16900e+26
      98200.0  1.15300e+26
      98600.0  1.13800e+26
      99000.0  1.12200e+26
      99400.0  1.10700e+26
      99800.0  1.09200e+26
      100200.  1.07700e+26
      200000.  1.11700e+25
      400000.  1.77700e+24
      600000.  7.31800e+23
      800000.  4.10500e+23
  1.00000e+06  2.65800e+23
  1.20000e+06  1.89600e+23
  1.40000e+06  1.42300e+23
  1.60000e+06  1.10700e+23
