      91.0000      0.00000
      94.0000      0.00000
      96.0000      0.00000
      98.0000      0.00000
      100.000      0.00000
      102.000      0.00000
      104.000      0.00000
      106.000      0.00000
      108.000      0.00000
      110.000      0.00000
      114.000      0.00000
      118.000      0.00000
      121.000      0.00000
      125.000      0.00000
      127.000      0.00000
      128.000      0.00000
      131.000      0.00000
      132.000      0.00000
      134.000      0.00000
      137.000      0.00000
      140.000      0.00000
      143.000      0.00000
      147.000      0.00000
      151.000      0.00000
      155.000      0.00000
      159.000      0.00000
      162.000      0.00000
      166.000      0.00000
      170.000      0.00000
      173.000      0.00000
      177.000      0.00000
      180.000      0.00000
      182.000      0.00000
      186.000      0.00000
      191.000      0.00000
      194.000      0.00000
      198.000      0.00000
      202.000      0.00000
      205.000      0.00000
      210.000      0.00000
      216.000      0.00000
      220.000      0.00000
      223.000      0.00000
      227.000      0.00000
      230.000      0.00000
      234.000      0.00000
      240.000      0.00000
      246.000      0.00000
      252.000      0.00000
      257.000      0.00000
      260.000      0.00000
      264.000      0.00000
      269.000      0.00000
      274.000      0.00000
      279.000      0.00000
      284.000      0.00000
      290.000      0.00000
      296.000      0.00000
      301.000      0.00000
      308.000      0.00000
      318.000      0.00000
      328.000      0.00000
      338.000      0.00000
      348.000      0.00000
      357.000      0.00000
      366.000      0.00000
      375.000      0.00000
      385.000      0.00000
      395.000      0.00000
      405.000      0.00000
      414.000      0.00000
      422.000      0.00000
      430.000      0.00000
      441.000      0.00000
      451.000      0.00000
      460.000      0.00000
      470.000      0.00000
      480.000      0.00000
      490.000      0.00000
      500.000      0.00000
      506.000      0.00000
      512.000      0.00000
      520.000      0.00000
      530.000      0.00000
      540.000      0.00000
      550.000      0.00000
      560.000      0.00000
      570.000      0.00000
      580.000      0.00000
      590.000      0.00000
      600.000      0.00000
      610.000      0.00000
      620.000      0.00000
      630.000      0.00000
      640.000      0.00000
      650.000      0.00000
      658.000      0.00000
      665.000      0.00000
      675.000      0.00000
      685.000      0.00000
      695.000      0.00000
      705.000      0.00000
      716.000      0.00000
      726.000      0.00000
      735.000      0.00000
      745.000      0.00000
      755.000      0.00000
      765.000      0.00000
      775.000      0.00000
      785.000      0.00000
      795.000      0.00000
      805.000      0.00000
      815.000      0.00000
      825.000      0.00000
      835.000      0.00000
      845.000      0.00000
      855.000      0.00000
      865.000      0.00000
      875.000      0.00000
      885.000      0.00000
      895.000      0.00000
      905.000      0.00000
      915.000  4.44300e+29
      925.000  1.04300e+30
      935.000  1.61300e+30
      945.000  2.17200e+30
      955.000  2.53400e+30
      965.000  2.81300e+30
      975.000  1.14400e+30
      985.000  2.43000e+30
      995.000  2.33100e+30
      1005.00  2.84000e+30
      1015.00  2.82300e+30
      1025.00  1.86400e+30
      1035.00  2.48600e+30
      1045.00  3.45200e+30
      1055.00  3.39800e+30
      1065.00  2.95900e+30
      1075.00  3.26000e+30
      1085.00  2.89200e+30
      1095.00  3.37300e+30
      1105.00  3.31100e+30
      1115.00  3.28600e+30
      1125.00  3.00800e+30
      1135.00  3.46600e+30
      1145.00  3.26800e+30
      1155.00  3.31300e+30
      1165.00  3.32600e+30
      1175.00  2.44400e+30
      1185.00  3.13600e+30
      1195.00  2.58500e+30
      1205.00  2.21400e+30
      1215.00  1.65800e+30
      1225.00  2.46800e+30
      1235.00  3.12100e+30
      1245.00  3.36000e+30
      1255.00  3.34600e+30
      1265.00  3.11900e+30
      1275.00  3.63900e+30
      1285.00  3.76100e+30
      1295.00  3.32300e+30
      1305.00  3.27000e+30
      1315.00  3.73100e+30
      1325.00  3.62200e+30
      1335.00  3.56717e+30
      1345.00  3.69400e+30
      1355.00  3.57500e+30
      1365.00  3.31800e+30
      1375.00  3.37100e+30
      1385.00  3.36600e+30
      1395.00  2.84100e+30
      1405.00  2.80400e+30
      1415.00  3.15200e+30
      1425.00  3.12400e+30
      1435.00  3.16700e+30
      1442.00  3.26600e+30
      1447.00  3.29700e+30
      1455.00  3.22400e+30
      1465.00  3.07800e+30
      1475.00  3.07200e+30
      1485.00  3.11300e+30
      1495.00  3.12700e+30
      1505.00  3.04200e+30
      1512.00  2.84500e+30
      1517.00  2.96500e+30
      1525.00  2.89400e+30
      1535.00  2.60100e+30
      1545.00  2.59600e+30
      1555.00  2.53200e+30
      1565.00  2.67100e+30
      1575.00  2.82100e+30
      1585.00  2.91100e+30
      1595.00  2.94400e+30
      1605.00  2.84400e+30
      1615.00  2.81700e+30
      1625.00  2.72900e+30
      1635.00  2.82600e+30
      1645.00  2.82800e+30
      1655.00  2.70300e+30
      1665.00  2.84073e+30
      1672.00  2.60200e+30
      1677.00  2.85000e+30
      1685.00  2.88100e+30
      1695.00  2.74800e+30
      1705.00  2.66100e+30
      1715.00  2.54600e+30
      1725.00  2.50600e+30
      1735.00  2.60900e+30
      1745.00  2.55100e+30
      1755.00  2.62600e+30
      1765.00  2.47700e+30
      1775.00  2.49100e+30
      1785.00  2.50600e+30
      1795.00  2.56000e+30
      1805.00  2.53100e+30
      1815.00  2.38500e+30
      1825.00  2.38900e+30
      1835.00  2.32000e+30
      1845.00  2.17000e+30
      1855.00  2.16400e+30
      1865.00  2.17900e+30
      1875.00  2.25800e+30
      1885.00  2.11000e+30
      1895.00  2.01500e+30
      1905.00  2.21759e+30
      1915.00  1.99104e+30
      1925.00  1.92000e+30
      1935.00  1.96100e+30
      1945.00  1.98200e+30
      1955.00  1.84500e+30
      1967.00  1.92600e+30
      1976.00  1.94300e+30
      1984.00  1.84500e+30
      1995.00  1.77800e+30
      2005.00  1.79300e+30
      2015.00  1.73300e+30
      2025.00  1.76000e+30
      2035.00  1.66400e+30
      2045.00  1.67000e+30
      2055.00  1.52600e+30
      2065.00  1.55200e+30
      2074.00  1.63500e+30
      2078.00  1.56200e+30
      2085.00  1.58400e+30
      2095.00  1.50200e+30
      2105.00  1.50200e+30
      2115.00  1.49500e+30
      2125.00  1.50100e+30
      2135.00  1.43727e+30
      2145.00  1.44437e+30
      2155.00  1.47200e+30
      2165.00  1.43300e+30
      2175.00  1.42300e+30
      2185.00  1.39700e+30
      2195.00  1.43700e+30
      2205.00  1.40500e+30
      2215.00  1.35900e+30
      2225.00  1.32800e+30
      2235.00  1.37100e+30
      2245.00  1.33400e+30
      2255.00  1.31100e+30
      2265.00  1.33400e+30
      2275.00  1.36000e+30
      2285.00  1.37700e+30
      2295.00  1.32400e+30
      2305.00  1.33300e+30
      2315.00  1.30900e+30
      2325.00  1.43095e+30
      2335.00  1.27717e+30
      2345.00  1.25800e+30
      2355.00  1.30500e+30
      2365.00  1.25900e+30
      2375.00  1.27600e+30
      2385.00  1.22400e+30
      2395.00  1.27500e+30
      2405.00  1.24600e+30
      2415.00  1.25900e+30
      2425.00  1.29100e+30
      2435.00  1.25600e+30
      2445.00  1.29800e+30
      2455.00  1.28300e+30
      2465.00  1.28000e+30
      2475.00  1.25600e+30
      2485.00  1.28300e+30
      2495.00  1.18600e+30
      2505.00  1.30200e+30
      2513.00  1.23200e+30
      2518.00  1.26500e+30
      2525.00  1.23000e+30
      2535.00  1.23000e+30
      2545.00  1.21400e+30
      2555.00  1.24900e+30
      2565.00  1.23800e+30
      2575.00  1.27000e+30
      2585.00  1.26400e+30
      2595.00  1.25400e+30
      2605.00  1.22600e+30
      2615.00  1.21700e+30
      2625.00  1.23300e+30
      2635.00  1.23800e+30
      2645.00  1.28200e+30
      2655.00  1.27900e+30
      2665.00  1.22800e+30
      2675.00  1.24700e+30
      2685.00  1.24400e+30
      2695.00  1.21000e+30
      2705.00  1.21800e+30
      2715.00  1.18800e+30
      2725.00  1.18500e+30
      2735.00  1.20800e+30
      2745.00  1.13600e+30
      2755.00  1.13800e+30
      2765.00  1.15300e+30
      2775.00  1.17600e+30
      2785.00  1.15700e+30
      2795.00  1.07732e+30
      2805.00  1.07853e+30
      2815.00  1.16200e+30
      2825.00  1.16400e+30
      2835.00  1.13100e+30
      2845.00  1.11600e+30
      2855.00  1.10400e+30
      2865.00  1.13200e+30
      2875.00  1.11900e+30
      2885.00  1.12000e+30
      2895.00  1.10900e+30
      2910.00  1.13500e+30
      2930.00  1.10800e+30
      2950.00  1.09200e+30
      2970.00  1.08800e+30
      2990.00  1.07900e+30
      3010.00  1.07600e+30
      3030.00  1.06800e+30
      3050.00  1.05800e+30
      3070.00  1.04600e+30
      3090.00  1.03900e+30
      3110.00  1.02800e+30
      3130.00  1.01400e+30
      3150.00  1.00900e+30
      3170.00  9.98800e+29
      3190.00  9.72400e+29
      3210.00  9.77400e+29
      3230.00  9.60100e+29
      3250.00  9.64600e+29
      3270.00  9.64100e+29
      3290.00  9.55700e+29
      3310.00  9.48800e+29
      3330.00  9.37000e+29
      3350.00  9.23600e+29
      3370.00  9.07900e+29
      3390.00  9.03700e+29
      3410.00  9.01400e+29
      3430.00  8.89600e+29
      3450.00  8.84400e+29
      3470.00  8.77500e+29
      3490.00  8.73800e+29
      3510.00  8.73200e+29
      3530.00  8.62100e+29
      3550.00  8.63500e+29
      3570.00  8.40200e+29
      3590.00  8.30500e+29
      3610.00  8.32000e+29
      3630.00  8.28100e+29
      3640.00  8.26900e+29
      3650.00  7.97300e+29
      3670.00  7.82100e+29
      3690.00  7.52323e+29
      3710.00  8.04475e+29
      3730.00  2.97654e+30
      3750.00  9.40187e+29
      3770.00  9.74834e+29
      3790.00  1.05761e+30
      3810.00  1.14915e+30
      3830.00  9.87169e+29
      3850.00  1.19504e+30
      3870.00  1.55332e+30
      3890.00  9.97312e+29
      3910.00  1.27300e+30
      3930.00  1.20400e+30
      3950.00  1.23500e+30
      3970.00  9.76248e+29
      3990.00  1.23000e+30
      4010.00  1.30000e+30
      4030.00  1.28200e+30
      4050.00  1.27900e+30
      4070.00  1.27696e+30
      4090.00  1.09875e+30
      4110.00  9.38458e+29
      4130.00  1.18800e+30
      4150.00  1.21400e+30
      4170.00  1.20800e+30
      4190.00  1.19700e+30
      4210.00  1.18800e+30
      4230.00  1.17000e+30
      4250.00  1.16200e+30
      4270.00  1.13600e+30
      4290.00  1.12100e+30
      4310.00  1.06600e+30
      4330.00  9.72882e+29
      4350.00  8.76013e+29
      4370.00  1.08605e+30
      4390.00  1.07600e+30
      4410.00  1.08400e+30
      4430.00  1.08400e+30
      4450.00  1.08000e+30
      4470.00  1.11331e+30
      4490.00  1.06501e+30
      4510.00  1.08200e+30
      4530.00  1.05000e+30
      4550.00  1.04000e+30
      4570.00  1.05300e+30
      4590.00  1.03000e+30
      4610.00  1.03200e+30
      4630.00  1.01300e+30
      4650.00  1.01000e+30
      4670.00  1.00800e+30
      4690.00  9.94600e+29
      4710.00  9.70800e+29
      4730.00  9.81400e+29
      4750.00  9.80400e+29
      4770.00  9.72800e+29
      4790.00  9.62500e+29
      4810.00  9.47800e+29
      4830.00  9.30500e+29
      4850.00  8.80545e+29
      4870.00  8.63143e+29
      4890.00  8.95100e+29
      4910.00  9.09500e+29
      4930.00  8.96800e+29
      4950.00  9.08200e+29
      4970.00  9.02200e+29
      4990.00  8.92086e+29
      5010.00  4.08553e+30
      5030.00  8.68402e+29
      5050.00  8.56500e+29
      5070.00  8.65200e+29
      5090.00  8.48200e+29
      5110.00  8.45800e+29
      5130.00  8.31600e+29
      5150.00  8.18300e+29
      5170.00  8.03600e+29
      5190.00  8.08103e+29
      5210.00  8.06937e+29
      5230.00  8.05700e+29
      5250.00  8.08500e+29
      5270.00  7.79300e+29
      5290.00  7.99900e+29
      5310.00  8.01400e+29
      5330.00  7.76100e+29
      5350.00  7.88400e+29
      5370.00  7.82500e+29
      5390.00  7.72400e+29
      5410.00  7.62800e+29
      5430.00  7.61300e+29
      5450.00  7.65200e+29
      5470.00  7.54000e+29
      5490.00  7.50200e+29
      5510.00  7.44300e+29
      5530.00  7.45200e+29
      5550.00  7.43800e+29
      5570.00  7.34500e+29
      5590.00  7.26200e+29
      5610.00  7.29000e+29
      5630.00  7.23100e+29
      5650.00  7.20100e+29
      5670.00  7.10100e+29
      5690.00  7.13200e+29
      5710.00  7.01700e+29
      5730.00  7.14801e+29
      5750.00  7.08459e+29
      5770.00  7.01997e+29
      5790.00  6.89700e+29
      5810.00  6.94100e+29
      5830.00  6.96100e+29
      5850.00  6.86006e+29
      5870.00  7.45917e+29
      5890.00  6.66527e+29
      5910.00  6.72500e+29
      5930.00  6.70000e+29
      5950.00  6.65800e+29
      5970.00  6.66700e+29
      5990.00  6.58100e+29
      6010.00  6.52000e+29
      6030.00  6.53500e+29
      6050.00  6.54100e+29
      6070.00  6.50000e+29
      6090.00  6.38800e+29
      6110.00  6.35900e+29
      6130.00  6.21300e+29
      6150.00  6.20500e+29
      6170.00  6.11600e+29
      6190.00  6.19400e+29
      6210.00  6.14800e+29
      6230.00  6.04400e+29
      6250.00  5.92100e+29
      6270.00  6.01501e+29
      6290.00  6.29091e+29
      6310.00  6.38520e+29
      6330.00  5.93843e+29
      6350.00  5.89100e+29
      6370.00  5.86100e+29
      6390.00  5.87500e+29
      6410.00  5.80100e+29
      6430.00  5.79600e+29
      6450.00  5.75900e+29
      6470.00  5.73500e+29
      6490.00  5.64200e+29
      6510.00  5.67600e+29
      6530.00  5.60715e+29
      6550.00  9.35710e+29
      6570.00  1.62369e+30
      6590.00  1.02984e+30
      6610.00  5.53192e+29
      6630.00  5.52000e+29
      6650.00  5.49705e+29
      6670.00  5.57073e+29
      6690.00  5.51051e+29
      6710.00  8.35821e+29
      6730.00  8.91963e+29
      6750.00  5.36472e+29
      6770.00  5.32000e+29
      6790.00  5.27400e+29
      6810.00  5.25900e+29
      6830.00  5.25600e+29
      6850.00  5.18300e+29
      6870.00  5.19400e+29
      6890.00  5.20700e+29
      6910.00  5.17400e+29
      6930.00  5.13500e+29
      6950.00  5.09800e+29
      6970.00  5.10800e+29
      6990.00  5.07900e+29
      7010.00  5.01900e+29
      7030.00  5.03700e+29
      7050.00  5.02000e+29
      7070.00  4.92900e+29
      7090.00  4.87300e+29
      7110.00  4.80473e+29
      7130.00  6.09761e+29
      7150.00  4.92780e+29
      7170.00  4.74401e+29
      7190.00  4.67200e+29
      7210.00  4.70400e+29
      7230.00  4.71900e+29
      7250.00  4.71900e+29
      7270.00  4.70600e+29
      7290.00  4.65000e+29
      7310.00  4.69768e+29
      7330.00  5.00070e+29
      7350.00  4.70068e+29
      7370.00  4.73900e+29
      7390.00  4.67300e+29
      7410.00  4.65000e+29
      7430.00  4.68800e+29
      7450.00  4.67600e+29
      7470.00  4.69300e+29
      7490.00  4.67500e+29
      7510.00  4.68400e+29
      7530.00  4.70800e+29
      7550.00  4.71500e+29
      7570.00  4.69000e+29
      7590.00  4.62100e+29
      7610.00  4.55900e+29
      7630.00  4.49500e+29
      7650.00  4.42900e+29
      7670.00  4.32100e+29
      7690.00  4.35900e+29
      7710.00  4.30000e+29
      7730.00  4.29400e+29
      7750.00  4.26500e+29
      7770.00  4.25800e+29
      7790.00  4.27900e+29
      7810.00  4.27000e+29
      7830.00  4.24100e+29
      7850.00  4.19800e+29
      7870.00  4.20600e+29
      7890.00  4.15600e+29
      7910.00  4.09400e+29
      7930.00  4.09500e+29
      7950.00  4.06200e+29
      7970.00  4.12400e+29
      7990.00  4.10000e+29
      8010.00  4.13800e+29
      8030.00  4.13800e+29
      8050.00  4.12200e+29
      8070.00  4.14200e+29
      8090.00  4.11500e+29
      8110.00  4.12200e+29
      8130.00  4.17500e+29
      8150.00  4.19700e+29
      8170.00  4.20900e+29
      8190.00  4.15100e+29
      8210.00  4.02400e+29
      8230.00  4.01300e+29
      8250.00  4.00300e+29
      8270.00  4.00800e+29
      8290.00  3.97100e+29
      8310.00  3.89400e+29
      8330.00  3.86500e+29
      8350.00  3.85600e+29
      8370.00  3.84700e+29
      8390.00  3.77800e+29
      8410.00  3.82100e+29
      8430.00  3.73900e+29
      8450.00  3.68200e+29
      8470.00  3.63700e+29
      8490.00  3.71000e+29
      8510.00  3.52200e+29
      8530.00  3.71700e+29
      8550.00  3.35400e+29
      8570.00  3.80700e+29
      8590.00  3.65400e+29
      8610.00  3.64500e+29
      8630.00  3.85300e+29
      8650.00  3.77500e+29
      8670.00  3.33600e+29
      8690.00  3.77400e+29
      8710.00  3.88800e+29
      8730.00  3.84130e+29
      8750.00  3.60881e+29
      8770.00  3.79859e+29
      8790.00  3.92500e+29
      8810.00  3.89800e+29
      8830.00  3.87609e+29
      8850.00  3.73548e+29
      8870.00  3.48616e+29
      8890.00  3.69878e+29
      8910.00  3.77200e+29
      8930.00  3.74400e+29
      8950.00  3.74400e+29
      8970.00  3.73000e+29
      8990.00  3.67351e+29
      9010.00  3.46926e+29
      9030.00  3.57865e+29
      9050.00  5.62758e+29
      9070.00  2.04166e+30
      9090.00  4.89870e+29
      9110.00  3.79261e+29
      9130.00  3.81500e+29
      9150.00  3.79400e+29
      9170.00  3.77500e+29
      9190.00  3.76502e+29
      9210.00  3.62160e+29
      9230.00  3.44772e+29
      9250.00  3.50562e+29
      9270.00  3.58501e+29
      9290.00  3.58700e+29
      9310.00  3.59400e+29
      9330.00  3.59800e+29
      9350.00  3.58300e+29
      9370.00  3.54000e+29
      9390.00  3.56900e+29
      9410.00  3.51800e+29
      9430.00  3.57200e+29
      9450.00  3.53900e+29
      9470.00  3.57000e+29
      9490.00  3.55500e+29
      9510.00  3.48118e+29
      9530.00  3.46331e+29
      9550.00  3.38289e+29
      9570.00  3.41622e+29
      9590.00  3.49401e+29
      9610.00  3.47600e+29
      9630.00  3.47900e+29
      9650.00  3.45400e+29
      9670.00  3.44300e+29
      9690.00  3.46300e+29
      9710.00  3.42100e+29
      9730.00  3.39000e+29
      9750.00  3.37300e+29
      9770.00  3.37700e+29
      9790.00  3.34800e+29
      9810.00  3.38000e+29
      9830.00  3.35600e+29
      9850.00  3.35500e+29
      9870.00  3.33400e+29
      9890.00  3.32200e+29
      9910.00  3.31400e+29
      9930.00  3.31700e+29
      9950.00  3.31500e+29
      9970.00  3.30700e+29
      9990.00  3.28900e+29
      10025.0  3.22074e+29
      10075.0  3.14644e+29
      10125.0  3.24000e+29
      10175.0  3.21300e+29
      10225.0  3.20900e+29
      10275.0  3.20100e+29
      10325.0  3.97551e+29
      10375.0  3.13107e+29
      10425.0  3.12300e+29
      10475.0  3.07500e+29
      10525.0  3.04100e+29
      10575.0  2.99000e+29
      10625.0  2.95500e+29
      10675.0  2.95578e+29
      10725.0  2.92474e+29
      10775.0  2.89500e+29
      10825.0  3.95931e+29
      10875.0  2.82422e+29
      10925.0  2.94729e+29
      10975.0  2.73966e+29
      11025.0  2.75500e+29
      11075.0  2.72000e+29
      11125.0  2.70400e+29
      11175.0  2.67900e+29
      11225.0  2.67000e+29
      11275.0  2.63500e+29
      11325.0  2.62000e+29
      11375.0  2.60400e+29
      11425.0  2.57600e+29
      11475.0  2.58200e+29
      11525.0  2.56600e+29
      11575.0  2.53600e+29
      11625.0  2.50100e+29
      11675.0  2.48800e+29
      11725.0  2.48700e+29
      11775.0  2.44000e+29
      11825.0  2.41800e+29
      11875.0  2.38000e+29
      11925.0  2.39700e+29
      11975.0  2.34100e+29
      12025.0  2.36000e+29
      12075.0  2.33700e+29
      12125.0  2.32900e+29
      12175.0  2.32200e+29
      12225.0  2.30300e+29
      12275.0  2.28400e+29
      12325.0  2.26600e+29
      12375.0  2.25200e+29
      12425.0  2.22900e+29
      12475.0  2.21500e+29
      12525.0  2.19400e+29
      12575.0  2.17900e+29
      12625.0  2.16400e+29
      12675.0  2.14600e+29
      12725.0  2.13700e+29
      12775.0  2.17894e+29
      12825.0  2.75577e+29
      12875.0  2.08404e+29
      12925.0  2.07100e+29
      12975.0  2.07600e+29
      13025.0  2.05400e+29
      13075.0  2.04800e+29
      13125.0  2.01400e+29
      13175.0  1.99700e+29
      13225.0  1.98600e+29
      13275.0  1.95300e+29
      13325.0  1.94800e+29
      13375.0  1.92400e+29
      13425.0  1.91700e+29
      13475.0  1.89700e+29
      13525.0  1.87900e+29
      13575.0  1.84900e+29
      13625.0  1.83800e+29
      13675.0  1.84000e+29
      13725.0  1.83900e+29
      13775.0  1.83400e+29
      13825.0  1.83000e+29
      13875.0  1.81200e+29
      13925.0  1.73800e+29
      13975.0  1.72500e+29
      14025.0  1.70700e+29
      14075.0  1.71300e+29
      14125.0  1.69600e+29
      14175.0  1.70200e+29
      14225.0  1.68300e+29
      14275.0  1.66700e+29
      14325.0  1.68400e+29
      14375.0  1.68600e+29
      14425.0  1.65200e+29
      14475.0  1.67600e+29
      14525.0  1.65900e+29
      14570.0  1.66600e+29
      14620.0  1.62600e+29
      14675.0  1.61900e+29
      14725.0  1.60500e+29
      14775.0  1.61200e+29
      14825.0  1.61300e+29
      14875.0  1.60400e+29
      14925.0  1.62600e+29
      14975.0  1.61400e+29
      15025.0  1.60800e+29
      15075.0  1.60000e+29
      15125.0  1.61800e+29
      15175.0  1.62100e+29
      15225.0  1.62200e+29
      15275.0  1.62400e+29
      15325.0  1.61900e+29
      15375.0  1.61800e+29
      15425.0  1.59900e+29
      15475.0  1.60900e+29
      15525.0  1.60000e+29
      15575.0  1.54400e+29
      15625.0  1.56500e+29
      15675.0  1.56000e+29
      15725.0  1.57700e+29
      15775.0  1.51600e+29
      15825.0  1.50800e+29
      15875.0  1.48900e+29
      15925.0  1.54900e+29
      15975.0  1.51800e+29
      16050.0  1.52400e+29
      16150.0  1.53300e+29
      16250.0  1.50700e+29
      16350.0  1.53600e+29
      16450.0  1.58887e+29
      16550.0  1.51500e+29
      16650.0  1.48300e+29
      16750.0  1.47200e+29
      16850.0  1.43800e+29
      16950.0  1.45200e+29
      17050.0  1.42700e+29
      17150.0  1.40500e+29
      17250.0  1.37400e+29
      17350.0  1.31800e+29
      17450.0  1.31000e+29
      17550.0  1.28400e+29
      17650.0  1.25200e+29
      17750.0  1.21600e+29
      17850.0  1.18800e+29
      17950.0  1.15400e+29
      18050.0  1.12100e+29
      18150.0  1.08600e+29
      18250.0  1.08000e+29
      18350.0  1.06800e+29
      18450.0  1.04700e+29
      18550.0  1.03100e+29
      18650.0  1.00400e+29
      18750.0  2.06323e+29
      18850.0  9.78301e+28
      18950.0  9.51200e+28
      19050.0  9.56700e+28
      19150.0  9.41100e+28
      19250.0  9.29800e+28
      19350.0  9.09300e+28
      19450.0  9.45461e+28
      19550.0  8.83000e+28
      19650.0  8.67400e+28
      19750.0  8.48800e+28
      19850.0  8.38400e+28
      19950.0  8.28800e+28
      20050.0  8.23600e+28
      20150.0  8.14400e+28
      20250.0  7.99400e+28
      20350.0  7.92300e+28
      20450.0  7.92300e+28
      20550.0  7.96520e+28
      20650.0  7.75046e+28
      20750.0  7.69300e+28
      20850.0  7.61800e+28
      20950.0  7.52600e+28
      21050.0  7.50400e+28
      21150.0  7.40437e+28
      21250.0  7.61038e+28
      21350.0  7.28600e+28
      21450.0  7.20600e+28
      21550.0  7.11301e+28
      21650.0  7.83563e+28
      21750.0  6.90608e+28
      21850.0  6.84400e+28
      21950.0  6.77500e+28
      22050.0  6.64200e+28
      22150.0  6.60800e+28
      22250.0  6.47600e+28
      22350.0  6.40000e+28
      22450.0  6.32200e+28
      22550.0  6.24200e+28
      22650.0  6.13400e+28
      22750.0  6.08800e+28
      22850.0  5.96000e+28
      22950.0  5.18400e+28
      23050.0  5.44300e+28
      23150.0  5.39900e+28
      23250.0  4.76500e+28
      23350.0  5.03800e+28
      23450.0  4.82900e+28
      23550.0  4.40600e+28
      23650.0  4.67400e+28
      23750.0  4.48600e+28
      23850.0  4.16400e+28
      23950.0  4.34400e+28
      24050.0  4.23400e+28
      24150.0  3.93400e+28
      24250.0  4.03000e+28
      24350.0  3.91100e+28
      24450.0  3.71100e+28
      24550.0  3.64200e+28
      24650.0  3.63300e+28
      24750.0  3.49100e+28
      24850.0  3.24600e+28
      24950.0  3.19800e+28
      25050.0  3.23800e+28
      25150.0  3.03900e+28
      25250.0  3.07900e+28
      25350.0  3.06900e+28
      25450.0  3.01200e+28
      25550.0  2.97500e+28
      25650.0  2.96200e+28
      25750.0  2.99200e+28
      25850.0  2.89700e+28
      25950.0  2.91100e+28
      26050.0  2.91300e+28
      26150.0  2.84170e+28
      26250.0  4.11445e+28
      26350.0  2.82226e+28
      26450.0  2.80200e+28
      26550.0  2.76000e+28
      26650.0  2.70800e+28
      26750.0  2.72000e+28
      26850.0  2.70800e+28
      26950.0  2.64800e+28
      27050.0  2.65400e+28
      27150.0  2.62600e+28
      27250.0  2.61600e+28
      27350.0  2.55600e+28
      27450.0  2.55300e+28
      27550.0  2.52000e+28
      27650.0  2.49600e+28
      27750.0  2.46100e+28
      27850.0  2.45900e+28
      27950.0  2.44700e+28
      28050.0  2.41900e+28
      28150.0  2.38400e+28
      28250.0  2.37200e+28
      28350.0  2.35900e+28
      28450.0  2.33400e+28
      28550.0  2.30900e+28
      28650.0  2.28500e+28
      28750.0  2.24800e+28
      28850.0  2.24700e+28
      28950.0  2.23000e+28
      29050.0  2.21000e+28
      29150.0  2.19300e+28
      29250.0  2.16100e+28
      29350.0  2.15800e+28
      29450.0  2.12900e+28
      29550.0  2.11200e+28
      29650.0  2.10000e+28
      29750.0  2.08000e+28
      29850.0  2.05800e+28
      29950.0  2.04100e+28
      30050.0  2.02300e+28
      30150.0  2.01300e+28
      30250.0  1.99300e+28
      30350.0  1.95900e+28
      30450.0  1.96200e+28
      30550.0  1.95100e+28
      30650.0  1.93900e+28
      30750.0  1.92900e+28
      30850.0  1.91200e+28
      30950.0  1.90200e+28
      31050.0  1.89400e+28
      31150.0  1.87000e+28
      31250.0  1.86400e+28
      31350.0  1.85000e+28
      31450.0  1.83600e+28
      31550.0  1.82100e+28
      31650.0  1.80600e+28
      31750.0  1.79500e+28
      31850.0  1.78200e+28
      31950.0  1.77200e+28
      32100.0  1.75100e+28
      32300.0  1.72600e+28
      32500.0  1.70200e+28
      32700.0  1.67400e+28
      32900.0  1.63200e+28
      33100.0  1.61500e+28
      33300.0  1.59100e+28
      33500.0  1.56900e+28
      33700.0  1.54100e+28
      33900.0  1.51400e+28
      34100.0  1.48700e+28
      34300.0  1.46500e+28
      34500.0  1.43900e+28
      34700.0  1.41400e+28
      34900.0  1.39000e+28
      35100.0  1.36600e+28
      35300.0  1.33900e+28
      35500.0  1.31700e+28
      35700.0  1.29300e+28
      35900.0  1.27000e+28
      36100.0  1.25000e+28
      36300.0  1.22700e+28
      36500.0  1.20200e+28
      36700.0  1.18100e+28
      36900.0  1.15600e+28
      37100.0  1.13500e+28
      37300.0  1.11500e+28
      37500.0  1.08800e+28
      37700.0  1.07700e+28
      37900.0  1.05600e+28
      38100.0  1.03800e+28
      38300.0  1.02000e+28
      38500.0  1.00300e+28
      38700.0  9.81900e+27
      38900.0  9.64400e+27
      39100.0  9.45900e+27
      39300.0  9.31300e+27
      39500.0  9.11600e+27
      39700.0  8.96200e+27
      39900.0  8.76700e+27
      40100.0  8.62500e+27
      40300.0  8.48102e+27
      40500.0  2.42070e+28
      40700.0  8.18635e+27
      40900.0  8.04900e+27
      41100.0  7.91800e+27
      41300.0  7.78600e+27
      41500.0  7.64100e+27
      41700.0  7.48600e+27
      41900.0  7.38500e+27
      42100.0  7.25000e+27
      42300.0  7.15300e+27
      42500.0  7.01900e+27
      42700.0  6.91500e+27
      42900.0  6.61100e+27
      43100.0  6.33100e+27
      43300.0  6.32200e+27
      43500.0  6.05600e+27
      43700.0  5.90100e+27
      43900.0  5.79700e+27
      44100.0  5.56600e+27
      44300.0  5.51000e+27
      44500.0  5.40300e+27
      44700.0  5.20900e+27
      44900.0  5.20800e+27
      45100.0  5.08400e+27
      45300.0  4.94700e+27
      45500.0  4.93000e+27
      45700.0  4.86200e+27
      45900.0  4.71000e+27
      46100.0  4.71600e+27
      46300.0  4.62000e+27
      46500.0  4.54200e+27
      46700.0  4.50800e+27
      46900.0  4.44400e+27
      47100.0  4.36500e+27
      47300.0  4.35700e+27
      47500.0  4.27200e+27
      47700.0  4.21600e+27
      47900.0  4.16300e+27
      48100.0  4.07800e+27
      48300.0  4.07500e+27
      48500.0  4.00200e+27
      48700.0  3.93100e+27
      48900.0  3.88400e+27
      49100.0  3.82900e+27
      49300.0  3.77700e+27
      49500.0  3.71600e+27
      49700.0  3.69000e+27
      49900.0  3.62900e+27
      50100.0  3.59100e+27
      50300.0  3.54400e+27
      50500.0  3.47500e+27
      50700.0  3.44300e+27
      50900.0  3.39900e+27
      51100.0  3.34300e+27
      51300.0  3.29800e+27
      51500.0  3.25900e+27
      51700.0  3.24300e+27
      51900.0  3.18900e+27
      52100.0  3.14900e+27
      52300.0  3.10300e+27
      52500.0  3.07500e+27
      52700.0  3.05800e+27
      52900.0  2.99100e+27
      53100.0  2.95000e+27
      53300.0  2.92500e+27
      53500.0  2.88800e+27
      53700.0  2.85400e+27
      53900.0  2.82200e+27
      54100.0  2.78900e+27
      54300.0  2.74300e+27
      54500.0  2.72700e+27
      54700.0  2.68200e+27
      54900.0  2.65700e+27
      55100.0  2.61800e+27
      55300.0  2.61800e+27
      55500.0  2.55800e+27
      55700.0  2.54700e+27
      55900.0  2.50600e+27
      56100.0  2.48900e+27
      56300.0  2.44500e+27
      56500.0  2.43000e+27
      56700.0  2.40000e+27
      56900.0  2.35900e+27
      57100.0  2.34700e+27
      57300.0  2.31900e+27
      57500.0  2.29200e+27
      57700.0  2.26300e+27
      57900.0  2.24500e+27
      58100.0  2.21400e+27
      58300.0  2.19000e+27
      58500.0  2.16000e+27
      58700.0  2.12800e+27
      58900.0  2.10500e+27
      59100.0  2.07500e+27
      59300.0  2.06200e+27
      59500.0  2.03500e+27
      59700.0  2.01800e+27
      59900.0  1.99500e+27
      60100.0  1.97300e+27
      60300.0  1.95000e+27
      60500.0  1.92300e+27
      60700.0  1.90300e+27
      60900.0  1.88100e+27
      61100.0  1.85800e+27
      61300.0  1.84000e+27
      61500.0  1.82200e+27
      61700.0  1.80500e+27
      61900.0  1.78300e+27
      62100.0  1.76600e+27
      62300.0  1.74300e+27
      62500.0  1.72100e+27
      62700.0  1.70200e+27
      62900.0  1.68400e+27
      63100.0  1.66500e+27
      63300.0  1.65100e+27
      63500.0  1.63100e+27
      63700.0  1.61700e+27
      63900.0  1.59500e+27
      64200.0  1.57100e+27
      64600.0  1.53600e+27
      65000.0  1.50400e+27
      65400.0  1.47100e+27
      65800.0  1.44100e+27
      66200.0  1.41000e+27
      66600.0  1.38100e+27
      67000.0  1.35200e+27
      67400.0  1.32300e+27
      67800.0  1.29600e+27
      68200.0  1.26900e+27
      68600.0  1.24300e+27
      69000.0  1.21700e+27
      69400.0  1.19300e+27
      69800.0  1.16800e+27
      70200.0  1.14400e+27
      70600.0  1.12200e+27
      71000.0  1.09900e+27
      71400.0  1.07700e+27
      71800.0  1.05500e+27
      72200.0  1.03500e+27
      72600.0  1.01400e+27
      73000.0  9.94000e+26
      73400.0  9.74300e+26
      73800.0  9.55500e+26
      74200.0  9.33600e+26
      74600.0  9.13400e+26
      75000.0  8.95900e+26
      75400.0  8.79700e+26
      75800.0  8.62800e+26
      76200.0  8.45700e+26
      76600.0  8.29000e+26
      77000.0  8.12700e+26
      77400.0  7.96900e+26
      77800.0  7.81500e+26
      78200.0  7.66400e+26
      78600.0  7.51800e+26
      79000.0  7.37500e+26
      79400.0  7.23500e+26
      79800.0  7.09200e+26
      80200.0  6.95000e+26
      80600.0  6.81300e+26
      81000.0  6.68200e+26
      81400.0  6.55100e+26
      81800.0  6.42500e+26
      82200.0  6.30100e+26
      82600.0  6.18000e+26
      83000.0  6.06200e+26
      83400.0  5.94500e+26
      83800.0  5.83300e+26
      84200.0  5.72400e+26
      84600.0  5.61600e+26
      85000.0  5.51000e+26
      85400.0  5.40800e+26
      85800.0  5.30700e+26
      86200.0  5.21000e+26
      86600.0  5.11400e+26
      87000.0  5.02000e+26
      87400.0  4.92900e+26
      87800.0  4.84000e+26
      88200.0  4.75200e+26
      88600.0  4.66700e+26
      89000.0  4.58400e+26
      89400.0  4.50300e+26
      89800.0  4.42200e+26
      90200.0  4.34500e+26
      90600.0  4.27000e+26
      91000.0  4.19300e+26
      91400.0  4.11100e+26
      91800.0  4.04000e+26
      92200.0  3.97100e+26
      92600.0  3.90300e+26
      93000.0  3.83700e+26
      93400.0  3.77200e+26
      93800.0  3.70900e+26
      94200.0  3.64700e+26
      94600.0  3.59000e+26
      95000.0  3.53900e+26
      95400.0  3.48900e+26
      95800.0  3.44000e+26
      96200.0  3.39100e+26
      96600.0  3.34400e+26
      97000.0  3.29800e+26
      97400.0  3.25100e+26
      97800.0  3.20700e+26
      98200.0  3.16300e+26
      98600.0  3.12000e+26
      99000.0  3.07800e+26
      99400.0  3.03600e+26
      99800.0  2.99500e+26
      100200.  2.95500e+26
      200000.  3.05800e+25
      400000.  4.80500e+24
      600000.  1.97300e+24
      800000.  1.10500e+24
  1.00000e+06  7.15300e+23
  1.20000e+06  5.10000e+23
  1.40000e+06  3.82500e+23
  1.60000e+06  2.97800e+23
