      91.0000       0.0000000
      94.0000       0.0000000
      96.0000       0.0000000
      98.0000       0.0000000
      100.000       0.0000000
      102.000       0.0000000
      104.000       0.0000000
      106.000       0.0000000
      108.000       0.0000000
      110.000       0.0000000
      114.000       0.0000000
      118.000       0.0000000
      121.000       0.0000000
      125.000       0.0000000
      127.000       0.0000000
      128.000       0.0000000
      131.000       0.0000000
      132.000       0.0000000
      134.000       0.0000000
      137.000       0.0000000
      140.000       0.0000000
      143.000       0.0000000
      147.000       0.0000000
      151.000       0.0000000
      155.000       0.0000000
      159.000       0.0000000
      162.000       0.0000000
      166.000       0.0000000
      170.000       0.0000000
      173.000       0.0000000
      177.000       0.0000000
      180.000       0.0000000
      182.000       0.0000000
      186.000       0.0000000
      191.000       0.0000000
      194.000       0.0000000
      198.000       0.0000000
      202.000       0.0000000
      205.000       0.0000000
      210.000       0.0000000
      216.000       0.0000000
      220.000       0.0000000
      223.000       0.0000000
      227.000       0.0000000
      230.000       0.0000000
      234.000       0.0000000
      240.000       0.0000000
      246.000       0.0000000
      252.000       0.0000000
      257.000       0.0000000
      260.000       0.0000000
      264.000       0.0000000
      269.000       0.0000000
      274.000       0.0000000
      279.000       0.0000000
      284.000       0.0000000
      290.000       0.0000000
      296.000       0.0000000
      301.000       0.0000000
      308.000       0.0000000
      318.000       0.0000000
      328.000       0.0000000
      338.000       0.0000000
      348.000       0.0000000
      357.000       0.0000000
      366.000       0.0000000
      375.000       0.0000000
      385.000       0.0000000
      395.000       0.0000000
      405.000       0.0000000
      414.000       0.0000000
      422.000       0.0000000
      430.000       0.0000000
      441.000       0.0000000
      451.000       0.0000000
      460.000       0.0000000
      470.000       0.0000000
      480.000       0.0000000
      490.000       0.0000000
      500.000       0.0000000
      506.000       0.0000000
      512.000       0.0000000
      520.000       0.0000000
      530.000       0.0000000
      540.000       0.0000000
      550.000       0.0000000
      560.000       0.0000000
      570.000       0.0000000
      580.000       0.0000000
      590.000       0.0000000
      600.000       0.0000000
      610.000       0.0000000
      620.000       0.0000000
      630.000       0.0000000
      640.000       0.0000000
      650.000       0.0000000
      658.000       0.0000000
      665.000       0.0000000
      675.000       0.0000000
      685.000       0.0000000
      695.000       0.0000000
      705.000       0.0000000
      716.000       0.0000000
      726.000       0.0000000
      735.000       0.0000000
      745.000       0.0000000
      755.000       0.0000000
      765.000       0.0000000
      775.000       0.0000000
      785.000       0.0000000
      795.000       0.0000000
      805.000       0.0000000
      815.000       0.0000000
      825.000       0.0000000
      835.000       0.0000000
      845.000       0.0000000
      855.000       0.0000000
      865.000       0.0000000
      875.000       0.0000000
      885.000       0.0000000
      895.000       0.0000000
      905.000       0.0000000
      915.000   3.6797586e+25
      925.000   9.3686535e+25
      935.000   1.5629607e+26
      945.000   2.1227534e+26
      955.000   2.5685774e+26
      965.000   2.7520679e+26
      975.000   9.6911958e+25
      985.000   2.0805915e+26
      995.000   2.2502351e+26
      1005.00   3.2070085e+26
      1015.00   3.5746075e+26
      1025.00   2.7597514e+26
      1035.00   3.3747920e+26
      1045.00   5.1240114e+26
      1055.00   5.1223518e+26
      1065.00   4.2824707e+26
      1075.00   5.0657565e+26
      1085.00   4.5587502e+26
      1095.00   5.8611670e+26
      1105.00   5.8376434e+26
      1115.00   5.9013562e+26
      1125.00   5.2198468e+26
      1135.00   6.9915834e+26
      1145.00   6.9403467e+26
      1155.00   7.3863942e+26
      1165.00   7.5634675e+26
      1175.00   4.7970497e+26
      1185.00   7.9374529e+26
      1195.00   6.8801779e+26
      1205.00   5.8426986e+26
      1215.00   9.2158496e+27
      1225.00   8.0027551e+26
      1235.00   1.0415339e+27
      1245.00   1.1165279e+27
      1255.00   1.1068184e+27
      1265.00   1.0888007e+27
      1275.00   1.3146418e+27
      1285.00   1.3996172e+27
      1295.00   1.1673347e+27
      1305.00   1.2076603e+27
      1315.00   1.4986766e+27
      1325.00   1.4619155e+27
      1335.00   1.4410625e+27
      1345.00   1.5866845e+27
      1355.00   1.5730840e+27
      1365.00   1.4565028e+27
      1375.00   1.5055139e+27
      1385.00   1.5107966e+27
      1395.00   1.1408585e+27
      1405.00   1.1659799e+27
      1415.00   1.4817327e+27
      1425.00   1.5032712e+27
      1435.00   1.5829384e+27
      1442.00   1.6484044e+27
      1447.00   1.6794532e+27
      1455.00   1.6313401e+27
      1465.00   1.5343065e+27
      1475.00   1.5931564e+27
      1485.00   1.6501795e+27
      1495.00   1.6736838e+27
      1505.00   1.5936608e+27
      1512.00   1.4473460e+27
      1517.00   1.5448343e+27
      1525.00   1.5197631e+27
      1535.00   1.2921142e+27
      1545.00   1.2626778e+27
      1555.00   1.2599203e+27
      1565.00   1.4073274e+27
      1575.00   1.5458846e+27
      1585.00   1.6482048e+27
      1595.00   1.6850216e+27
      1605.00   1.6767517e+27
      1615.00   1.6847682e+27
      1625.00   1.6458224e+27
      1635.00   1.7803062e+27
      1645.00   1.8442532e+27
      1655.00   1.7487501e+27
      1665.00   1.9125217e+27
      1672.00   1.6867357e+27
      1677.00   2.0822867e+27
      1685.00   2.1382478e+27
      1695.00   2.0158292e+27
      1705.00   2.0026262e+27
      1715.00   1.9472801e+27
      1725.00   1.9555648e+27
      1735.00   2.1350777e+27
      1745.00   2.1196944e+27
      1755.00   2.2752046e+27
      1765.00   2.1018339e+27
      1775.00   2.1580326e+27
      1785.00   2.2490937e+27
      1795.00   2.4436933e+27
      1805.00   2.4708840e+27
      1815.00   2.3362585e+27
      1825.00   2.3680867e+27
      1835.00   2.3282307e+27
      1845.00   2.1172835e+27
      1855.00   2.2121550e+27
      1865.00   2.3512973e+27
      1875.00   2.4889357e+27
      1885.00   2.3503169e+27
      1895.00   2.3423346e+27
      1905.00   2.6132499e+27
      1915.00   2.4364119e+27
      1925.00   2.3855671e+27
      1935.00   2.3703352e+27
      1945.00   2.6663866e+27
      1955.00   2.5370075e+27
      1967.00   2.8473887e+27
      1976.00   2.9079220e+27
      1984.00   2.8066170e+27
      1995.00   2.7678967e+27
      2005.00   2.8207469e+27
      2015.00   2.8036807e+27
      2025.00   2.8328906e+27
      2035.00   2.8466506e+27
      2045.00   3.0290070e+27
      2055.00   2.8438233e+27
      2065.00   2.8829968e+27
      2074.00   3.2707954e+27
      2078.00   3.2087891e+27
      2085.00   3.3079822e+27
      2095.00   3.1566161e+27
      2105.00   3.1399162e+27
      2115.00   3.2601764e+27
      2125.00   3.2974298e+27
      2135.00   3.0506978e+27
      2145.00   3.2679681e+27
      2155.00   3.3686183e+27
      2165.00   3.2463291e+27
      2175.00   3.2682721e+27
      2185.00   3.3456008e+27
      2195.00   3.5816142e+27
      2205.00   3.4983593e+27
      2215.00   3.2857776e+27
      2225.00   3.2914377e+27
      2235.00   3.6495047e+27
      2245.00   3.4918288e+27
      2255.00   3.2959549e+27
      2265.00   3.3488022e+27
      2275.00   3.5172787e+27
      2285.00   3.7138564e+27
      2295.00   3.4382092e+27
      2305.00   3.6355663e+27
      2315.00   3.5267467e+27
      2325.00   3.3776137e+27
      2335.00   3.2294865e+27
      2345.00   2.9683611e+27
      2355.00   3.5551871e+27
      2365.00   3.0705378e+27
      2375.00   3.3513234e+27
      2385.00   2.8485596e+27
      2395.00   3.1534489e+27
      2405.00   3.1024321e+27
      2415.00   3.2166573e+27
      2425.00   3.7308721e+27
      2435.00   3.6398455e+27
      2445.00   3.9387805e+27
      2455.00   3.9469191e+27
      2465.00   3.9582293e+27
      2475.00   3.7384864e+27
      2485.00   3.6402910e+27
      2495.00   3.3644888e+27
      2505.00   4.1846397e+27
      2513.00   3.4692354e+27
      2518.00   3.3313897e+27
      2525.00   3.2697386e+27
      2535.00   3.4820913e+27
      2545.00   3.5314716e+27
      2555.00   4.0554033e+27
      2565.00   3.8935756e+27
      2575.00   4.2883049e+27
      2585.00   4.2560016e+27
      2595.00   4.1762958e+27
      2605.00   4.0031851e+27
      2615.00   3.8405982e+27
      2625.00   4.3902758e+27
      2635.00   4.8099900e+27
      2645.00   5.5934280e+27
      2655.00   6.0441677e+27
      2665.00   5.2116252e+27
      2675.00   5.6160801e+27
      2685.00   5.8283126e+27
      2695.00   5.2485974e+27
      2705.00   5.6161316e+27
      2715.00   5.0898049e+27
      2725.00   5.0776993e+27
      2735.00   5.5414752e+27
      2745.00   4.4081184e+27
      2755.00   4.8311366e+27
      2765.00   5.3108198e+27
      2775.00   5.7012326e+27
      2785.00   4.9926440e+27
      2795.00   3.2529579e+27
      2805.00   3.6160337e+27
      2815.00   5.8649964e+27
      2825.00   6.5362062e+27
      2835.00   6.3587046e+27
      2845.00   5.9775107e+27
      2855.00   5.2673407e+27
      2865.00   6.6061947e+27
      2875.00   6.9395626e+27
      2885.00   6.8798553e+27
      2895.00   6.9928046e+27
      2910.00   8.1257487e+27
      2930.00   7.8338687e+27
      2950.00   7.7641009e+27
      2970.00   8.0805265e+27
      2990.00   8.3014315e+27
      3010.00   8.5382764e+27
      3030.00   8.7679819e+27
      3050.00   9.0743888e+27
      3070.00   9.3539159e+27
      3090.00   9.5239990e+27
      3110.00   9.8354398e+27
      3130.00   9.7642226e+27
      3150.00   9.9649811e+27
      3170.00   1.0364658e+28
      3190.00   9.8150019e+27
      3210.00   1.0499140e+28
      3230.00   9.9301437e+27
      3250.00   1.1327837e+28
      3270.00   1.2280695e+28
      3290.00   1.2376277e+28
      3310.00   1.2455858e+28
      3330.00   1.2586422e+28
      3350.00   1.2537377e+28
      3370.00   1.1614387e+28
      3390.00   1.2300469e+28
      3410.00   1.2623950e+28
      3430.00   1.3188228e+28
      3450.00   1.3526684e+28
      3470.00   1.3833440e+28
      3490.00   1.4530282e+28
      3510.00   1.5191588e+28
      3530.00   1.4756593e+28
      3550.00   1.6063490e+28
      3570.00   1.4212101e+28
      3590.00   1.4235499e+28
      3610.00   1.5578265e+28
      3630.00   1.6057197e+28
      3640.00   1.6370588e+28
      3650.00   1.7374200e+28
      3670.00   1.7479003e+28
      3690.00   1.6734191e+28
      3710.00   1.8475210e+28
      3730.00   2.4939540e+28
      3750.00   1.9264729e+28
      3770.00   2.1473366e+28
      3790.00   2.3398370e+28
      3810.00   2.5024291e+28
      3830.00   1.9770489e+28
      3850.00   2.5216785e+28
      3870.00   2.7617997e+28
      3890.00   2.3250907e+28
      3910.00   2.9734989e+28
      3930.00   2.1438568e+28
      3950.00   2.8694183e+28
      3970.00   2.0714705e+28
      3990.00   3.3840396e+28
      4010.00   3.6876454e+28
      4030.00   3.7252579e+28
      4050.00   3.7138839e+28
      4070.00   3.6562700e+28
      4090.00   3.7085224e+28
      4110.00   3.3603478e+28
      4130.00   3.8920903e+28
      4150.00   3.9872471e+28
      4170.00   4.0601066e+28
      4190.00   4.0398323e+28
      4210.00   4.1079564e+28
      4230.00   4.0587829e+28
      4250.00   4.1629475e+28
      4270.00   4.0780843e+28
      4290.00   3.9982239e+28
      4310.00   3.6743623e+28
      4330.00   4.0815887e+28
      4350.00   3.8484391e+28
      4370.00   4.5970069e+28
      4390.00   4.4730977e+28
      4410.00   4.6469248e+28
      4430.00   4.8710458e+28
      4450.00   4.9263955e+28
      4470.00   5.1332669e+28
      4490.00   5.2169574e+28
      4510.00   5.5985850e+28
      4530.00   5.2781375e+28
      4550.00   5.4145034e+28
      4570.00   5.7156148e+28
      4590.00   5.5693410e+28
      4610.00   5.7338309e+28
      4630.00   5.6989527e+28
      4650.00   5.7960659e+28
      4670.00   5.9582794e+28
      4690.00   5.9331224e+28
      4710.00   5.8393821e+28
      4730.00   6.0568071e+28
      4750.00   6.2001767e+28
      4770.00   6.2035107e+28
      4790.00   6.2353579e+28
      4810.00   6.2492542e+28
      4830.00   6.3149487e+28
      4850.00   5.9209162e+28
      4870.00   5.4094800e+28
      4890.00   6.2913088e+28
      4910.00   6.4136708e+28
      4930.00   6.3831553e+28
      4950.00   6.6110692e+28
      4970.00   6.6531028e+28
      4990.00   6.4110827e+28
      5010.00   8.4243463e+28
      5030.00   6.5447275e+28
      5050.00   6.5559179e+28
      5070.00   6.7866810e+28
      5090.00   6.6335427e+28
      5110.00   6.7681813e+28
      5130.00   6.6695604e+28
      5150.00   6.5530881e+28
      5170.00   6.3624267e+28
      5190.00   6.5174573e+28
      5210.00   6.7546712e+28
      5230.00   6.9976416e+28
      5250.00   7.2174271e+28
      5270.00   6.7668016e+28
      5290.00   7.3424476e+28
      5310.00   7.5963024e+28
      5330.00   7.1357965e+28
      5350.00   7.5610928e+28
      5370.00   7.5638115e+28
      5390.00   7.5259488e+28
      5410.00   7.4732291e+28
      5430.00   7.5914854e+28
      5450.00   7.7701295e+28
      5470.00   7.7192812e+28
      5490.00   7.7809718e+28
      5510.00   7.7972684e+28
      5530.00   7.9749877e+28
      5550.00   8.0891484e+28
      5570.00   7.9982079e+28
      5590.00   7.9506966e+28
      5610.00   8.1307103e+28
      5630.00   8.1826818e+28
      5650.00   8.2787714e+28
      5670.00   8.1841327e+28
      5690.00   8.3887370e+28
      5710.00   8.2439122e+28
      5730.00   8.6973845e+28
      5750.00   8.5590432e+28
      5770.00   8.6497376e+28
      5790.00   8.5157991e+28
      5810.00   8.7318028e+28
      5830.00   8.9072688e+28
      5850.00   8.7858987e+28
      5870.00   8.8859417e+28
      5890.00   8.2762366e+28
      5910.00   8.8189396e+28
      5930.00   8.9039403e+28
      5950.00   8.9504825e+28
      5970.00   9.0752729e+28
      5990.00   9.0371430e+28
      6010.00   8.9915647e+28
      6030.00   9.1616321e+28
      6050.00   9.3193808e+28
      6070.00   9.3333712e+28
      6090.00   9.1974157e+28
      6110.00   9.2456026e+28
      6130.00   8.9732811e+28
      6150.00   9.1555087e+28
      6170.00   8.9419453e+28
      6190.00   9.2974844e+28
      6210.00   9.2983763e+28
      6230.00   9.1583583e+28
      6250.00   8.9924835e+28
      6270.00   9.3351471e+28
      6290.00   9.4836740e+28
      6310.00   9.2670657e+28
      6330.00   9.3526220e+28
      6350.00   9.4183560e+28
      6370.00   9.4486066e+28
      6390.00   9.5695743e+28
      6410.00   9.4644393e+28
      6430.00   9.5715051e+28
      6450.00   9.5843603e+28
      6470.00   9.6089131e+28
      6490.00   9.5030195e+28
      6510.00   9.7568267e+28
      6530.00   9.7733082e+28
      6550.00   9.8595021e+28
      6570.00   9.8473726e+28
      6590.00   1.0241664e+29
      6610.00   9.9220959e+28
      6630.00   9.9526191e+28
      6650.00   9.9848248e+28
      6670.00   9.9154249e+28
      6690.00   1.0066237e+29
      6710.00   1.0208219e+29
      6730.00   1.0459787e+29
      6750.00   9.9989539e+28
      6770.00   1.0074468e+29
      6790.00   1.0062205e+29
      6810.00   1.0108201e+29
      6830.00   1.0217506e+29
      6850.00   1.0097861e+29
      6870.00   1.0231059e+29
      6890.00   1.0367154e+29
      6910.00   1.0376125e+29
      6930.00   1.0380391e+29
      6950.00   1.0394270e+29
      6970.00   1.0513084e+29
      6990.00   1.0522320e+29
      7010.00   1.0453540e+29
      7030.00   1.0612652e+29
      7050.00   1.0662841e+29
      7070.00   1.0536244e+29
      7090.00   1.0409666e+29
      7110.00   1.0307273e+29
      7130.00   1.0396527e+29
      7150.00   1.0275577e+29
      7170.00   1.0359527e+29
      7190.00   1.0205271e+29
      7210.00   1.0389482e+29
      7230.00   1.0552834e+29
      7250.00   1.0625622e+29
      7270.00   1.0694072e+29
      7290.00   1.0611143e+29
      7310.00   1.0827732e+29
      7330.00   1.0924353e+29
      7350.00   1.0988342e+29
      7370.00   1.1195010e+29
      7390.00   1.1076918e+29
      7410.00   1.1038648e+29
      7430.00   1.1271431e+29
      7450.00   1.1326847e+29
      7470.00   1.1450934e+29
      7490.00   1.1456611e+29
      7510.00   1.1564656e+29
      7530.00   1.1704457e+29
      7550.00   1.1794290e+29
      7570.00   1.1782384e+29
      7590.00   1.1689197e+29
      7610.00   1.1621490e+29
      7630.00   1.1495835e+29
      7650.00   1.1398114e+29
      7670.00   1.1102231e+29
      7690.00   1.1323212e+29
      7710.00   1.1196436e+29
      7730.00   1.1262354e+29
      7750.00   1.1229419e+29
      7770.00   1.1361340e+29
      7790.00   1.1447877e+29
      7810.00   1.1485814e+29
      7830.00   1.1440863e+29
      7850.00   1.1392384e+29
      7870.00   1.1543823e+29
      7890.00   1.1468142e+29
      7910.00   1.1325449e+29
      7930.00   1.1363438e+29
      7950.00   1.1348153e+29
      7970.00   1.1625757e+29
      7990.00   1.1653416e+29
      8010.00   1.1828894e+29
      8030.00   1.1883758e+29
      8050.00   1.1895162e+29
      8070.00   1.2020741e+29
      8090.00   1.1988036e+29
      8110.00   1.2114142e+29
      8130.00   1.2309935e+29
      8150.00   1.2409798e+29
      8170.00   1.2507244e+29
      8190.00   1.2311176e+29
      8210.00   1.2278787e+29
      8230.00   1.2344434e+29
      8250.00   1.2381823e+29
      8270.00   1.2481666e+29
      8290.00   1.2436138e+29
      8310.00   1.2234830e+29
      8330.00   1.2152421e+29
      8350.00   1.2245359e+29
      8370.00   1.2297949e+29
      8390.00   1.2047229e+29
      8410.00   1.2312318e+29
      8430.00   1.1976459e+29
      8450.00   1.1852951e+29
      8470.00   1.1831760e+29
      8490.00   1.1899239e+29
      8510.00   1.1441223e+29
      8530.00   1.1923644e+29
      8550.00   1.0723941e+29
      8570.00   1.2276167e+29
      8590.00   1.2132366e+29
      8610.00   1.2197146e+29
      8630.00   1.2500422e+29
      8650.00   1.2446659e+29
      8670.00   1.1095603e+29
      8690.00   1.2379994e+29
      8710.00   1.2739743e+29
      8730.00   1.2797284e+29
      8750.00   1.2461075e+29
      8770.00   1.2876765e+29
      8790.00   1.3039719e+29
      8810.00   1.2926275e+29
      8830.00   1.2989261e+29
      8850.00   1.2929962e+29
      8870.00   1.2464301e+29
      8890.00   1.2925407e+29
      8910.00   1.3068077e+29
      8930.00   1.2969316e+29
      8950.00   1.3005599e+29
      8970.00   1.3067786e+29
      8990.00   1.3088039e+29
      9010.00   1.2563709e+29
      9030.00   1.3052730e+29
      9050.00   1.3741877e+29
      9070.00   1.6251342e+29
      9090.00   1.3435620e+29
      9110.00   1.3451866e+29
      9130.00   1.3607941e+29
      9150.00   1.3587022e+29
      9170.00   1.3605997e+29
      9190.00   1.3695676e+29
      9210.00   1.3256774e+29
      9230.00   1.2739624e+29
      9250.00   1.3023257e+29
      9270.00   1.3160113e+29
      9290.00   1.3103846e+29
      9310.00   1.3188135e+29
      9330.00   1.3227716e+29
      9350.00   1.3190941e+29
      9370.00   1.3080549e+29
      9390.00   1.3269273e+29
      9410.00   1.3073754e+29
      9430.00   1.3333287e+29
      9450.00   1.3252371e+29
      9470.00   1.3456945e+29
      9490.00   1.3481658e+29
      9510.00   1.3374634e+29
      9530.00   1.3361814e+29
      9550.00   1.2925069e+29
      9570.00   1.3322102e+29
      9590.00   1.3534442e+29
      9610.00   1.3435175e+29
      9630.00   1.3490817e+29
      9650.00   1.3361133e+29
      9670.00   1.3383486e+29
      9690.00   1.3551954e+29
      9710.00   1.3457069e+29
      9730.00   1.3409148e+29
      9750.00   1.3401241e+29
      9770.00   1.3470720e+29
      9790.00   1.3373303e+29
      9810.00   1.3598900e+29
      9830.00   1.3545527e+29
      9850.00   1.3630110e+29
      9870.00   1.3590979e+29
      9890.00   1.3596541e+29
      9910.00   1.3556536e+29
      9930.00   1.3625884e+29
      9950.00   1.3661169e+29
      9970.00   1.3684957e+29
      9990.00   1.3674227e+29
      10025.0   1.3583939e+29
      10075.0   1.3450471e+29
      10125.0   1.3724674e+29
      10175.0   1.3650677e+29
      10225.0   1.3724086e+29
      10275.0   1.3796948e+29
      10325.0   1.3862288e+29
      10375.0   1.3683328e+29
      10425.0   1.3777167e+29
      10475.0   1.3634177e+29
      10525.0   1.3537186e+29
      10575.0   1.3371453e+29
      10625.0   1.3310377e+29
      10675.0   1.3229806e+29
      10725.0   1.3358955e+29
      10775.0   1.3347649e+29
      10825.0   1.3486648e+29
      10875.0   1.3274042e+29
      10925.0   1.3183241e+29
      10975.0   1.3181012e+29
      11025.0   1.3240502e+29
      11075.0   1.3146258e+29
      11125.0   1.3133671e+29
      11175.0   1.3075429e+29
      11225.0   1.3118130e+29
      11275.0   1.3007576e+29
      11325.0   1.3021154e+29
      11375.0   1.2974828e+29
      11425.0   1.2895023e+29
      11475.0   1.3056587e+29
      11525.0   1.3052800e+29
      11575.0   1.2955225e+29
      11625.0   1.2813690e+29
      11675.0   1.2833787e+29
      11725.0   1.2909712e+29
      11775.0   1.2672948e+29
      11825.0   1.2618507e+29
      11875.0   1.2457399e+29
      11925.0   1.2649607e+29
      11975.0   1.2340386e+29
      12025.0   1.2561400e+29
      12075.0   1.2505652e+29
      12125.0   1.2551521e+29
      12175.0   1.2601967e+29
      12225.0   1.2563013e+29
      12275.0   1.2507996e+29
      12325.0   1.2476686e+29
      12375.0   1.2464418e+29
      12425.0   1.2350438e+29
      12475.0   1.2341081e+29
      12525.0   1.2269860e+29
      12575.0   1.2258643e+29
      12625.0   1.2220967e+29
      12675.0   1.2166809e+29
      12725.0   1.2184034e+29
      12775.0   1.2179221e+29
      12825.0   1.1904958e+29
      12875.0   1.2049038e+29
      12925.0   1.1984420e+29
      12975.0   1.2093303e+29
      13025.0   1.1995226e+29
      13075.0   1.2023815e+29
      13125.0   1.1843058e+29
      13175.0   1.1816280e+29
      13225.0   1.1826539e+29
      13275.0   1.1668162e+29
      13325.0   1.1687693e+29
      13375.0   1.1602952e+29
      13425.0   1.1621313e+29
      13475.0   1.1545610e+29
      13525.0   1.1501997e+29
      13575.0   1.1363129e+29
      13625.0   1.1334201e+29
      13675.0   1.1388514e+29
      13725.0   1.1425906e+29
      13775.0   1.1417998e+29
      13825.0   1.1432198e+29
      13875.0   1.1349472e+29
      13925.0   1.1106045e+29
      13975.0   1.1072110e+29
      14025.0   1.0974324e+29
      14075.0   1.1048306e+29
      14125.0   1.0960448e+29
      14175.0   1.1039877e+29
      14225.0   1.0933062e+29
      14275.0   1.0830939e+29
      14325.0   1.0991649e+29
      14375.0   1.1029478e+29
      14425.0   1.0819138e+29
      14475.0   1.1009927e+29
      14525.0   1.0910288e+29
      14570.0   1.0978946e+29
      14620.0   1.0871870e+29
      14675.0   1.0863336e+29
      14725.0   1.0766415e+29
      14775.0   1.0831706e+29
      14825.0   1.0860685e+29
      14875.0   1.0786082e+29
      14925.0   1.0991393e+29
      14975.0   1.0916039e+29
      15025.0   1.0821445e+29
      15075.0   1.0818336e+29
      15125.0   1.0987915e+29
      15175.0   1.1021837e+29
      15225.0   1.1018332e+29
      15275.0   1.1076851e+29
      15325.0   1.1054077e+29
      15375.0   1.1081044e+29
      15425.0   1.1032336e+29
      15475.0   1.1077708e+29
      15525.0   1.1015417e+29
      15575.0   1.0749280e+29
      15625.0   1.0888828e+29
      15675.0   1.0837307e+29
      15725.0   1.0983739e+29
      15775.0   1.0546247e+29
      15825.0   1.0614823e+29
      15875.0   1.0496198e+29
      15925.0   1.0830046e+29
      15975.0   1.0691328e+29
      16050.0   1.0670449e+29
      16150.0   1.0715741e+29
      16250.0   1.0595651e+29
      16350.0   1.0798062e+29
      16450.0   1.0382623e+29
      16550.0   1.0663748e+29
      16650.0   1.0395472e+29
      16750.0   1.0394213e+29
      16850.0   1.0147208e+29
      16950.0   1.0279623e+29
      17050.0   1.0103421e+29
      17150.0   9.9936912e+28
      17250.0   9.8266267e+28
      17350.0   9.4760383e+28
      17450.0   9.4854288e+28
      17550.0   9.3183745e+28
      17650.0   9.1773504e+28
      17750.0   8.9634061e+28
      17850.0   8.8466952e+28
      17950.0   8.6710432e+28
      18050.0   8.4716732e+28
      18150.0   8.2988850e+28
      18250.0   8.2546225e+28
      18350.0   8.1584560e+28
      18450.0   8.0316989e+28
      18550.0   7.9694870e+28
      18650.0   7.7956429e+28
      18750.0   7.9308386e+28
      18850.0   7.6356046e+28
      18950.0   7.4300370e+28
      19050.0   7.5011827e+28
      19150.0   7.3798783e+28
      19250.0   7.3108419e+28
      19350.0   7.1468808e+28
      19450.0   6.9784960e+28
      19550.0   6.9935733e+28
      19650.0   6.8944316e+28
      19750.0   6.7465093e+28
      19850.0   6.6936897e+28
      19950.0   6.6324106e+28
      20050.0   6.6146988e+28
      20150.0   6.5505039e+28
      20250.0   6.4260381e+28
      20350.0   6.3711348e+28
      20450.0   6.3770651e+28
      20550.0   6.3086600e+28
      20650.0   6.2318710e+28
      20750.0   6.1927072e+28
      20850.0   6.1354919e+28
      20950.0   6.0584074e+28
      21050.0   6.0513401e+28
      21150.0   5.9794561e+28
      21250.0   5.9309274e+28
      21350.0   5.8968900e+28
      21450.0   5.8418508e+28
      21550.0   5.7739967e+28
      21650.0   5.6779164e+28
      21750.0   5.6273594e+28
      21850.0   5.5839702e+28
      21950.0   5.5409511e+28
      22050.0   5.4295533e+28
      22150.0   5.4297242e+28
      22250.0   5.3256053e+28
      22350.0   5.2777025e+28
      22450.0   5.2227608e+28
      22550.0   5.1750222e+28
      22650.0   5.0872988e+28
      22750.0   5.0675639e+28
      22850.0   4.9806155e+28
      22950.0   4.3568108e+28
      23050.0   4.5591632e+28
      23150.0   4.5348959e+28
      23250.0   4.0252216e+28
      23350.0   4.2549774e+28
      23450.0   4.1560537e+28
      23550.0   3.7679981e+28
      23650.0   4.0058775e+28
      23750.0   3.9017487e+28
      23850.0   3.5976843e+28
      23950.0   3.7686918e+28
      24050.0   3.7199891e+28
      24150.0   3.4522790e+28
      24250.0   3.5561795e+28
      24350.0   3.5036617e+28
      24450.0   3.3360443e+28
      24550.0   3.2994604e+28
      24650.0   3.3386950e+28
      24750.0   3.2291494e+28
      24850.0   3.0424199e+28
      24950.0   3.0522710e+28
      25050.0   3.0956546e+28
      25150.0   2.9149688e+28
      25250.0   2.9809202e+28
      25350.0   2.9778130e+28
      25450.0   2.9261070e+28
      25550.0   2.8988794e+28
      25650.0   2.9009550e+28
      25750.0   2.9205781e+28
      25850.0   2.8234956e+28
      25950.0   2.8485343e+28
      26050.0   2.8569124e+28
      26150.0   2.8064266e+28
      26250.0   2.8060717e+28
      26350.0   2.7853537e+28
      26450.0   2.7708564e+28
      26550.0   2.7373731e+28
      26650.0   2.6922807e+28
      26750.0   2.7182831e+28
      26850.0   2.6985955e+28
      26950.0   2.6481320e+28
      27050.0   2.6540002e+28
      27150.0   2.6329153e+28
      27250.0   2.6252057e+28
      27350.0   2.5777109e+28
      27450.0   2.5784917e+28
      27550.0   2.5578177e+28
      27650.0   2.5340682e+28
      27750.0   2.5042758e+28
      27850.0   2.5018111e+28
      27950.0   2.4953666e+28
      28050.0   2.4710638e+28
      28150.0   2.4396541e+28
      28250.0   2.4279314e+28
      28350.0   2.4191112e+28
      28450.0   2.3929999e+28
      28550.0   2.3650001e+28
      28650.0   2.3389999e+28
      28750.0   2.3029999e+28
      28850.0   2.2920001e+28
      28950.0   2.2690001e+28
      29050.0   2.2430001e+28
      29150.0   2.2220000e+28
      29250.0   2.1860000e+28
      29350.0   2.1759999e+28
      29450.0   2.1470001e+28
      29550.0   2.1250000e+28
      29650.0   2.1079999e+28
      29750.0   2.0860001e+28
      29850.0   2.0599999e+28
      29950.0   2.0370001e+28
      30050.0   2.0160000e+28
      30150.0   2.0010001e+28
      30250.0   1.9770000e+28
      30350.0   1.9439999e+28
      30450.0   1.9380001e+28
      30550.0   1.9220000e+28
      30650.0   1.9030000e+28
      30750.0   1.8890000e+28
      30850.0   1.8660000e+28
      30950.0   1.8510000e+28
      31050.0   1.8390000e+28
      31150.0   1.8110000e+28
      31250.0   1.8020000e+28
      31350.0   1.7850000e+28
      31450.0   1.7680001e+28
      31550.0   1.7490000e+28
      31650.0   1.7310000e+28
      31750.0   1.7190000e+28
      31850.0   1.7030000e+28
      31950.0   1.6889999e+28
      32100.0   1.6640000e+28
      32300.0   1.6330000e+28
      32500.0   1.6039999e+28
      32700.0   1.5730000e+28
      32900.0   1.5360000e+28
      33100.0   1.5140000e+28
      33300.0   1.4850000e+28
      33500.0   1.4610000e+28
      33700.0   1.4320000e+28
      33900.0   1.4040000e+28
      34100.0   1.3760000e+28
      34300.0   1.3530000e+28
      34500.0   1.3280001e+28
      34700.0   1.3020000e+28
      34900.0   1.2780000e+28
      35100.0   1.2549999e+28
      35300.0   1.2290000e+28
      35500.0   1.2080000e+28
      35700.0   1.1840000e+28
      35900.0   1.1620000e+28
      36100.0   1.1420000e+28
      36300.0   1.1200000e+28
      36500.0   1.0969999e+28
      36700.0   1.0770000e+28
      36900.0   1.0530000e+28
      37100.0   1.0330000e+28
      37300.0   1.0150000e+28
      37500.0   9.9100006e+27
      37700.0   9.8000001e+27
      37900.0   9.6079999e+27
      38100.0   9.4340002e+27
      38300.0   9.2720000e+27
      38500.0   9.1099998e+27
      38700.0   8.9119999e+27
      38900.0   8.7510002e+27
      39100.0   8.5909999e+27
      39300.0   8.4390000e+27
      39500.0   8.2540001e+27
      39700.0   8.1059999e+27
      39900.0   7.9170002e+27
      40100.0   7.7919997e+27
      40300.0   7.6590008e+27
      40500.0   8.0926327e+27
      40700.0   7.3720137e+27
      40900.0   7.2419999e+27
      41100.0   7.1130002e+27
      41300.0   6.9910002e+27
      41500.0   6.8560001e+27
      41700.0   6.7230000e+27
      41900.0   6.6049999e+27
      42100.0   6.4790000e+27
      42300.0   6.3929998e+27
      42500.0   6.2640001e+27
      42700.0   6.1649999e+27
      42900.0   5.8410001e+27
      43100.0   5.5149998e+27
      43300.0   5.5180002e+27
      43500.0   5.2200000e+27
      43700.0   5.0680000e+27
      43900.0   4.9539997e+27
      44100.0   4.7439999e+27
      44300.0   4.6379999e+27
      44500.0   4.5469999e+27
      44700.0   4.4050001e+27
      44900.0   4.3809999e+27
      45100.0   4.2880000e+27
      45300.0   4.1769999e+27
      45500.0   4.1490001e+27
      45700.0   4.0859999e+27
      45900.0   3.9430001e+27
      46100.0   3.9629999e+27
      46300.0   3.8820001e+27
      46500.0   3.8230001e+27
      46700.0   3.8130001e+27
      46900.0   3.7499999e+27
      47100.0   3.6780001e+27
      47300.0   3.6860001e+27
      47500.0   3.5870001e+27
      47700.0   3.5650001e+27
      47900.0   3.5210000e+27
      48100.0   3.4230000e+27
      48300.0   3.4520000e+27
      48500.0   3.3649999e+27
      48700.0   3.3010000e+27
      48900.0   3.2600001e+27
      49100.0   3.2070001e+27
      49300.0   3.1739999e+27
      49500.0   3.1120000e+27
      49700.0   3.1000001e+27
      49900.0   3.0459999e+27
      50100.0   3.0139999e+27
      50300.0   2.9720001e+27
      50500.0   2.9089999e+27
      50700.0   2.8840000e+27
      50900.0   2.8460000e+27
      51100.0   2.7949999e+27
      51300.0   2.7660001e+27
      51500.0   2.7240000e+27
      51700.0   2.7130001e+27
      51900.0   2.6630000e+27
      52100.0   2.6320000e+27
      52300.0   2.5880000e+27
      52500.0   2.5679999e+27
      52700.0   2.5570000e+27
      52900.0   2.4960000e+27
      53100.0   2.4620000e+27
      53300.0   2.4430000e+27
      53500.0   2.4120000e+27
      53700.0   2.3850001e+27
      53900.0   2.3580001e+27
      54100.0   2.3300000e+27
      54300.0   2.2870000e+27
      54500.0   2.2760000e+27
      54700.0   2.2370001e+27
      54900.0   2.2150000e+27
      55100.0   2.1829999e+27
      55300.0   2.1890000e+27
      55500.0   2.1290000e+27
      55700.0   2.1259999e+27
      55900.0   2.0890001e+27
      56100.0   2.0750000e+27
      56300.0   2.0349999e+27
      56500.0   2.0250000e+27
      56700.0   2.0000000e+27
      56900.0   1.9629999e+27
      57100.0   1.9560001e+27
      57300.0   1.9320000e+27
      57500.0   1.9090000e+27
      57700.0   1.8830000e+27
      57900.0   1.8700000e+27
      58100.0   1.8410000e+27
      58300.0   1.8220000e+27
      58500.0   1.8010000e+27
      58700.0   1.7730000e+27
      58900.0   1.7540000e+27
      59100.0   1.7320001e+27
      59300.0   1.7180000e+27
      59500.0   1.6930000e+27
      59700.0   1.6800000e+27
      59900.0   1.6600001e+27
      60100.0   1.6410001e+27
      60300.0   1.6210000e+27
      60500.0   1.5970000e+27
      60700.0   1.5799999e+27
      60900.0   1.5609999e+27
      61100.0   1.5410000e+27
      61300.0   1.5269999e+27
      61500.0   1.5100000e+27
      61700.0   1.4960000e+27
      61900.0   1.4780001e+27
      62100.0   1.4630001e+27
      62300.0   1.4429999e+27
      62500.0   1.4230000e+27
      62700.0   1.4070000e+27
      62900.0   1.3920000e+27
      63100.0   1.3760000e+27
      63300.0   1.3640001e+27
      63500.0   1.3460000e+27
      63700.0   1.3350000e+27
      63900.0   1.3150001e+27
      64200.0   1.2950000e+27
      64600.0   1.2649999e+27
      65000.0   1.2370000e+27
      65400.0   1.2090000e+27
      65800.0   1.1830000e+27
      66200.0   1.1560000e+27
      66600.0   1.1310000e+27
      67000.0   1.1070000e+27
      67400.0   1.0820000e+27
      67800.0   1.0580000e+27
      68200.0   1.0350000e+27
      68600.0   1.0130000e+27
      69000.0   9.9089999e+26
      69400.0   9.6970003e+26
      69800.0   9.4899998e+26
      70200.0   9.2839998e+26
      70600.0   9.0920002e+26
      71000.0   8.8980002e+26
      71400.0   8.7130001e+26
      71800.0   8.5279999e+26
      72200.0   8.3520002e+26
      72600.0   8.1759999e+26
      73000.0   8.0080002e+26
      73400.0   7.8410003e+26
      73800.0   7.6819997e+26
      74200.0   7.5180001e+26
      74600.0   7.3550002e+26
      75000.0   7.2090001e+26
      75400.0   7.0710000e+26
      75800.0   6.9350003e+26
      76200.0   6.7980000e+26
      76600.0   6.6630001e+26
      77000.0   6.5299998e+26
      77400.0   6.4029999e+26
      77800.0   6.2780003e+26
      78200.0   6.1550000e+26
      78600.0   6.0360001e+26
      79000.0   5.9199999e+26
      79400.0   5.8060002e+26
      79800.0   5.6960000e+26
      80200.0   5.5850001e+26
      80600.0   5.4789999e+26
      81000.0   5.3779999e+26
      81400.0   5.2760001e+26
      81800.0   5.1790001e+26
      82200.0   5.0830000e+26
      82600.0   4.9890001e+26
      83000.0   4.8970000e+26
      83400.0   4.8060000e+26
      83800.0   4.7180001e+26
      84200.0   4.6339999e+26
      84600.0   4.5500001e+26
      85000.0   4.4690001e+26
      85400.0   4.3880001e+26
      85800.0   4.3099998e+26
      86200.0   4.2350002e+26
      86600.0   4.1600001e+26
      87000.0   4.0859999e+26
      87400.0   4.0149999e+26
      87800.0   3.9450000e+26
      88200.0   3.8760000e+26
      88600.0   3.8089999e+26
      89000.0   3.7430001e+26
      89400.0   3.6800000e+26
      89800.0   3.6150000e+26
      90200.0   3.5559999e+26
      90600.0   3.4960000e+26
      91000.0   3.4349999e+26
      91400.0   3.3779999e+26
      91800.0   3.3220000e+26
      92200.0   3.2680001e+26
      92600.0   3.2139998e+26
      93000.0   3.1610001e+26
      93400.0   3.1089999e+26
      93800.0   3.0580000e+26
      94200.0   3.0080001e+26
      94600.0   2.9590000e+26
      95000.0   2.9110001e+26
      95400.0   2.8650000e+26
      95800.0   2.8190001e+26
      96200.0   2.7740000e+26
      96600.0   2.7300001e+26
      97000.0   2.6870000e+26
      97400.0   2.6430001e+26
      97800.0   2.6020000e+26
      98200.0   2.5620000e+26
      98600.0   2.5219999e+26
      99000.0   2.4830000e+26
      99400.0   2.4450001e+26
      99800.0   2.4070000e+26
      100200.   2.3700000e+26
      200000.   1.6240000e+25
      400000.   1.1570000e+24
      600000.   2.7150001e+23
      800000.   1.0570000e+23
  1.00000e+06   5.4120000e+22
  1.20000e+06   3.2890000e+22
  1.40000e+06   2.2170000e+22
  1.60000e+06   1.6030000e+22
