      91.0000      0.00000
      94.0000      0.00000
      96.0000      0.00000
      98.0000      0.00000
      100.000      0.00000
      102.000      0.00000
      104.000      0.00000
      106.000      0.00000
      108.000      0.00000
      110.000      0.00000
      114.000      0.00000
      118.000      0.00000
      121.000      0.00000
      125.000      0.00000
      127.000      0.00000
      128.000      0.00000
      131.000      0.00000
      132.000      0.00000
      134.000      0.00000
      137.000      0.00000
      140.000      0.00000
      143.000      0.00000
      147.000      0.00000
      151.000      0.00000
      155.000      0.00000
      159.000      0.00000
      162.000      0.00000
      166.000      0.00000
      170.000      0.00000
      173.000      0.00000
      177.000      0.00000
      180.000      0.00000
      182.000      0.00000
      186.000      0.00000
      191.000      0.00000
      194.000      0.00000
      198.000      0.00000
      202.000      0.00000
      205.000      0.00000
      210.000      0.00000
      216.000      0.00000
      220.000      0.00000
      223.000      0.00000
      227.000      0.00000
      230.000      0.00000
      234.000      0.00000
      240.000      0.00000
      246.000      0.00000
      252.000      0.00000
      257.000      0.00000
      260.000      0.00000
      264.000      0.00000
      269.000      0.00000
      274.000      0.00000
      279.000      0.00000
      284.000      0.00000
      290.000      0.00000
      296.000      0.00000
      301.000      0.00000
      308.000      0.00000
      318.000      0.00000
      328.000      0.00000
      338.000      0.00000
      348.000      0.00000
      357.000      0.00000
      366.000      0.00000
      375.000      0.00000
      385.000      0.00000
      395.000      0.00000
      405.000      0.00000
      414.000      0.00000
      422.000      0.00000
      430.000      0.00000
      441.000      0.00000
      451.000      0.00000
      460.000      0.00000
      470.000      0.00000
      480.000      0.00000
      490.000      0.00000
      500.000      0.00000
      506.000      0.00000
      512.000      0.00000
      520.000      0.00000
      530.000      0.00000
      540.000      0.00000
      550.000      0.00000
      560.000      0.00000
      570.000      0.00000
      580.000      0.00000
      590.000      0.00000
      600.000      0.00000
      610.000      0.00000
      620.000      0.00000
      630.000      0.00000
      640.000      0.00000
      650.000      0.00000
      658.000      0.00000
      665.000      0.00000
      675.000      0.00000
      685.000      0.00000
      695.000      0.00000
      705.000      0.00000
      716.000      0.00000
      726.000      0.00000
      735.000      0.00000
      745.000      0.00000
      755.000      0.00000
      765.000      0.00000
      775.000      0.00000
      785.000      0.00000
      795.000      0.00000
      805.000      0.00000
      815.000      0.00000
      825.000      0.00000
      835.000      0.00000
      845.000      0.00000
      855.000      0.00000
      865.000      0.00000
      875.000      0.00000
      885.000      0.00000
      895.000      0.00000
      905.000      0.00000
      915.000  2.26700e+27
      925.000  5.16800e+27
      935.000  7.99000e+27
      945.000  1.04000e+28
      955.000  1.20300e+28
      965.000  1.27900e+28
      975.000  4.81800e+27
      985.000  9.80100e+27
      995.000  9.69000e+27
      1005.00  1.24900e+28
      1015.00  1.29500e+28
      1025.00  9.18900e+27
      1035.00  1.13100e+28
      1045.00  1.59800e+28
      1055.00  1.54400e+28
      1065.00  1.28900e+28
      1075.00  1.44100e+28
      1085.00  1.25800e+28
      1095.00  1.51300e+28
      1105.00  1.46100e+28
      1115.00  1.43200e+28
      1125.00  1.26100e+28
      1135.00  1.53300e+28
      1145.00  1.44800e+28
      1155.00  1.47100e+28
      1165.00  1.45700e+28
      1175.00  9.71200e+27
      1185.00  1.39100e+28
      1195.00  1.15300e+28
      1205.00  9.68300e+27
      1215.00  8.17600e+27
      1225.00  1.16600e+28
      1235.00  1.46800e+28
      1245.00  1.55000e+28
      1255.00  1.51200e+28
      1265.00  1.42700e+28
      1275.00  1.67300e+28
      1285.00  1.73100e+28
      1295.00  1.46100e+28
      1305.00  1.45500e+28
      1315.00  1.72000e+28
      1325.00  1.65600e+28
      1335.00  1.57973e+28
      1345.00  1.70300e+28
      1355.00  1.64700e+28
      1365.00  1.50500e+28
      1375.00  1.52800e+28
      1385.00  1.51200e+28
      1395.00  1.19100e+28
      1405.00  1.18100e+28
      1415.00  1.40200e+28
      1425.00  1.39800e+28
      1435.00  1.43300e+28
      1442.00  1.48100e+28
      1447.00  1.50100e+28
      1455.00  1.45300e+28
      1465.00  1.36400e+28
      1475.00  1.38000e+28
      1485.00  1.40900e+28
      1495.00  1.41700e+28
      1505.00  1.35700e+28
      1512.00  1.24000e+28
      1517.00  1.30800e+28
      1525.00  1.27700e+28
      1535.00  1.10600e+28
      1545.00  1.09600e+28
      1555.00  1.07300e+28
      1565.00  1.16000e+28
      1575.00  1.24900e+28
      1585.00  1.30500e+28
      1595.00  1.32100e+28
      1605.00  1.28400e+28
      1615.00  1.26900e+28
      1625.00  1.22100e+28
      1635.00  1.28700e+28
      1645.00  1.30200e+28
      1655.00  1.22600e+28
      1665.00  1.30419e+28
      1672.00  1.15700e+28
      1677.00  1.36500e+28
      1685.00  1.38500e+28
      1695.00  1.29700e+28
      1705.00  1.26100e+28
      1715.00  1.21500e+28
      1725.00  1.20500e+28
      1735.00  1.28700e+28
      1745.00  1.25700e+28
      1755.00  1.33300e+28
      1765.00  1.21600e+28
      1775.00  1.24100e+28
      1785.00  1.26300e+28
      1795.00  1.35700e+28
      1805.00  1.32700e+28
      1815.00  1.24500e+28
      1825.00  1.24600e+28
      1835.00  1.20000e+28
      1845.00  1.07400e+28
      1855.00  1.12300e+28
      1865.00  1.18500e+28
      1875.00  1.21800e+28
      1885.00  1.14300e+28
      1895.00  1.13200e+28
      1905.00  1.19224e+28
      1915.00  1.12101e+28
      1925.00  1.05100e+28
      1935.00  9.77400e+27
      1945.00  1.14100e+28
      1955.00  1.07900e+28
      1967.00  1.18400e+28
      1976.00  1.16300e+28
      1984.00  1.13700e+28
      1995.00  1.10600e+28
      2005.00  1.08300e+28
      2015.00  1.06100e+28
      2025.00  1.02200e+28
      2035.00  1.05300e+28
      2045.00  1.10400e+28
      2055.00  1.01400e+28
      2065.00  9.98300e+27
      2074.00  1.11500e+28
      2078.00  1.24100e+28
      2085.00  1.31100e+28
      2095.00  1.21700e+28
      2105.00  1.16200e+28
      2115.00  1.21400e+28
      2125.00  1.16700e+28
      2135.00  1.07308e+28
      2145.00  1.20771e+28
      2155.00  1.23100e+28
      2165.00  1.13800e+28
      2175.00  1.14700e+28
      2185.00  1.23700e+28
      2195.00  1.29000e+28
      2205.00  1.24000e+28
      2215.00  1.08600e+28
      2225.00  1.11900e+28
      2235.00  1.31400e+28
      2245.00  1.25200e+28
      2255.00  1.09400e+28
      2265.00  1.09800e+28
      2275.00  1.17800e+28
      2285.00  1.34200e+28
      2295.00  1.20500e+28
      2305.00  1.33800e+28
      2315.00  1.23800e+28
      2325.00  1.07177e+28
      2335.00  1.01305e+28
      2345.00  8.50700e+27
      2355.00  1.19800e+28
      2365.00  8.93000e+27
      2375.00  1.04600e+28
      2385.00  7.86500e+27
      2395.00  9.08300e+27
      2405.00  8.96200e+27
      2415.00  9.84900e+27
      2425.00  1.33100e+28
      2435.00  1.31400e+28
      2445.00  1.48400e+28
      2455.00  1.52400e+28
      2465.00  1.45400e+28
      2475.00  1.33400e+28
      2485.00  1.14400e+28
      2495.00  1.14600e+28
      2505.00  1.57400e+28
      2513.00  9.95100e+27
      2518.00  8.87900e+27
      2525.00  9.21300e+27
      2535.00  1.12100e+28
      2545.00  1.16800e+28
      2555.00  1.56500e+28
      2565.00  1.34400e+28
      2575.00  1.56200e+28
      2585.00  1.47000e+28
      2595.00  1.38100e+28
      2605.00  1.25900e+28
      2615.00  1.17000e+28
      2625.00  1.45800e+28
      2635.00  1.93000e+28
      2645.00  2.46400e+28
      2655.00  2.94200e+28
      2665.00  2.18800e+28
      2675.00  2.44400e+28
      2685.00  2.63100e+28
      2695.00  2.16200e+28
      2705.00  2.46900e+28
      2715.00  2.00500e+28
      2725.00  1.88600e+28
      2735.00  2.15500e+28
      2745.00  1.38900e+28
      2755.00  1.68300e+28
      2765.00  2.01200e+28
      2775.00  2.18700e+28
      2785.00  1.55100e+28
      2795.00  8.38380e+27
      2805.00  9.60104e+27
      2815.00  2.05800e+28
      2825.00  2.70800e+28
      2835.00  2.62500e+28
      2845.00  2.28300e+28
      2855.00  1.64300e+28
      2865.00  2.75000e+28
      2875.00  3.10500e+28
      2885.00  2.89800e+28
      2895.00  3.12300e+28
      2910.00  3.90600e+28
      2930.00  3.55100e+28
      2950.00  3.41800e+28
      2970.00  3.61600e+28
      2990.00  3.67100e+28
      3010.00  3.80000e+28
      3030.00  3.87600e+28
      3050.00  4.03100e+28
      3070.00  4.17800e+28
      3090.00  4.20700e+28
      3110.00  4.44600e+28
      3130.00  4.29400e+28
      3150.00  4.27900e+28
      3170.00  4.53700e+28
      3190.00  4.09200e+28
      3210.00  4.48700e+28
      3230.00  3.95600e+28
      3250.00  4.91200e+28
      3270.00  5.50000e+28
      3290.00  5.42100e+28
      3310.00  5.32900e+28
      3330.00  5.38900e+28
      3350.00  5.28400e+28
      3370.00  4.48500e+28
      3390.00  4.88500e+28
      3410.00  4.97200e+28
      3430.00  5.16700e+28
      3450.00  5.34500e+28
      3470.00  5.44600e+28
      3490.00  5.83000e+28
      3510.00  6.10700e+28
      3530.00  5.70000e+28
      3550.00  6.40400e+28
      3570.00  5.11000e+28
      3590.00  5.07600e+28
      3610.00  5.78900e+28
      3630.00  5.97600e+28
      3640.00  6.13900e+28
      3650.00  6.74900e+28
      3670.00  6.85400e+28
      3690.00  6.38382e+28
      3710.00  6.91173e+28
      3730.00  6.29638e+28
      3750.00  6.34563e+28
      3770.00  7.36649e+28
      3790.00  7.80604e+28
      3810.00  8.01605e+28
      3830.00  5.68373e+28
      3850.00  7.45701e+28
      3870.00  7.71657e+28
      3890.00  7.43741e+28
      3910.00  8.96100e+28
      3930.00  5.15800e+28
      3950.00  7.97200e+28
      3970.00  5.56361e+28
      3990.00  1.04100e+29
      4010.00  1.13000e+29
      4030.00  1.13200e+29
      4050.00  1.10100e+29
      4070.00  1.06630e+29
      4090.00  1.17421e+29
      4110.00  1.08270e+29
      4130.00  1.14900e+29
      4150.00  1.15400e+29
      4170.00  1.16000e+29
      4190.00  1.14500e+29
      4210.00  1.15700e+29
      4230.00  1.12500e+29
      4250.00  1.16500e+29
      4270.00  1.11800e+29
      4290.00  1.06500e+29
      4310.00  9.45000e+28
      4330.00  1.19395e+29
      4350.00  1.14795e+29
      4370.00  1.30710e+29
      4390.00  1.21300e+29
      4410.00  1.26600e+29
      4430.00  1.33500e+29
      4450.00  1.34200e+29
      4470.00  1.41044e+29
      4490.00  1.43200e+29
      4510.00  1.58200e+29
      4530.00  1.42800e+29
      4550.00  1.47500e+29
      4570.00  1.57400e+29
      4590.00  1.50200e+29
      4610.00  1.54300e+29
      4630.00  1.51500e+29
      4650.00  1.53600e+29
      4670.00  1.58700e+29
      4690.00  1.56400e+29
      4710.00  1.52100e+29
      4730.00  1.57600e+29
      4750.00  1.61400e+29
      4770.00  1.60600e+29
      4790.00  1.60600e+29
      4810.00  1.60400e+29
      4830.00  1.63700e+29
      4850.00  1.53815e+29
      4870.00  1.39401e+29
      4890.00  1.59100e+29
      4910.00  1.59700e+29
      4930.00  1.57200e+29
      4950.00  1.63900e+29
      4970.00  1.62700e+29
      4990.00  1.53039e+29
      5010.00  1.56881e+29
      5030.00  1.54700e+29
      5050.00  1.54300e+29
      5070.00  1.60300e+29
      5090.00  1.53100e+29
      5110.00  1.56300e+29
      5130.00  1.51800e+29
      5150.00  1.47200e+29
      5170.00  1.39600e+29
      5190.00  1.43316e+29
      5210.00  1.51108e+29
      5230.00  1.58900e+29
      5250.00  1.64300e+29
      5270.00  1.48300e+29
      5290.00  1.65700e+29
      5310.00  1.73500e+29
      5330.00  1.57000e+29
      5350.00  1.69400e+29
      5370.00  1.68700e+29
      5390.00  1.65600e+29
      5410.00  1.63200e+29
      5430.00  1.65700e+29
      5450.00  1.70500e+29
      5470.00  1.67300e+29
      5490.00  1.68200e+29
      5510.00  1.67100e+29
      5530.00  1.71400e+29
      5550.00  1.73600e+29
      5570.00  1.70200e+29
      5590.00  1.67300e+29
      5610.00  1.72400e+29
      5630.00  1.71900e+29
      5650.00  1.73700e+29
      5670.00  1.70000e+29
      5690.00  1.74600e+29
      5710.00  1.69500e+29
      5730.00  1.81500e+29
      5750.00  1.76119e+29
      5770.00  1.78001e+29
      5790.00  1.72400e+29
      5810.00  1.78200e+29
      5830.00  1.82400e+29
      5850.00  1.77800e+29
      5870.00  1.78515e+29
      5890.00  1.63321e+29
      5910.00  1.76200e+29
      5930.00  1.77100e+29
      5950.00  1.77300e+29
      5970.00  1.79800e+29
      5990.00  1.77300e+29
      6010.00  1.75000e+29
      6030.00  1.78500e+29
      6050.00  1.81400e+29
      6070.00  1.80600e+29
      6090.00  1.75500e+29
      6110.00  1.75900e+29
      6130.00  1.67900e+29
      6150.00  1.71900e+29
      6170.00  1.65400e+29
      6190.00  1.73900e+29
      6210.00  1.72700e+29
      6230.00  1.68300e+29
      6250.00  1.63300e+29
      6270.00  1.70300e+29
      6290.00  1.72788e+29
      6310.00  1.68948e+29
      6330.00  1.71001e+29
      6350.00  1.71800e+29
      6370.00  1.71200e+29
      6390.00  1.73300e+29
      6410.00  1.70000e+29
      6430.00  1.71600e+29
      6450.00  1.71000e+29
      6470.00  1.70600e+29
      6490.00  1.67400e+29
      6510.00  1.72400e+29
      6530.00  1.72400e+29
      6550.00  1.68022e+29
      6570.00  1.57936e+29
      6590.00  1.71367e+29
      6610.00  1.72201e+29
      6630.00  1.71500e+29
      6650.00  1.71500e+29
      6670.00  1.68447e+29
      6690.00  1.71220e+29
      6710.00  1.66669e+29
      6730.00  1.70639e+29
      6750.00  1.67012e+29
      6770.00  1.67900e+29
      6790.00  1.66500e+29
      6810.00  1.66900e+29
      6830.00  1.68600e+29
      6850.00  1.64900e+29
      6870.00  1.67100e+29
      6890.00  1.69300e+29
      6910.00  1.68700e+29
      6930.00  1.67800e+29
      6950.00  1.67300e+29
      6970.00  1.69000e+29
      6990.00  1.68200e+29
      7010.00  1.65600e+29
      7030.00  1.68500e+29
      7050.00  1.69400e+29
      7070.00  1.65800e+29
      7090.00  1.62200e+29
      7110.00  1.59301e+29
      7130.00  1.57136e+29
      7150.00  1.56561e+29
      7170.00  1.58200e+29
      7190.00  1.54600e+29
      7210.00  1.57900e+29
      7230.00  1.60700e+29
      7250.00  1.61600e+29
      7270.00  1.62300e+29
      7290.00  1.60000e+29
      7310.00  1.63402e+29
      7330.00  1.64103e+29
      7350.00  1.65102e+29
      7370.00  1.68400e+29
      7390.00  1.65500e+29
      7410.00  1.64400e+29
      7430.00  1.68000e+29
      7450.00  1.68400e+29
      7470.00  1.70100e+29
      7490.00  1.69500e+29
      7510.00  1.71000e+29
      7530.00  1.72800e+29
      7550.00  1.73800e+29
      7570.00  1.73000e+29
      7590.00  1.70800e+29
      7610.00  1.69000e+29
      7630.00  1.66900e+29
      7650.00  1.64700e+29
      7670.00  1.58700e+29
      7690.00  1.62200e+29
      7710.00  1.59500e+29
      7730.00  1.60000e+29
      7750.00  1.58800e+29
      7770.00  1.60900e+29
      7790.00  1.61900e+29
      7810.00  1.61800e+29
      7830.00  1.60400e+29
      7850.00  1.58900e+29
      7870.00  1.61300e+29
      7890.00  1.59100e+29
      7910.00  1.56000e+29
      7930.00  1.56300e+29
      7950.00  1.55200e+29
      7970.00  1.59800e+29
      7990.00  1.59900e+29
      8010.00  1.61800e+29
      8030.00  1.62200e+29
      8050.00  1.61900e+29
      8070.00  1.63100e+29
      8090.00  1.61600e+29
      8110.00  1.62900e+29
      8130.00  1.65800e+29
      8150.00  1.66700e+29
      8170.00  1.67600e+29
      8190.00  1.63900e+29
      8210.00  1.62600e+29
      8230.00  1.63500e+29
      8250.00  1.63600e+29
      8270.00  1.65200e+29
      8290.00  1.64000e+29
      8310.00  1.59900e+29
      8330.00  1.58900e+29
      8350.00  1.59500e+29
      8370.00  1.60200e+29
      8390.00  1.55700e+29
      8410.00  1.60100e+29
      8430.00  1.54400e+29
      8450.00  1.52700e+29
      8470.00  1.52700e+29
      8490.00  1.53600e+29
      8510.00  1.47000e+29
      8530.00  1.53500e+29
      8550.00  1.40500e+29
      8570.00  1.57000e+29
      8590.00  1.54900e+29
      8610.00  1.55700e+29
      8630.00  1.58600e+29
      8650.00  1.58700e+29
      8670.00  1.43300e+29
      8690.00  1.55200e+29
      8710.00  1.59700e+29
      8730.00  1.60401e+29
      8750.00  1.57522e+29
      8770.00  1.61102e+29
      8790.00  1.62100e+29
      8810.00  1.59300e+29
      8830.00  1.60600e+29
      8850.00  1.60410e+29
      8870.00  1.55020e+29
      8890.00  1.58900e+29
      8910.00  1.60300e+29
      8930.00  1.57600e+29
      8950.00  1.57600e+29
      8970.00  1.58200e+29
      8990.00  1.58401e+29
      9010.00  1.52232e+29
      9030.00  1.57710e+29
      9050.00  1.62313e+29
      9070.00  1.66564e+29
      9090.00  1.57977e+29
      9110.00  1.59600e+29
      9130.00  1.61800e+29
      9150.00  1.61000e+29
      9170.00  1.60800e+29
      9190.00  1.62100e+29
      9210.00  1.57006e+29
      9230.00  1.52951e+29
      9250.00  1.54004e+29
      9270.00  1.55000e+29
      9290.00  1.53900e+29
      9310.00  1.54900e+29
      9330.00  1.54800e+29
      9350.00  1.54100e+29
      9370.00  1.51900e+29
      9390.00  1.54200e+29
      9410.00  1.50900e+29
      9430.00  1.54400e+29
      9450.00  1.52300e+29
      9470.00  1.55100e+29
      9490.00  1.55200e+29
      9510.00  1.53400e+29
      9530.00  1.53518e+29
      9550.00  1.49165e+29
      9570.00  1.52003e+29
      9590.00  1.54500e+29
      9610.00  1.52500e+29
      9630.00  1.53000e+29
      9650.00  1.50600e+29
      9670.00  1.50600e+29
      9690.00  1.52600e+29
      9710.00  1.50900e+29
      9730.00  1.49800e+29
      9750.00  1.49200e+29
      9770.00  1.49800e+29
      9790.00  1.47900e+29
      9810.00  1.51000e+29
      9830.00  1.49800e+29
      9850.00  1.50600e+29
      9870.00  1.49600e+29
      9890.00  1.49400e+29
      9910.00  1.48800e+29
      9930.00  1.49300e+29
      9950.00  1.49400e+29
      9970.00  1.49500e+29
      9990.00  1.49000e+29
      10025.0  1.47906e+29
      10075.0  1.45804e+29
      10125.0  1.47400e+29
      10175.0  1.45800e+29
      10225.0  1.46000e+29
      10275.0  1.46100e+29
      10325.0  1.44371e+29
      10375.0  1.43100e+29
      10425.0  1.43600e+29
      10475.0  1.41600e+29
      10525.0  1.40800e+29
      10575.0  1.38500e+29
      10625.0  1.37500e+29
      10675.0  1.35613e+29
      10725.0  1.36300e+29
      10775.0  1.35200e+29
      10825.0  1.33866e+29
      10875.0  1.33000e+29
      10925.0  1.32179e+29
      10975.0  1.31201e+29
      11025.0  1.31200e+29
      11075.0  1.30000e+29
      11125.0  1.29200e+29
      11175.0  1.28100e+29
      11225.0  1.28100e+29
      11275.0  1.26300e+29
      11325.0  1.26000e+29
      11375.0  1.25100e+29
      11425.0  1.23800e+29
      11475.0  1.25000e+29
      11525.0  1.24500e+29
      11575.0  1.23000e+29
      11625.0  1.21200e+29
      11675.0  1.21100e+29
      11725.0  1.21600e+29
      11775.0  1.19100e+29
      11825.0  1.18200e+29
      11875.0  1.16400e+29
      11925.0  1.18000e+29
      11975.0  1.14300e+29
      12025.0  1.16200e+29
      12075.0  1.15100e+29
      12125.0  1.15100e+29
      12175.0  1.15200e+29
      12225.0  1.14400e+29
      12275.0  1.13500e+29
      12325.0  1.12800e+29
      12375.0  1.12400e+29
      12425.0  1.11200e+29
      12475.0  1.10800e+29
      12525.0  1.09700e+29
      12575.0  1.09300e+29
      12625.0  1.08700e+29
      12675.0  1.07800e+29
      12725.0  1.07700e+29
      12775.0  1.07521e+29
      12825.0  1.03748e+29
      12875.0  1.05700e+29
      12925.0  1.04600e+29
      12975.0  1.05400e+29
      13025.0  1.04200e+29
      13075.0  1.04300e+29
      13125.0  1.02400e+29
      13175.0  1.02000e+29
      13225.0  1.01900e+29
      13275.0  1.00200e+29
      13325.0  1.00400e+29
      13375.0  9.93800e+28
      13425.0  9.95400e+28
      13475.0  9.86900e+28
      13525.0  9.80700e+28
      13575.0  9.65400e+28
      13625.0  9.60600e+28
      13675.0  9.63200e+28
      13725.0  9.64200e+28
      13775.0  9.60200e+28
      13825.0  9.59800e+28
      13875.0  9.50500e+28
      13925.0  9.30200e+28
      13975.0  9.26100e+28
      14025.0  9.14300e+28
      14075.0  9.20600e+28
      14125.0  9.09900e+28
      14175.0  9.16400e+28
      14225.0  9.04000e+28
      14275.0  8.91400e+28
      14325.0  9.05700e+28
      14375.0  9.08500e+28
      14425.0  8.86200e+28
      14475.0  9.02400e+28
      14525.0  8.91700e+28
      14570.0  8.96300e+28
      14620.0  8.86700e+28
      14675.0  8.83800e+28
      14725.0  8.72800e+28
      14775.0  8.77400e+28
      14825.0  8.78800e+28
      14875.0  8.69500e+28
      14925.0  8.87300e+28
      14975.0  8.78100e+28
      15025.0  8.68100e+28
      15075.0  8.66000e+28
      15125.0  8.80300e+28
      15175.0  8.81600e+28
      15225.0  8.79700e+28
      15275.0  8.84800e+28
      15325.0  8.80500e+28
      15375.0  8.81800e+28
      15425.0  8.77900e+28
      15475.0  8.78800e+28
      15525.0  8.70600e+28
      15575.0  8.48200e+28
      15625.0  8.59700e+28
      15675.0  8.52800e+28
      15725.0  8.66400e+28
      15775.0  8.22100e+28
      15825.0  8.30000e+28
      15875.0  8.20700e+28
      15925.0  8.45100e+28
      15975.0  8.31500e+28
      16050.0  8.38900e+28
      16150.0  8.40700e+28
      16250.0  8.28800e+28
      16350.0  8.40300e+28
      16450.0  8.09198e+28
      16550.0  8.24200e+28
      16650.0  8.04800e+28
      16750.0  7.97900e+28
      16850.0  7.79400e+28
      16950.0  7.85300e+28
      17050.0  7.66400e+28
      17150.0  7.57400e+28
      17250.0  7.40000e+28
      17350.0  7.16500e+28
      17450.0  7.11500e+28
      17550.0  6.98200e+28
      17650.0  6.85200e+28
      17750.0  6.67800e+28
      17850.0  6.57800e+28
      17950.0  6.42200e+28
      18050.0  6.26000e+28
      18150.0  6.12200e+28
      18250.0  6.05300e+28
      18350.0  5.96900e+28
      18450.0  5.83900e+28
      18550.0  5.77900e+28
      18650.0  5.62700e+28
      18750.0  5.51409e+28
      18850.0  5.49100e+28
      18950.0  5.30000e+28
      19050.0  5.36200e+28
      19150.0  5.26600e+28
      19250.0  5.20300e+28
      19350.0  5.07200e+28
      19450.0  4.94022e+28
      19550.0  4.94500e+28
      19650.0  4.86200e+28
      19750.0  4.75000e+28
      19850.0  4.70100e+28
      19950.0  4.64500e+28
      20050.0  4.62400e+28
      20150.0  4.56800e+28
      20250.0  4.46000e+28
      20350.0  4.41000e+28
      20450.0  4.40700e+28
      20550.0  4.34344e+28
      20650.0  4.27901e+28
      20750.0  4.24000e+28
      20850.0  4.18500e+28
      20950.0  4.11600e+28
      21050.0  4.10800e+28
      21150.0  4.04300e+28
      21250.0  3.99497e+28
      21350.0  3.97300e+28
      21450.0  3.92300e+28
      21550.0  3.86900e+28
      21650.0  3.78511e+28
      21750.0  3.74900e+28
      21850.0  3.71300e+28
      21950.0  3.67500e+28
      22050.0  3.58800e+28
      22150.0  3.58800e+28
      22250.0  3.50400e+28
      22350.0  3.46700e+28
      22450.0  3.42500e+28
      22550.0  3.38800e+28
      22650.0  3.31900e+28
      22750.0  3.30500e+28
      22850.0  3.23700e+28
      22950.0  2.79800e+28
      23050.0  2.95400e+28
      23150.0  2.93000e+28
      23250.0  2.56600e+28
      23350.0  2.72700e+28
      23450.0  2.65600e+28
      23550.0  2.37500e+28
      23650.0  2.54600e+28
      23750.0  2.47100e+28
      23850.0  2.25100e+28
      23950.0  2.37600e+28
      24050.0  2.34500e+28
      24150.0  2.15200e+28
      24250.0  2.23300e+28
      24350.0  2.19900e+28
      24450.0  2.08100e+28
      24550.0  2.05600e+28
      24650.0  2.09100e+28
      24750.0  2.01300e+28
      24850.0  1.88300e+28
      24950.0  1.89900e+28
      25050.0  1.93100e+28
      25150.0  1.79700e+28
      25250.0  1.84800e+28
      25350.0  1.84500e+28
      25450.0  1.80400e+28
      25550.0  1.78500e+28
      25650.0  1.78800e+28
      25750.0  1.79900e+28
      25850.0  1.72300e+28
      25950.0  1.74000e+28
      26050.0  1.74800e+28
      26150.0  1.71100e+28
      26250.0  1.68356e+28
      26350.0  1.69100e+28
      26450.0  1.67700e+28
      26550.0  1.65200e+28
      26650.0  1.61900e+28
      26750.0  1.64300e+28
      26850.0  1.62400e+28
      26950.0  1.58400e+28
      27050.0  1.58900e+28
      27150.0  1.57200e+28
      27250.0  1.56600e+28
      27350.0  1.53000e+28
      27450.0  1.53000e+28
      27550.0  1.51800e+28
      27650.0  1.49700e+28
      27750.0  1.47200e+28
      27850.0  1.47000e+28
      27950.0  1.46400e+28
      28050.0  1.44500e+28
      28150.0  1.42300e+28
      28250.0  1.41500e+28
      28350.0  1.40600e+28
      28450.0  1.38800e+28
      28550.0  1.37300e+28
      28650.0  1.36000e+28
      28750.0  1.34300e+28
      28850.0  1.33300e+28
      28950.0  1.32000e+28
      29050.0  1.30700e+28
      29150.0  1.29500e+28
      29250.0  1.27200e+28
      29350.0  1.27000e+28
      29450.0  1.25200e+28
      29550.0  1.24100e+28
      29650.0  1.23200e+28
      29750.0  1.21800e+28
      29850.0  1.20400e+28
      29950.0  1.19100e+28
      30050.0  1.17900e+28
      30150.0  1.17200e+28
      30250.0  1.15600e+28
      30350.0  1.13900e+28
      30450.0  1.13700e+28
      30550.0  1.12400e+28
      30650.0  1.11400e+28
      30750.0  1.10500e+28
      30850.0  1.09100e+28
      30950.0  1.08400e+28
      31050.0  1.07700e+28
      31150.0  1.05900e+28
      31250.0  1.05500e+28
      31350.0  1.04500e+28
      31450.0  1.03500e+28
      31550.0  1.02400e+28
      31650.0  1.01300e+28
      31750.0  1.00600e+28
      31850.0  9.96500e+27
      31950.0  9.88800e+27
      32100.0  9.74000e+27
      32300.0  9.55800e+27
      32500.0  9.38600e+27
      32700.0  9.20300e+27
      32900.0  8.99800e+27
      33100.0  8.85500e+27
      33300.0  8.68700e+27
      33500.0  8.54600e+27
      33700.0  8.37600e+27
      33900.0  8.21000e+27
      34100.0  8.04500e+27
      34300.0  7.91900e+27
      34500.0  7.77600e+27
      34700.0  7.62200e+27
      34900.0  7.48200e+27
      35100.0  7.34900e+27
      35300.0  7.19400e+27
      35500.0  7.07000e+27
      35700.0  6.93000e+27
      35900.0  6.79800e+27
      36100.0  6.69000e+27
      36300.0  6.56100e+27
      36500.0  6.42400e+27
      36700.0  6.30100e+27
      36900.0  6.16100e+27
      37100.0  6.04100e+27
      37300.0  5.94800e+27
      37500.0  5.80200e+27
      37700.0  5.73000e+27
      37900.0  5.61700e+27
      38100.0  5.52500e+27
      38300.0  5.43200e+27
      38500.0  5.33600e+27
      38700.0  5.21600e+27
      38900.0  5.12800e+27
      39100.0  5.03700e+27
      39300.0  4.94800e+27
      39500.0  4.83600e+27
      39700.0  4.75400e+27
      39900.0  4.64200e+27
      40100.0  4.57700e+27
      40300.0  4.50400e+27
      40500.0  4.45818e+27
      40700.0  4.33700e+27
      40900.0  4.26100e+27
      41100.0  4.19000e+27
      41300.0  4.11900e+27
      41500.0  4.04100e+27
      41700.0  3.96700e+27
      41900.0  3.89900e+27
      42100.0  3.82300e+27
      42300.0  3.77700e+27
      42500.0  3.70100e+27
      42700.0  3.64600e+27
      42900.0  3.43700e+27
      43100.0  3.22700e+27
      43300.0  3.23800e+27
      43500.0  3.06100e+27
      43700.0  2.96900e+27
      43900.0  2.90300e+27
      44100.0  2.76400e+27
      44300.0  2.72200e+27
      44500.0  2.67100e+27
      44700.0  2.56700e+27
      44900.0  2.56900e+27
      45100.0  2.50300e+27
      45300.0  2.43100e+27
      45500.0  2.42700e+27
      45700.0  2.39600e+27
      45900.0  2.30800e+27
      46100.0  2.32400e+27
      46300.0  2.27600e+27
      46500.0  2.24600e+27
      46700.0  2.24100e+27
      46900.0  2.20000e+27
      47100.0  2.15600e+27
      47300.0  2.16600e+27
      47500.0  2.11300e+27
      47700.0  2.09000e+27
      47900.0  2.07000e+27
      48100.0  2.01600e+27
      48300.0  2.03100e+27
      48500.0  1.98800e+27
      48700.0  1.94900e+27
      48900.0  1.92400e+27
      49100.0  1.89900e+27
      49300.0  1.87300e+27
      49500.0  1.83800e+27
      49700.0  1.83200e+27
      49900.0  1.80100e+27
      50100.0  1.78200e+27
      50300.0  1.75800e+27
      50500.0  1.72100e+27
      50700.0  1.70900e+27
      50900.0  1.68600e+27
      51100.0  1.65600e+27
      51300.0  1.64500e+27
      51500.0  1.61700e+27
      51700.0  1.61200e+27
      51900.0  1.58300e+27
      52100.0  1.56700e+27
      52300.0  1.53900e+27
      52500.0  1.52800e+27
      52700.0  1.52400e+27
      52900.0  1.48600e+27
      53100.0  1.46500e+27
      53300.0  1.45600e+27
      53500.0  1.43800e+27
      53700.0  1.42300e+27
      53900.0  1.40700e+27
      54100.0  1.39100e+27
      54300.0  1.36400e+27
      54500.0  1.36100e+27
      54700.0  1.33600e+27
      54900.0  1.32400e+27
      55100.0  1.30500e+27
      55300.0  1.31300e+27
      55500.0  1.27400e+27
      55700.0  1.27500e+27
      55900.0  1.25200e+27
      56100.0  1.24500e+27
      56300.0  1.22000e+27
      56500.0  1.21600e+27
      56700.0  1.20200e+27
      56900.0  1.17900e+27
      57100.0  1.17700e+27
      57300.0  1.16200e+27
      57500.0  1.14900e+27
      57700.0  1.13300e+27
      57900.0  1.12700e+27
      58100.0  1.10900e+27
      58300.0  1.09800e+27
      58500.0  1.08600e+27
      58700.0  1.06800e+27
      58900.0  1.05800e+27
      59100.0  1.04600e+27
      59300.0  1.03700e+27
      59500.0  1.02200e+27
      59700.0  1.01400e+27
      59900.0  1.00300e+27
      60100.0  9.91200e+26
      60300.0  9.79700e+26
      60500.0  9.65000e+26
      60700.0  9.54700e+26
      60900.0  9.43400e+26
      61100.0  9.31100e+26
      61300.0  9.23100e+26
      61500.0  9.13800e+26
      61700.0  9.05600e+26
      61900.0  8.94500e+26
      62100.0  8.85800e+26
      62300.0  8.73400e+26
      62500.0  8.61500e+26
      62700.0  8.52000e+26
      62900.0  8.43300e+26
      63100.0  8.33200e+26
      63300.0  8.26700e+26
      63500.0  8.15800e+26
      63700.0  8.09400e+26
      63900.0  7.97400e+26
      64200.0  7.85300e+26
      64600.0  7.66900e+26
      65000.0  7.50300e+26
      65400.0  7.33500e+26
      65800.0  7.18300e+26
      66200.0  7.01900e+26
      66600.0  6.86800e+26
      67000.0  6.72100e+26
      67400.0  6.56900e+26
      67800.0  6.42800e+26
      68200.0  6.28800e+26
      68600.0  6.15700e+26
      69000.0  6.02200e+26
      69400.0  5.89400e+26
      69800.0  5.77000e+26
      70200.0  5.64400e+26
      70600.0  5.52900e+26
      71000.0  5.41100e+26
      71400.0  5.29800e+26
      71800.0  5.18500e+26
      72200.0  5.07700e+26
      72600.0  4.97000e+26
      73000.0  4.86800e+26
      73400.0  4.76500e+26
      73800.0  4.66900e+26
      74200.0  4.56900e+26
      74600.0  4.47200e+26
      75000.0  4.38300e+26
      75400.0  4.29200e+26
      75800.0  4.20600e+26
      76200.0  4.11800e+26
      76600.0  4.03300e+26
      77000.0  3.94900e+26
      77400.0  3.86800e+26
      77800.0  3.79000e+26
      78200.0  3.71200e+26
      78600.0  3.63700e+26
      79000.0  3.56400e+26
      79400.0  3.49300e+26
      79800.0  3.42000e+26
      80200.0  3.34700e+26
      80600.0  3.27800e+26
      81000.0  3.21200e+26
      81400.0  3.14500e+26
      81800.0  3.08200e+26
      82200.0  3.01900e+26
      82600.0  2.95700e+26
      83000.0  2.89800e+26
      83400.0  2.83800e+26
      83800.0  2.78200e+26
      84200.0  2.72700e+26
      84600.0  2.67200e+26
      85000.0  2.61900e+26
      85400.0  2.56800e+26
      85800.0  2.51700e+26
      86200.0  2.46800e+26
      86600.0  2.42000e+26
      87000.0  2.37300e+26
      87400.0  2.32800e+26
      87800.0  2.28300e+26
      88200.0  2.23800e+26
      88600.0  2.19600e+26
      89000.0  2.15400e+26
      89400.0  2.11400e+26
      89800.0  2.07300e+26
      90200.0  2.03500e+26
      90600.0  1.99800e+26
      91000.0  1.95900e+26
      91400.0  1.92400e+26
      91800.0  1.88900e+26
      92200.0  1.85400e+26
      92600.0  1.82100e+26
      93000.0  1.78800e+26
      93400.0  1.75500e+26
      93800.0  1.72400e+26
      94200.0  1.69300e+26
      94600.0  1.66400e+26
      95000.0  1.63800e+26
      95400.0  1.61300e+26
      95800.0  1.58900e+26
      96200.0  1.56400e+26
      96600.0  1.54100e+26
      97000.0  1.51700e+26
      97400.0  1.49300e+26
      97800.0  1.47100e+26
      98200.0  1.44900e+26
      98600.0  1.42800e+26
      99000.0  1.40700e+26
      99400.0  1.38600e+26
      99800.0  1.36500e+26
      100200.  1.34500e+26
      200000.  9.51100e+24
      400000.  6.35000e+23
      600000.  1.31900e+23
      800000.  4.42500e+22
  1.00000e+06  1.94300e+22
  1.20000e+06  1.01900e+22
  1.40000e+06  6.02800e+21
  1.60000e+06  3.89600e+21
