      91.0000       0.0000000
      94.0000       0.0000000
      96.0000       0.0000000
      98.0000       0.0000000
      100.000       0.0000000
      102.000       0.0000000
      104.000       0.0000000
      106.000       0.0000000
      108.000       0.0000000
      110.000       0.0000000
      114.000       0.0000000
      118.000       0.0000000
      121.000       0.0000000
      125.000       0.0000000
      127.000       0.0000000
      128.000       0.0000000
      131.000       0.0000000
      132.000       0.0000000
      134.000       0.0000000
      137.000       0.0000000
      140.000       0.0000000
      143.000       0.0000000
      147.000       0.0000000
      151.000       0.0000000
      155.000       0.0000000
      159.000       0.0000000
      162.000       0.0000000
      166.000       0.0000000
      170.000       0.0000000
      173.000       0.0000000
      177.000       0.0000000
      180.000       0.0000000
      182.000       0.0000000
      186.000       0.0000000
      191.000       0.0000000
      194.000       0.0000000
      198.000       0.0000000
      202.000       0.0000000
      205.000       0.0000000
      210.000       0.0000000
      216.000       0.0000000
      220.000       0.0000000
      223.000       0.0000000
      227.000       0.0000000
      230.000       0.0000000
      234.000       0.0000000
      240.000       0.0000000
      246.000       0.0000000
      252.000       0.0000000
      257.000       0.0000000
      260.000       0.0000000
      264.000       0.0000000
      269.000       0.0000000
      274.000       0.0000000
      279.000       0.0000000
      284.000       0.0000000
      290.000       0.0000000
      296.000       0.0000000
      301.000       0.0000000
      308.000       0.0000000
      318.000       0.0000000
      328.000       0.0000000
      338.000       0.0000000
      348.000       0.0000000
      357.000       0.0000000
      366.000       0.0000000
      375.000       0.0000000
      385.000       0.0000000
      395.000       0.0000000
      405.000       0.0000000
      414.000       0.0000000
      422.000       0.0000000
      430.000       0.0000000
      441.000       0.0000000
      451.000       0.0000000
      460.000       0.0000000
      470.000       0.0000000
      480.000       0.0000000
      490.000       0.0000000
      500.000       0.0000000
      506.000       0.0000000
      512.000       0.0000000
      520.000       0.0000000
      530.000       0.0000000
      540.000       0.0000000
      550.000       0.0000000
      560.000       0.0000000
      570.000       0.0000000
      580.000       0.0000000
      590.000       0.0000000
      600.000       0.0000000
      610.000       0.0000000
      620.000       0.0000000
      630.000       0.0000000
      640.000       0.0000000
      650.000       0.0000000
      658.000       0.0000000
      665.000       0.0000000
      675.000       0.0000000
      685.000       0.0000000
      695.000       0.0000000
      705.000       0.0000000
      716.000       0.0000000
      726.000       0.0000000
      735.000       0.0000000
      745.000       0.0000000
      755.000       0.0000000
      765.000       0.0000000
      775.000       0.0000000
      785.000       0.0000000
      795.000       0.0000000
      805.000       0.0000000
      815.000       0.0000000
      825.000       0.0000000
      835.000       0.0000000
      845.000       0.0000000
      855.000       0.0000000
      865.000       0.0000000
      875.000       0.0000000
      885.000       0.0000000
      895.000       0.0000000
      905.000       0.0000000
      915.000   8.8145140e+25
      925.000   2.2296899e+26
      935.000   3.6957584e+26
      945.000   4.9870451e+26
      955.000   5.9954897e+26
      965.000   6.3823317e+26
      975.000   2.2329852e+26
      985.000   4.7630324e+26
      995.000   5.1181481e+26
      1005.00   7.2472509e+26
      1015.00   8.0258270e+26
      1025.00   6.1562980e+26
      1035.00   7.4797127e+26
      1045.00   1.1283303e+27
      1055.00   1.1206856e+27
      1065.00   9.3088712e+26
      1075.00   1.0940450e+27
      1085.00   9.7819377e+26
      1095.00   1.2495436e+27
      1105.00   1.2364972e+27
      1115.00   1.2419258e+27
      1125.00   1.0914147e+27
      1135.00   1.4524321e+27
      1145.00   1.4324837e+27
      1155.00   1.5147091e+27
      1165.00   1.5410118e+27
      1175.00   9.7106313e+26
      1185.00   1.5964034e+27
      1195.00   1.3748312e+27
      1205.00   1.1607180e+27
      1215.00   1.8215880e+28
      1225.00   1.5741124e+27
      1235.00   2.0390442e+27
      1245.00   2.1759627e+27
      1255.00   2.1476061e+27
      1265.00   2.1037169e+27
      1275.00   2.5296927e+27
      1285.00   2.6825557e+27
      1295.00   2.2287877e+27
      1305.00   2.2972264e+27
      1315.00   2.8405459e+27
      1325.00   2.7611993e+27
      1335.00   2.7125906e+27
      1345.00   2.9768715e+27
      1355.00   2.9419106e+27
      1365.00   2.7154073e+27
      1375.00   2.7982764e+27
      1385.00   2.7998089e+27
      1395.00   2.1081591e+27
      1405.00   2.1485377e+27
      1415.00   2.7228998e+27
      1425.00   2.7550988e+27
      1435.00   2.8935347e+27
      1442.00   3.0078012e+27
      1447.00   3.0605822e+27
      1455.00   2.9669781e+27
      1465.00   2.7836837e+27
      1475.00   2.8835417e+27
      1485.00   2.9797523e+27
      1495.00   3.0152526e+27
      1505.00   2.8646177e+27
      1512.00   2.5975772e+27
      1517.00   2.7695002e+27
      1525.00   2.7198307e+27
      1535.00   2.3074907e+27
      1545.00   2.2501978e+27
      1555.00   2.2406580e+27
      1565.00   2.4977365e+27
      1575.00   2.7381771e+27
      1585.00   2.9136809e+27
      1595.00   2.9730037e+27
      1605.00   2.9527739e+27
      1615.00   2.9613163e+27
      1625.00   2.8875006e+27
      1635.00   3.1177343e+27
      1645.00   3.2238927e+27
      1655.00   3.0514999e+27
      1665.00   3.3314026e+27
      1672.00   2.9345253e+27
      1677.00   3.6195577e+27
      1685.00   3.7117284e+27
      1695.00   3.4932804e+27
      1705.00   3.4645698e+27
      1715.00   3.3632210e+27
      1725.00   3.3719743e+27
      1735.00   3.6755139e+27
      1745.00   3.6431491e+27
      1755.00   3.9041832e+27
      1765.00   3.6009798e+27
      1775.00   3.6914679e+27
      1785.00   3.8412580e+27
      1795.00   4.1671901e+27
      1805.00   4.2071238e+27
      1815.00   3.9718752e+27
      1825.00   4.0199378e+27
      1835.00   3.9463888e+27
      1845.00   3.5835209e+27
      1855.00   3.7385940e+27
      1865.00   3.9679552e+27
      1875.00   4.1941488e+27
      1885.00   3.9548669e+27
      1895.00   3.9358080e+27
      1905.00   4.3847974e+27
      1915.00   4.0823185e+27
      1925.00   3.9915290e+27
      1935.00   3.9605239e+27
      1945.00   4.4490253e+27
      1955.00   4.2273281e+27
      1967.00   4.7367283e+27
      1976.00   4.8315146e+27
      1984.00   4.6581533e+27
      1995.00   4.5870949e+27
      2005.00   4.6684308e+27
      2015.00   4.6340145e+27
      2025.00   4.6760985e+27
      2035.00   4.6926261e+27
      2045.00   4.9866958e+27
      2055.00   4.6757235e+27
      2065.00   4.7339834e+27
      2074.00   5.3645214e+27
      2078.00   5.2601123e+27
      2085.00   5.4178436e+27
      2095.00   5.1633235e+27
      2105.00   5.1294690e+27
      2115.00   5.3191806e+27
      2125.00   5.3731743e+27
      2135.00   4.9648792e+27
      2145.00   5.3118253e+27
      2155.00   5.4686053e+27
      2165.00   5.2635457e+27
      2175.00   5.2925794e+27
      2185.00   5.4111409e+27
      2195.00   5.7857709e+27
      2205.00   5.6443860e+27
      2215.00   5.2949569e+27
      2225.00   5.2976584e+27
      2235.00   5.8668954e+27
      2245.00   5.6066766e+27
      2255.00   5.2858395e+27
      2265.00   5.3641922e+27
      2275.00   5.6273728e+27
      2285.00   5.9348538e+27
      2295.00   5.4878867e+27
      2305.00   5.7960845e+27
      2315.00   5.6160193e+27
      2325.00   5.3722699e+27
      2335.00   5.1307006e+27
      2345.00   4.7103925e+27
      2355.00   5.6351019e+27
      2365.00   4.8613233e+27
      2375.00   5.2997928e+27
      2385.00   4.4995814e+27
      2395.00   4.9755210e+27
      2405.00   4.8894808e+27
      2415.00   5.0637778e+27
      2425.00   5.8666648e+27
      2435.00   5.7171110e+27
      2445.00   6.1797350e+27
      2455.00   6.1856077e+27
      2465.00   6.1964477e+27
      2475.00   5.8459752e+27
      2485.00   5.6861486e+27
      2495.00   5.2495701e+27
      2505.00   6.5220910e+27
      2513.00   5.4023535e+27
      2518.00   5.1848712e+27
      2525.00   5.0850454e+27
      2535.00   5.4094213e+27
      2545.00   5.4802049e+27
      2555.00   6.2864734e+27
      2565.00   6.0291367e+27
      2575.00   6.6332627e+27
      2585.00   6.5762734e+27
      2595.00   6.4462536e+27
      2605.00   6.1725038e+27
      2615.00   5.9155566e+27
      2625.00   6.7550892e+27
      2635.00   7.3931153e+27
      2645.00   8.5882930e+27
      2655.00   9.2706944e+27
      2665.00   7.9854125e+27
      2675.00   8.5962165e+27
      2685.00   8.9118569e+27
      2695.00   8.0171755e+27
      2705.00   8.5697785e+27
      2715.00   7.7587020e+27
      2725.00   7.7323580e+27
      2735.00   8.4300243e+27
      2745.00   6.6991013e+27
      2755.00   7.3345569e+27
      2765.00   8.0546892e+27
      2775.00   8.6381360e+27
      2785.00   7.5569633e+27
      2795.00   4.9188318e+27
      2805.00   5.4624087e+27
      2815.00   8.8509328e+27
      2825.00   9.8541227e+27
      2835.00   9.5770810e+27
      2845.00   8.9941166e+27
      2855.00   7.9178005e+27
      2865.00   9.9206663e+27
      2875.00   1.0411163e+28
      2885.00   1.0311586e+28
      2895.00   1.0470752e+28
      2910.00   1.2149625e+28
      2930.00   1.1690803e+28
      2950.00   1.1564665e+28
      2970.00   1.2013251e+28
      2990.00   1.2318506e+28
      3010.00   1.2646332e+28
      3030.00   1.2962488e+28
      3050.00   1.3390770e+28
      3070.00   1.3777996e+28
      3090.00   1.4003009e+28
      3110.00   1.4434780e+28
      3130.00   1.4304522e+28
      3150.00   1.4572575e+28
      3170.00   1.5130171e+28
      3190.00   1.4302536e+28
      3210.00   1.5272671e+28
      3230.00   1.4419831e+28
      3250.00   1.6421003e+28
      3270.00   1.7771677e+28
      3290.00   1.7879398e+28
      3310.00   1.7963814e+28
      3330.00   1.8121486e+28
      3350.00   1.8020605e+28
      3370.00   1.6666126e+28
      3390.00   1.7621394e+28
      3410.00   1.8055042e+28
      3430.00   1.8831234e+28
      3450.00   1.9283115e+28
      3470.00   1.9688557e+28
      3490.00   2.0647142e+28
      3510.00   2.1552398e+28
      3530.00   2.0902072e+28
      3550.00   2.2717377e+28
      3570.00   2.0067619e+28
      3590.00   2.0069368e+28
      3610.00   2.1928438e+28
      3630.00   2.2567846e+28
      3640.00   2.2990693e+28
      3650.00   2.4381536e+28
      3670.00   2.4491356e+28
      3690.00   2.3412341e+28
      3710.00   2.5809374e+28
      3730.00   3.4787924e+28
      3750.00   2.6832362e+28
      3770.00   2.9864549e+28
      3790.00   3.2494151e+28
      3810.00   3.4701559e+28
      3830.00   2.7376383e+28
      3850.00   3.4867729e+28
      3870.00   3.8133371e+28
      3890.00   3.2057949e+28
      3910.00   4.0940220e+28
      3930.00   2.9475992e+28
      3950.00   3.9396755e+28
      3970.00   2.8401608e+28
      3990.00   4.6334108e+28
      4010.00   5.0421914e+28
      4030.00   5.0866854e+28
      4050.00   5.0642925e+28
      4070.00   4.9790232e+28
      4090.00   5.0434267e+28
      4110.00   4.5638506e+28
      4130.00   5.2790516e+28
      4150.00   5.4010151e+28
      4170.00   5.4925283e+28
      4190.00   5.4580082e+28
      4210.00   5.5428866e+28
      4230.00   5.4695124e+28
      4250.00   5.6027293e+28
      4270.00   5.4815589e+28
      4290.00   5.3674427e+28
      4310.00   4.9264935e+28
      4330.00   5.4656774e+28
      4350.00   5.1470852e+28
      4370.00   6.1406878e+28
      4390.00   5.9678582e+28
      4410.00   6.1922301e+28
      4430.00   6.4830305e+28
      4450.00   6.5488128e+28
      4470.00   6.8156555e+28
      4490.00   6.9185416e+28
      4510.00   7.4158681e+28
      4530.00   6.9831897e+28
      4550.00   7.1552386e+28
      4570.00   7.5443826e+28
      4590.00   7.3428173e+28
      4610.00   7.5510060e+28
      4630.00   7.4965053e+28
      4650.00   7.6155946e+28
      4670.00   7.8198940e+28
      4690.00   7.7781370e+28
      4710.00   7.6467030e+28
      4730.00   7.9226205e+28
      4750.00   8.1012062e+28
      4770.00   8.0966686e+28
      4790.00   8.1293552e+28
      4810.00   8.1386329e+28
      4830.00   8.2153161e+28
      4850.00   7.6944428e+28
      4870.00   7.0223131e+28
      4890.00   8.1583938e+28
      4910.00   8.3082944e+28
      4930.00   8.2600888e+28
      4950.00   8.5460933e+28
      4970.00   8.5915056e+28
      4990.00   8.2704289e+28
      5010.00   1.0856428e+29
      5030.00   8.4255609e+28
      5050.00   8.4314003e+28
      5070.00   8.7193681e+28
      5090.00   8.5140631e+28
      5110.00   8.6781961e+28
      5130.00   8.5432514e+28
      5150.00   8.3857675e+28
      5170.00   8.1337864e+28
      5190.00   8.3238384e+28
      5210.00   8.6184153e+28
      5230.00   8.9197963e+28
      5250.00   9.1911094e+28
      5270.00   8.6090158e+28
      5290.00   9.3324930e+28
      5310.00   9.6460170e+28
      5330.00   9.0527262e+28
      5350.00   9.5832941e+28
      5370.00   9.5778148e+28
      5390.00   9.5210450e+28
      5410.00   9.4456405e+28
      5430.00   9.5863160e+28
      5450.00   9.8029593e+28
      5470.00   9.7299776e+28
      5490.00   9.7988911e+28
      5510.00   9.8106036e+28
      5530.00   1.0025256e+29
      5550.00   1.0159737e+29
      5570.00   1.0036645e+29
      5590.00   9.9682579e+28
      5610.00   1.0185041e+29
      5630.00   1.0241229e+29
      5650.00   1.0352528e+29
      5670.00   1.0225375e+29
      5690.00   1.0472035e+29
      5710.00   1.0282477e+29
      5730.00   1.0838890e+29
      5750.00   1.0657492e+29
      5770.00   1.0761386e+29
      5790.00   1.0585906e+29
      5810.00   1.0845405e+29
      5830.00   1.1054203e+29
      5850.00   1.0894615e+29
      5870.00   1.1009658e+29
      5890.00   1.0245890e+29
      5910.00   1.0908910e+29
      5930.00   1.1005181e+29
      5950.00   1.1053838e+29
      5970.00   1.1199015e+29
      5990.00   1.1143111e+29
      6010.00   1.1078156e+29
      6030.00   1.1278819e+29
      6050.00   1.1464052e+29
      6070.00   1.1472329e+29
      6090.00   1.1296463e+29
      6110.00   1.1346899e+29
      6130.00   1.1004243e+29
      6150.00   1.1219149e+29
      6170.00   1.0949131e+29
      6190.00   1.1375877e+29
      6210.00   1.1368415e+29
      6230.00   1.1188849e+29
      6250.00   1.0978019e+29
      6270.00   1.1387899e+29
      6290.00   1.1560557e+29
      6310.00   1.1304000e+29
      6330.00   1.1399384e+29
      6350.00   1.1470527e+29
      6370.00   1.1498427e+29
      6390.00   1.1636645e+29
      6410.00   1.1499968e+29
      6430.00   1.1621192e+29
      6450.00   1.1627980e+29
      6470.00   1.1648988e+29
      6490.00   1.1511988e+29
      6510.00   1.1810657e+29
      6530.00   1.1821860e+29
      6550.00   1.1917357e+29
      6570.00   1.1894002e+29
      6590.00   1.2361259e+29
      6610.00   1.1966913e+29
      6630.00   1.1995117e+29
      6650.00   1.2025352e+29
      6670.00   1.1933307e+29
      6690.00   1.2106277e+29
      6710.00   1.2268436e+29
      6730.00   1.2562026e+29
      6750.00   1.2000263e+29
      6770.00   1.2082575e+29
      6790.00   1.2059616e+29
      6810.00   1.2106507e+29
      6830.00   1.2229150e+29
      6850.00   1.2077829e+29
      6870.00   1.2228970e+29
      6890.00   1.2383413e+29
      6910.00   1.2385945e+29
      6930.00   1.2382903e+29
      6950.00   1.2391368e+29
      6970.00   1.2524877e+29
      6990.00   1.2527793e+29
      7010.00   1.2437919e+29
      7030.00   1.2619180e+29
      7050.00   1.2670818e+29
      7070.00   1.2512483e+29
      7090.00   1.2354411e+29
      7110.00   1.2225262e+29
      7130.00   1.2323478e+29
      7150.00   1.2172599e+29
      7170.00   1.2264523e+29
      7190.00   1.2074534e+29
      7210.00   1.2285032e+29
      7230.00   1.2470664e+29
      7250.00   1.2549149e+29
      7270.00   1.2622457e+29
      7290.00   1.2517146e+29
      7310.00   1.2765105e+29
      7330.00   1.2871459e+29
      7350.00   1.2939299e+29
      7370.00   1.3175010e+29
      7390.00   1.3028507e+29
      7410.00   1.2976042e+29
      7430.00   1.3242115e+29
      7450.00   1.3299663e+29
      7470.00   1.3437767e+29
      7490.00   1.3436875e+29
      7510.00   1.3556016e+29
      7530.00   1.3712263e+29
      7550.00   1.3809866e+29
      7570.00   1.3788337e+29
      7590.00   1.3671801e+29
      7610.00   1.3585212e+29
      7630.00   1.3431049e+29
      7650.00   1.3309706e+29
      7670.00   1.2957255e+29
      7690.00   1.3208115e+29
      7710.00   1.3053311e+29
      7730.00   1.3123236e+29
      7750.00   1.3077992e+29
      7770.00   1.3224722e+29
      7790.00   1.3318532e+29
      7810.00   1.3355764e+29
      7830.00   1.3296656e+29
      7850.00   1.3233540e+29
      7870.00   1.3402631e+29
      7890.00   1.3308022e+29
      7910.00   1.3135817e+29
      7930.00   1.3173274e+29
      7950.00   1.3148994e+29
      7970.00   1.3463968e+29
      7990.00   1.3489337e+29
      8010.00   1.3685735e+29
      8030.00   1.3742492e+29
      8050.00   1.3748989e+29
      8070.00   1.3887415e+29
      8090.00   1.3842964e+29
      8110.00   1.3981880e+29
      8130.00   1.4201085e+29
      8150.00   1.4309498e+29
      8170.00   1.4415051e+29
      8190.00   1.4182410e+29
      8210.00   1.4138485e+29
      8230.00   1.4207461e+29
      8250.00   1.4243895e+29
      8270.00   1.4352137e+29
      8290.00   1.4293229e+29
      8310.00   1.4055442e+29
      8330.00   1.3954431e+29
      8350.00   1.4054795e+29
      8370.00   1.4108806e+29
      8390.00   1.3814981e+29
      8410.00   1.4112677e+29
      8430.00   1.3721620e+29
      8450.00   1.3574121e+29
      8470.00   1.3543901e+29
      8490.00   1.3615190e+29
      8510.00   1.3085429e+29
      8530.00   1.3631272e+29
      8550.00   1.2254471e+29
      8570.00   1.4022213e+29
      8590.00   1.3852041e+29
      8610.00   1.3920085e+29
      8630.00   1.4260164e+29
      8650.00   1.4192854e+29
      8670.00   1.2646947e+29
      8690.00   1.4105029e+29
      8710.00   1.4508877e+29
      8730.00   1.4568383e+29
      8750.00   1.4179806e+29
      8770.00   1.4646828e+29
      8790.00   1.4826133e+29
      8810.00   1.4691181e+29
      8830.00   1.4756801e+29
      8850.00   1.4683524e+29
      8870.00   1.4149041e+29
      8890.00   1.4666622e+29
      8910.00   1.4822626e+29
      8930.00   1.4704793e+29
      8950.00   1.4740131e+29
      8970.00   1.4804812e+29
      8990.00   1.4821977e+29
      9010.00   1.4222659e+29
      9030.00   1.4770542e+29
      9050.00   1.5544403e+29
      9070.00   1.8375994e+29
      9090.00   1.5186360e+29
      9110.00   1.5198950e+29
      9130.00   1.5369485e+29
      9150.00   1.5340083e+29
      9170.00   1.5355750e+29
      9190.00   1.5451195e+29
      9210.00   1.4950479e+29
      9230.00   1.4361944e+29
      9250.00   1.4676290e+29
      9270.00   1.4825080e+29
      9290.00   1.4756305e+29
      9310.00   1.4845825e+29
      9330.00   1.4884992e+29
      9350.00   1.4838260e+29
      9370.00   1.4708802e+29
      9390.00   1.4915687e+29
      9410.00   1.4690679e+29
      9430.00   1.4977003e+29
      9450.00   1.4880859e+29
      9470.00   1.5105264e+29
      9490.00   1.5127709e+29
      9510.00   1.5002391e+29
      9530.00   1.4982810e+29
      9550.00   1.4488075e+29
      9570.00   1.4927983e+29
      9590.00   1.5160725e+29
      9610.00   1.5044396e+29
      9630.00   1.5101571e+29
      9650.00   1.4951342e+29
      9670.00   1.4971310e+29
      9690.00   1.5154679e+29
      9710.00   1.5043544e+29
      9730.00   1.4984986e+29
      9750.00   1.4971187e+29
      9770.00   1.5043838e+29
      9790.00   1.4930135e+29
      9810.00   1.5177025e+29
      9830.00   1.5112530e+29
      9850.00   1.5201961e+29
      9870.00   1.5153415e+29
      9890.00   1.5154734e+29
      9910.00   1.5105297e+29
      9930.00   1.5177716e+29
      9950.00   1.5212178e+29
      9970.00   1.5233837e+29
      9990.00   1.5217088e+29
      10025.0   1.5108309e+29
      10075.0   1.4948224e+29
      10125.0   1.5241212e+29
      10175.0   1.5147475e+29
      10225.0   1.5217431e+29
      10275.0   1.5286780e+29
      10325.0   1.5347798e+29
      10375.0   1.5138547e+29
      10425.0   1.5231292e+29
      10475.0   1.5062362e+29
      10525.0   1.4944552e+29
      10575.0   1.4751167e+29
      10625.0   1.4673519e+29
      10675.0   1.4574592e+29
      10725.0   1.4706767e+29
      10775.0   1.4684328e+29
      10825.0   1.4827251e+29
      10875.0   1.4583769e+29
      10925.0   1.4474428e+29
      10975.0   1.4462496e+29
      11025.0   1.4518334e+29
      11075.0   1.4405717e+29
      11125.0   1.4382745e+29
      11175.0   1.4309913e+29
      11225.0   1.4347650e+29
      11275.0   1.4217902e+29
      11325.0   1.4223983e+29
      11375.0   1.4164732e+29
      11425.0   1.4069095e+29
      11475.0   1.4236830e+29
      11525.0   1.4224243e+29
      11575.0   1.4109594e+29
      11625.0   1.3947297e+29
      11675.0   1.3961083e+29
      11725.0   1.4035615e+29
      11775.0   1.3770359e+29
      11825.0   1.3703465e+29
      11875.0   1.3520933e+29
      11925.0   1.3721931e+29
      11975.0   1.3379130e+29
      12025.0   1.3611315e+29
      12075.0   1.3543573e+29
      12125.0   1.3585952e+29
      12175.0   1.3633294e+29
      12225.0   1.3583975e+29
      12275.0   1.3517405e+29
      12325.0   1.3476564e+29
      12375.0   1.3456375e+29
      12425.0   1.3326510e+29
      12475.0   1.3309661e+29
      12525.0   1.3226194e+29
      12575.0   1.3207510e+29
      12625.0   1.3160399e+29
      12675.0   1.3095643e+29
      12725.0   1.3107793e+29
      12775.0   1.3096280e+29
      12825.0   1.2795226e+29
      12875.0   1.2943916e+29
      12925.0   1.2868419e+29
      12975.0   1.2979248e+29
      13025.0   1.2867999e+29
      13075.0   1.2892715e+29
      13125.0   1.2693080e+29
      13175.0   1.2658624e+29
      13225.0   1.2663900e+29
      13275.0   1.2488716e+29
      13325.0   1.2504062e+29
      13375.0   1.2407928e+29
      13425.0   1.2422123e+29
      13475.0   1.2335842e+29
      13525.0   1.2283944e+29
      13575.0   1.2130441e+29
      13625.0   1.2094418e+29
      13675.0   1.2147247e+29
      13725.0   1.2182028e+29
      13775.0   1.2168535e+29
      13825.0   1.2178640e+29
      13875.0   1.2085559e+29
      13925.0   1.1821533e+29
      13975.0   1.1780652e+29
      14025.0   1.1671926e+29
      14075.0   1.1745933e+29
      14125.0   1.1647921e+29
      14175.0   1.1727726e+29
      14225.0   1.1609729e+29
      14275.0   1.1496833e+29
      14325.0   1.1662940e+29
      14375.0   1.1698613e+29
      14425.0   1.1471162e+29
      14475.0   1.1669055e+29
      14525.0   1.1559128e+29
      14570.0   1.1627982e+29
      14620.0   1.1510327e+29
      14675.0   1.1496657e+29
      14725.0   1.1389942e+29
      14775.0   1.1454875e+29
      14825.0   1.1481399e+29
      14875.0   1.1398469e+29
      14925.0   1.1611324e+29
      14975.0   1.1527665e+29
      15025.0   1.1423779e+29
      15075.0   1.1416533e+29
      15125.0   1.1591492e+29
      15175.0   1.1623296e+29
      15225.0   1.1615647e+29
      15275.0   1.1673392e+29
      15325.0   1.1645479e+29
      15375.0   1.1669995e+29
      15425.0   1.1614848e+29
      15475.0   1.1658776e+29
      15525.0   1.1589425e+29
      15575.0   1.1305743e+29
      15625.0   1.1448816e+29
      15675.0   1.1390989e+29
      15725.0   1.1541221e+29
      15775.0   1.1078012e+29
      15825.0   1.1146536e+29
      15875.0   1.1018520e+29
      15925.0   1.1365447e+29
      15975.0   1.1216404e+29
      16050.0   1.1189353e+29
      16150.0   1.1230035e+29
      16250.0   1.1097530e+29
      16350.0   1.1302838e+29
      16450.0   1.0861628e+29
      16550.0   1.1149282e+29
      16650.0   1.0862591e+29
      16750.0   1.0855155e+29
      16850.0   1.0591294e+29
      16950.0   1.0723600e+29
      17050.0   1.0534055e+29
      17150.0   1.0414047e+29
      17250.0   1.0234515e+29
      17350.0   9.8641913e+28
      17450.0   9.8688403e+28
      17550.0   9.6900574e+28
      17650.0   9.5385656e+28
      17750.0   9.3115265e+28
      17850.0   9.1857235e+28
      17950.0   8.9989233e+28
      18050.0   8.7877491e+28
      18150.0   8.6043839e+28
      18250.0   8.5544307e+28
      18350.0   8.4508030e+28
      18450.0   8.3156412e+28
      18550.0   8.2474404e+28
      18650.0   8.0638676e+28
      18750.0   8.2000273e+28
      18850.0   7.8912614e+28
      18950.0   7.6754320e+28
      19050.0   7.7455533e+28
      19150.0   7.6170137e+28
      19250.0   7.5425414e+28
      19350.0   7.3702724e+28
      19450.0   7.1936186e+28
      19550.0   7.2061806e+28
      19650.0   7.1011181e+28
      19750.0   6.9459468e+28
      19850.0   6.8888025e+28
      19950.0   6.8230278e+28
      20050.0   6.8021328e+28
      20150.0   6.7334980e+28
      20250.0   6.6030104e+28
      20350.0   6.5440979e+28
      20450.0   6.5477151e+28
      20550.0   6.4750565e+28
      20650.0   6.3938728e+28
      20750.0   6.3513601e+28
      20850.0   6.2903926e+28
      20950.0   6.2091267e+28
      21050.0   6.1996729e+28
      21150.0   6.1238639e+28
      21250.0   6.0720387e+28
      21350.0   6.0350997e+28
      21450.0   5.9767182e+28
      21550.0   5.9052888e+28
      21650.0   5.8050672e+28
      21750.0   5.7514574e+28
      21850.0   5.7052237e+28
      21950.0   5.6594149e+28
      22050.0   5.5438281e+28
      22150.0   5.5421938e+28
      22250.0   5.4341446e+28
      22350.0   5.3835085e+28
      22450.0   5.3257272e+28
      22550.0   5.2753256e+28
      22650.0   5.1842100e+28
      22750.0   5.1624142e+28
      22850.0   5.0721830e+28
      22950.0   4.4354621e+28
      23050.0   4.6399531e+28
      23150.0   4.6137500e+28
      23250.0   4.0938773e+28
      23350.0   4.3261399e+28
      23450.0   4.2241830e+28
      23550.0   3.8285166e+28
      23650.0   4.0688887e+28
      23750.0   3.9618289e+28
      23850.0   3.6518905e+28
      23950.0   3.8242265e+28
      24050.0   3.7735745e+28
      24150.0   3.5008655e+28
      24250.0   3.6050517e+28
      24350.0   3.5506533e+28
      24450.0   3.3796848e+28
      24550.0   3.3415317e+28
      24650.0   3.3801634e+28
      24750.0   3.2681905e+28
      24850.0   3.0781988e+28
      24950.0   3.0871582e+28
      25050.0   3.1300160e+28
      25150.0   2.9463631e+28
      25250.0   3.0120417e+28
      25350.0   3.0079204e+28
      25450.0   2.9547273e+28
      25550.0   2.9262783e+28
      25650.0   2.9274180e+28
      25750.0   2.9462586e+28
      25850.0   2.8473931e+28
      25950.0   2.8717065e+28
      26050.0   2.8792130e+28
      26150.0   2.8274103e+28
      26250.0   2.8261304e+28
      26350.0   2.8043490e+28
      26450.0   2.7888426e+28
      26550.0   2.7542431e+28
      26650.0   2.7079890e+28
      26750.0   2.7332510e+28
      26850.0   2.7125697e+28
      26950.0   2.6609764e+28
      27050.0   2.6660029e+28
      27150.0   2.6439598e+28
      27250.0   2.6353577e+28
      27350.0   2.5868350e+28
      27450.0   2.5867743e+28
      27550.0   2.5651967e+28
      27650.0   2.5405494e+28
      27750.0   2.5098618e+28
      27850.0   2.5065734e+28
      27950.0   2.4993010e+28
      28050.0   2.4741523e+28
      28150.0   2.4419064e+28
      28250.0   2.4293800e+28
      28350.0   2.4197648e+28
      28450.0   2.3929999e+28
      28550.0   2.3650001e+28
      28650.0   2.3389999e+28
      28750.0   2.3029999e+28
      28850.0   2.2920001e+28
      28950.0   2.2690001e+28
      29050.0   2.2430001e+28
      29150.0   2.2220000e+28
      29250.0   2.1860000e+28
      29350.0   2.1759999e+28
      29450.0   2.1470001e+28
      29550.0   2.1250000e+28
      29650.0   2.1079999e+28
      29750.0   2.0860001e+28
      29850.0   2.0599999e+28
      29950.0   2.0370001e+28
      30050.0   2.0160000e+28
      30150.0   2.0010001e+28
      30250.0   1.9770000e+28
      30350.0   1.9439999e+28
      30450.0   1.9380001e+28
      30550.0   1.9220000e+28
      30650.0   1.9030000e+28
      30750.0   1.8890000e+28
      30850.0   1.8660000e+28
      30950.0   1.8510000e+28
      31050.0   1.8390000e+28
      31150.0   1.8110000e+28
      31250.0   1.8020000e+28
      31350.0   1.7850000e+28
      31450.0   1.7680001e+28
      31550.0   1.7490000e+28
      31650.0   1.7310000e+28
      31750.0   1.7190000e+28
      31850.0   1.7030000e+28
      31950.0   1.6889999e+28
      32100.0   1.6640000e+28
      32300.0   1.6330000e+28
      32500.0   1.6039999e+28
      32700.0   1.5730000e+28
      32900.0   1.5360000e+28
      33100.0   1.5140000e+28
      33300.0   1.4850000e+28
      33500.0   1.4610000e+28
      33700.0   1.4320000e+28
      33900.0   1.4040000e+28
      34100.0   1.3760000e+28
      34300.0   1.3530000e+28
      34500.0   1.3280001e+28
      34700.0   1.3020000e+28
      34900.0   1.2780000e+28
      35100.0   1.2549999e+28
      35300.0   1.2290000e+28
      35500.0   1.2080000e+28
      35700.0   1.1840000e+28
      35900.0   1.1620000e+28
      36100.0   1.1420000e+28
      36300.0   1.1200000e+28
      36500.0   1.0969999e+28
      36700.0   1.0770000e+28
      36900.0   1.0530000e+28
      37100.0   1.0330000e+28
      37300.0   1.0150000e+28
      37500.0   9.9100006e+27
      37700.0   9.8000001e+27
      37900.0   9.6079999e+27
      38100.0   9.4340002e+27
      38300.0   9.2720000e+27
      38500.0   9.1099998e+27
      38700.0   8.9119999e+27
      38900.0   8.7510002e+27
      39100.0   8.5909999e+27
      39300.0   8.4390000e+27
      39500.0   8.2540001e+27
      39700.0   8.1059999e+27
      39900.0   7.9170002e+27
      40100.0   7.7919997e+27
      40300.0   7.6590008e+27
      40500.0   8.0926327e+27
      40700.0   7.3720137e+27
      40900.0   7.2419999e+27
      41100.0   7.1130002e+27
      41300.0   6.9910002e+27
      41500.0   6.8560001e+27
      41700.0   6.7230000e+27
      41900.0   6.6049999e+27
      42100.0   6.4790000e+27
      42300.0   6.3929998e+27
      42500.0   6.2640001e+27
      42700.0   6.1649999e+27
      42900.0   5.8410001e+27
      43100.0   5.5149998e+27
      43300.0   5.5180002e+27
      43500.0   5.2200000e+27
      43700.0   5.0680000e+27
      43900.0   4.9539997e+27
      44100.0   4.7439999e+27
      44300.0   4.6379999e+27
      44500.0   4.5469999e+27
      44700.0   4.4050001e+27
      44900.0   4.3809999e+27
      45100.0   4.2880000e+27
      45300.0   4.1769999e+27
      45500.0   4.1490001e+27
      45700.0   4.0859999e+27
      45900.0   3.9430001e+27
      46100.0   3.9629999e+27
      46300.0   3.8820001e+27
      46500.0   3.8230001e+27
      46700.0   3.8130001e+27
      46900.0   3.7499999e+27
      47100.0   3.6780001e+27
      47300.0   3.6860001e+27
      47500.0   3.5870001e+27
      47700.0   3.5650001e+27
      47900.0   3.5210000e+27
      48100.0   3.4230000e+27
      48300.0   3.4520000e+27
      48500.0   3.3649999e+27
      48700.0   3.3010000e+27
      48900.0   3.2600001e+27
      49100.0   3.2070001e+27
      49300.0   3.1739999e+27
      49500.0   3.1120000e+27
      49700.0   3.1000001e+27
      49900.0   3.0459999e+27
      50100.0   3.0139999e+27
      50300.0   2.9720001e+27
      50500.0   2.9089999e+27
      50700.0   2.8840000e+27
      50900.0   2.8460000e+27
      51100.0   2.7949999e+27
      51300.0   2.7660001e+27
      51500.0   2.7240000e+27
      51700.0   2.7130001e+27
      51900.0   2.6630000e+27
      52100.0   2.6320000e+27
      52300.0   2.5880000e+27
      52500.0   2.5679999e+27
      52700.0   2.5570000e+27
      52900.0   2.4960000e+27
      53100.0   2.4620000e+27
      53300.0   2.4430000e+27
      53500.0   2.4120000e+27
      53700.0   2.3850001e+27
      53900.0   2.3580001e+27
      54100.0   2.3300000e+27
      54300.0   2.2870000e+27
      54500.0   2.2760000e+27
      54700.0   2.2370001e+27
      54900.0   2.2150000e+27
      55100.0   2.1829999e+27
      55300.0   2.1890000e+27
      55500.0   2.1290000e+27
      55700.0   2.1259999e+27
      55900.0   2.0890001e+27
      56100.0   2.0750000e+27
      56300.0   2.0349999e+27
      56500.0   2.0250000e+27
      56700.0   2.0000000e+27
      56900.0   1.9629999e+27
      57100.0   1.9560001e+27
      57300.0   1.9320000e+27
      57500.0   1.9090000e+27
      57700.0   1.8830000e+27
      57900.0   1.8700000e+27
      58100.0   1.8410000e+27
      58300.0   1.8220000e+27
      58500.0   1.8010000e+27
      58700.0   1.7730000e+27
      58900.0   1.7540000e+27
      59100.0   1.7320001e+27
      59300.0   1.7180000e+27
      59500.0   1.6930000e+27
      59700.0   1.6800000e+27
      59900.0   1.6600001e+27
      60100.0   1.6410001e+27
      60300.0   1.6210000e+27
      60500.0   1.5970000e+27
      60700.0   1.5799999e+27
      60900.0   1.5609999e+27
      61100.0   1.5410000e+27
      61300.0   1.5269999e+27
      61500.0   1.5100000e+27
      61700.0   1.4960000e+27
      61900.0   1.4780001e+27
      62100.0   1.4630001e+27
      62300.0   1.4429999e+27
      62500.0   1.4230000e+27
      62700.0   1.4070000e+27
      62900.0   1.3920000e+27
      63100.0   1.3760000e+27
      63300.0   1.3640001e+27
      63500.0   1.3460000e+27
      63700.0   1.3350000e+27
      63900.0   1.3150001e+27
      64200.0   1.2950000e+27
      64600.0   1.2649999e+27
      65000.0   1.2370000e+27
      65400.0   1.2090000e+27
      65800.0   1.1830000e+27
      66200.0   1.1560000e+27
      66600.0   1.1310000e+27
      67000.0   1.1070000e+27
      67400.0   1.0820000e+27
      67800.0   1.0580000e+27
      68200.0   1.0350000e+27
      68600.0   1.0130000e+27
      69000.0   9.9089999e+26
      69400.0   9.6970003e+26
      69800.0   9.4899998e+26
      70200.0   9.2839998e+26
      70600.0   9.0920002e+26
      71000.0   8.8980002e+26
      71400.0   8.7130001e+26
      71800.0   8.5279999e+26
      72200.0   8.3520002e+26
      72600.0   8.1759999e+26
      73000.0   8.0080002e+26
      73400.0   7.8410003e+26
      73800.0   7.6819997e+26
      74200.0   7.5180001e+26
      74600.0   7.3550002e+26
      75000.0   7.2090001e+26
      75400.0   7.0710000e+26
      75800.0   6.9350003e+26
      76200.0   6.7980000e+26
      76600.0   6.6630001e+26
      77000.0   6.5299998e+26
      77400.0   6.4029999e+26
      77800.0   6.2780003e+26
      78200.0   6.1550000e+26
      78600.0   6.0360001e+26
      79000.0   5.9199999e+26
      79400.0   5.8060002e+26
      79800.0   5.6960000e+26
      80200.0   5.5850001e+26
      80600.0   5.4789999e+26
      81000.0   5.3779999e+26
      81400.0   5.2760001e+26
      81800.0   5.1790001e+26
      82200.0   5.0830000e+26
      82600.0   4.9890001e+26
      83000.0   4.8970000e+26
      83400.0   4.8060000e+26
      83800.0   4.7180001e+26
      84200.0   4.6339999e+26
      84600.0   4.5500001e+26
      85000.0   4.4690001e+26
      85400.0   4.3880001e+26
      85800.0   4.3099998e+26
      86200.0   4.2350002e+26
      86600.0   4.1600001e+26
      87000.0   4.0859999e+26
      87400.0   4.0149999e+26
      87800.0   3.9450000e+26
      88200.0   3.8760000e+26
      88600.0   3.8089999e+26
      89000.0   3.7430001e+26
      89400.0   3.6800000e+26
      89800.0   3.6150000e+26
      90200.0   3.5559999e+26
      90600.0   3.4960000e+26
      91000.0   3.4349999e+26
      91400.0   3.3779999e+26
      91800.0   3.3220000e+26
      92200.0   3.2680001e+26
      92600.0   3.2139998e+26
      93000.0   3.1610001e+26
      93400.0   3.1089999e+26
      93800.0   3.0580000e+26
      94200.0   3.0080001e+26
      94600.0   2.9590000e+26
      95000.0   2.9110001e+26
      95400.0   2.8650000e+26
      95800.0   2.8190001e+26
      96200.0   2.7740000e+26
      96600.0   2.7300001e+26
      97000.0   2.6870000e+26
      97400.0   2.6430001e+26
      97800.0   2.6020000e+26
      98200.0   2.5620000e+26
      98600.0   2.5219999e+26
      99000.0   2.4830000e+26
      99400.0   2.4450001e+26
      99800.0   2.4070000e+26
      100200.   2.3700000e+26
      200000.   1.6240000e+25
      400000.   1.1570000e+24
      600000.   2.7150001e+23
      800000.   1.0570000e+23
  1.00000e+06   5.4120000e+22
  1.20000e+06   3.2890000e+22
  1.40000e+06   2.2170000e+22
  1.60000e+06   1.6030000e+22
