      91.0000      0.00000
      94.0000      0.00000
      96.0000      0.00000
      98.0000      0.00000
      100.000      0.00000
      102.000      0.00000
      104.000      0.00000
      106.000      0.00000
      108.000      0.00000
      110.000      0.00000
      114.000      0.00000
      118.000      0.00000
      121.000      0.00000
      125.000      0.00000
      127.000      0.00000
      128.000      0.00000
      131.000      0.00000
      132.000      0.00000
      134.000      0.00000
      137.000      0.00000
      140.000      0.00000
      143.000      0.00000
      147.000      0.00000
      151.000      0.00000
      155.000      0.00000
      159.000      0.00000
      162.000      0.00000
      166.000      0.00000
      170.000      0.00000
      173.000      0.00000
      177.000      0.00000
      180.000      0.00000
      182.000      0.00000
      186.000      0.00000
      191.000      0.00000
      194.000      0.00000
      198.000      0.00000
      202.000      0.00000
      205.000      0.00000
      210.000      0.00000
      216.000      0.00000
      220.000      0.00000
      223.000      0.00000
      227.000      0.00000
      230.000      0.00000
      234.000      0.00000
      240.000      0.00000
      246.000      0.00000
      252.000      0.00000
      257.000      0.00000
      260.000      0.00000
      264.000      0.00000
      269.000      0.00000
      274.000      0.00000
      279.000      0.00000
      284.000      0.00000
      290.000      0.00000
      296.000      0.00000
      301.000      0.00000
      308.000      0.00000
      318.000      0.00000
      328.000      0.00000
      338.000      0.00000
      348.000      0.00000
      357.000      0.00000
      366.000      0.00000
      375.000      0.00000
      385.000      0.00000
      395.000      0.00000
      405.000      0.00000
      414.000      0.00000
      422.000      0.00000
      430.000      0.00000
      441.000      0.00000
      451.000      0.00000
      460.000      0.00000
      470.000      0.00000
      480.000      0.00000
      490.000      0.00000
      500.000      0.00000
      506.000      0.00000
      512.000      0.00000
      520.000      0.00000
      530.000      0.00000
      540.000      0.00000
      550.000      0.00000
      560.000      0.00000
      570.000      0.00000
      580.000      0.00000
      590.000      0.00000
      600.000      0.00000
      610.000      0.00000
      620.000      0.00000
      630.000      0.00000
      640.000      0.00000
      650.000      0.00000
      658.000      0.00000
      665.000      0.00000
      675.000      0.00000
      685.000      0.00000
      695.000      0.00000
      705.000      0.00000
      716.000      0.00000
      726.000      0.00000
      735.000      0.00000
      745.000      0.00000
      755.000      0.00000
      765.000      0.00000
      775.000      0.00000
      785.000      0.00000
      795.000      0.00000
      805.000      0.00000
      815.000      0.00000
      825.000      0.00000
      835.000      0.00000
      845.000      0.00000
      855.000      0.00000
      865.000      0.00000
      875.000      0.00000
      885.000      0.00000
      895.000      0.00000
      905.000      0.00000
      915.000  1.21400e+29
      925.000  2.90300e+29
      935.000  4.53900e+29
      945.000  5.97900e+29
      955.000  6.95300e+29
      965.000  7.50600e+29
      975.000  2.83800e+29
      985.000  5.93800e+29
      995.000  5.80000e+29
      1005.00  7.38900e+29
      1015.00  7.59200e+29
      1025.00  5.25900e+29
      1035.00  6.63500e+29
      1045.00  9.35100e+29
      1055.00  9.07000e+29
      1065.00  7.66300e+29
      1075.00  8.53800e+29
      1085.00  7.47300e+29
      1095.00  8.93400e+29
      1105.00  8.66400e+29
      1115.00  8.53200e+29
      1125.00  7.60300e+29
      1135.00  9.11500e+29
      1145.00  8.59900e+29
      1155.00  8.73700e+29
      1165.00  8.70700e+29
      1175.00  5.95700e+29
      1185.00  8.30300e+29
      1195.00  6.85400e+29
      1205.00  5.79600e+29
      1215.00  4.72100e+29
      1225.00  6.82900e+29
      1235.00  8.62900e+29
      1245.00  9.15700e+29
      1255.00  8.97500e+29
      1265.00  8.41500e+29
      1275.00  9.90100e+29
      1285.00  1.02600e+30
      1295.00  8.78000e+29
      1305.00  8.68900e+29
      1315.00  1.02200e+30
      1325.00  9.88000e+29
      1335.00  9.51202e+29
      1345.00  1.01700e+30
      1355.00  9.83900e+29
      1365.00  9.02900e+29
      1375.00  9.20000e+29
      1385.00  9.13000e+29
      1395.00  7.37600e+29
      1405.00  7.30700e+29
      1415.00  8.51600e+29
      1425.00  8.49400e+29
      1435.00  8.65900e+29
      1442.00  8.97100e+29
      1447.00  9.10900e+29
      1455.00  8.85600e+29
      1465.00  8.32900e+29
      1475.00  8.38100e+29
      1485.00  8.55900e+29
      1495.00  8.63100e+29
      1505.00  8.32100e+29
      1512.00  7.62800e+29
      1517.00  8.02300e+29
      1525.00  7.83400e+29
      1535.00  6.86400e+29
      1545.00  6.89900e+29
      1555.00  6.71100e+29
      1565.00  7.15800e+29
      1575.00  7.73200e+29
      1585.00  8.06100e+29
      1595.00  8.20100e+29
      1605.00  7.93000e+29
      1615.00  7.82500e+29
      1625.00  7.49400e+29
      1635.00  7.89600e+29
      1645.00  8.02100e+29
      1655.00  7.46100e+29
      1665.00  8.03869e+29
      1672.00  7.05800e+29
      1677.00  8.23500e+29
      1685.00  8.39000e+29
      1695.00  7.85700e+29
      1705.00  7.60400e+29
      1715.00  7.28400e+29
      1725.00  7.16800e+29
      1735.00  7.57300e+29
      1745.00  7.39700e+29
      1755.00  7.73500e+29
      1765.00  7.12800e+29
      1775.00  7.23200e+29
      1785.00  7.29900e+29
      1795.00  7.63500e+29
      1805.00  7.50100e+29
      1815.00  7.01300e+29
      1825.00  7.00300e+29
      1835.00  6.74300e+29
      1845.00  6.19200e+29
      1855.00  6.25600e+29
      1865.00  6.36500e+29
      1875.00  6.62100e+29
      1885.00  6.16300e+29
      1895.00  5.92400e+29
      1905.00  6.35627e+29
      1915.00  5.85108e+29
      1925.00  5.63500e+29
      1935.00  5.65100e+29
      1945.00  5.86300e+29
      1955.00  5.44300e+29
      1967.00  5.77700e+29
      1976.00  5.81000e+29
      1984.00  5.49100e+29
      1995.00  5.27000e+29
      2005.00  5.28800e+29
      2015.00  5.09800e+29
      2025.00  5.14200e+29
      2035.00  4.90700e+29
      2045.00  5.00600e+29
      2055.00  4.57000e+29
      2065.00  4.60100e+29
      2074.00  4.94900e+29
      2078.00  4.73500e+29
      2085.00  4.79400e+29
      2095.00  4.51400e+29
      2105.00  4.45300e+29
      2115.00  4.45800e+29
      2125.00  4.50200e+29
      2135.00  4.19154e+29
      2145.00  4.30382e+29
      2155.00  4.40600e+29
      2165.00  4.25400e+29
      2175.00  4.22500e+29
      2185.00  4.17500e+29
      2195.00  4.35000e+29
      2205.00  4.23500e+29
      2215.00  4.03000e+29
      2225.00  3.93900e+29
      2235.00  4.16100e+29
      2245.00  3.99600e+29
      2255.00  3.88600e+29
      2265.00  3.96900e+29
      2275.00  4.08800e+29
      2285.00  4.19400e+29
      2295.00  3.97700e+29
      2305.00  4.04700e+29
      2315.00  3.93901e+29
      2325.00  3.85821e+29
      2335.00  3.76235e+29
      2345.00  3.64500e+29
      2355.00  3.95500e+29
      2365.00  3.67800e+29
      2375.00  3.80900e+29
      2385.00  3.53300e+29
      2395.00  3.76100e+29
      2405.00  3.66400e+29
      2415.00  3.74000e+29
      2425.00  3.96700e+29
      2435.00  3.85100e+29
      2445.00  4.04600e+29
      2455.00  4.00200e+29
      2465.00  4.00400e+29
      2475.00  3.88300e+29
      2485.00  3.96000e+29
      2495.00  3.61800e+29
      2505.00  4.15300e+29
      2513.00  3.77300e+29
      2518.00  3.84200e+29
      2525.00  3.71300e+29
      2535.00  3.74000e+29
      2545.00  3.70100e+29
      2555.00  3.92500e+29
      2565.00  3.86200e+29
      2575.00  4.05100e+29
      2585.00  4.02700e+29
      2595.00  3.97100e+29
      2605.00  3.85800e+29
      2615.00  3.79200e+29
      2625.00  3.98400e+29
      2635.00  4.05800e+29
      2645.00  4.36300e+29
      2655.00  4.41500e+29
      2665.00  4.07900e+29
      2675.00  4.22200e+29
      2685.00  4.22900e+29
      2695.00  4.03400e+29
      2705.00  4.12300e+29
      2715.00  3.94200e+29
      2725.00  3.94500e+29
      2735.00  4.11300e+29
      2745.00  3.64900e+29
      2755.00  3.72500e+29
      2765.00  3.83700e+29
      2775.00  3.99700e+29
      2785.00  3.79200e+29
      2795.00  3.12129e+29
      2805.00  3.25034e+29
      2815.00  3.97100e+29
      2825.00  4.11100e+29
      2835.00  3.97100e+29
      2845.00  3.86900e+29
      2855.00  3.74600e+29
      2865.00  4.01000e+29
      2875.00  3.99000e+29
      2885.00  3.99500e+29
      2895.00  3.94200e+29
      2910.00  4.21700e+29
      2930.00  4.07800e+29
      2950.00  4.01300e+29
      2970.00  4.04400e+29
      2990.00  4.04700e+29
      3010.00  4.06300e+29
      3030.00  4.05000e+29
      3050.00  4.04300e+29
      3070.00  4.04200e+29
      3090.00  4.04600e+29
      3110.00  4.01900e+29
      3130.00  3.96600e+29
      3150.00  3.98200e+29
      3170.00  3.97300e+29
      3190.00  3.80900e+29
      3210.00  3.89700e+29
      3230.00  3.76800e+29
      3250.00  3.91200e+29
      3270.00  3.98900e+29
      3290.00  3.97000e+29
      3310.00  3.95500e+29
      3330.00  3.91300e+29
      3350.00  3.85400e+29
      3370.00  3.73100e+29
      3390.00  3.75400e+29
      3410.00  3.77300e+29
      3430.00  3.77300e+29
      3450.00  3.77300e+29
      3470.00  3.75800e+29
      3490.00  3.79000e+29
      3510.00  3.83700e+29
      3530.00  3.76200e+29
      3550.00  3.84600e+29
      3570.00  3.61700e+29
      3590.00  3.59000e+29
      3610.00  3.68200e+29
      3630.00  3.69900e+29
      3640.00  3.70500e+29
      3650.00  3.74500e+29
      3670.00  3.67100e+29
      3690.00  3.46266e+29
      3710.00  3.77032e+29
      3730.00  8.19088e+29
      3750.00  4.32473e+29
      3770.00  4.57967e+29
      3790.00  5.15011e+29
      3810.00  5.69231e+29
      3830.00  4.62536e+29
      3850.00  5.96608e+29
      3870.00  7.06866e+29
      3890.00  4.67485e+29
      3910.00  6.67500e+29
      3930.00  5.66000e+29
      3950.00  6.42100e+29
      3970.00  4.32057e+29
      3990.00  6.69500e+29
      4010.00  7.34400e+29
      4030.00  7.33300e+29
      4050.00  7.26900e+29
      4070.00  7.03775e+29
      4090.00  6.10213e+29
      4110.00  5.12339e+29
      4130.00  6.80000e+29
      4150.00  7.06600e+29
      4170.00  7.07600e+29
      4190.00  7.00100e+29
      4210.00  7.00700e+29
      4230.00  6.87900e+29
      4250.00  6.88600e+29
      4270.00  6.68800e+29
      4290.00  6.60900e+29
      4310.00  6.11700e+29
      4330.00  5.53982e+29
      4350.00  4.97309e+29
      4370.00  6.54840e+29
      4390.00  6.54200e+29
      4410.00  6.61800e+29
      4430.00  6.68400e+29
      4450.00  6.71100e+29
      4470.00  6.83100e+29
      4490.00  6.71601e+29
      4510.00  6.94700e+29
      4530.00  6.64900e+29
      4550.00  6.62600e+29
      4570.00  6.80900e+29
      4590.00  6.61200e+29
      4610.00  6.68700e+29
      4630.00  6.54400e+29
      4650.00  6.57300e+29
      4670.00  6.59900e+29
      4690.00  6.46600e+29
      4710.00  6.28700e+29
      4730.00  6.45300e+29
      4750.00  6.48800e+29
      4770.00  6.43600e+29
      4790.00  6.37700e+29
      4810.00  6.26900e+29
      4830.00  6.14100e+29
      4850.00  5.40202e+29
      4870.00  4.86077e+29
      4890.00  5.87700e+29
      4910.00  6.05000e+29
      4930.00  5.98800e+29
      4950.00  6.11300e+29
      4970.00  6.09400e+29
      4990.00  5.91160e+29
      5010.00  1.24919e+30
      5030.00  5.84921e+29
      5050.00  5.78400e+29
      5070.00  5.88900e+29
      5090.00  5.74800e+29
      5110.00  5.76500e+29
      5130.00  5.65100e+29
      5150.00  5.53300e+29
      5170.00  5.38100e+29
      5190.00  5.41373e+29
      5210.00  5.49312e+29
      5230.00  5.51800e+29
      5250.00  5.59700e+29
      5270.00  5.29000e+29
      5290.00  5.55000e+29
      5310.00  5.60000e+29
      5330.00  5.33600e+29
      5350.00  5.51000e+29
      5370.00  5.46300e+29
      5390.00  5.39600e+29
      5410.00  5.31200e+29
      5430.00  5.33600e+29
      5450.00  5.39600e+29
      5470.00  5.31200e+29
      5490.00  5.30600e+29
      5510.00  5.26500e+29
      5530.00  5.28500e+29
      5550.00  5.29800e+29
      5570.00  5.21700e+29
      5590.00  5.15500e+29
      5610.00  5.20700e+29
      5630.00  5.17500e+29
      5650.00  5.17000e+29
      5670.00  5.08700e+29
      5690.00  5.13600e+29
      5710.00  5.04600e+29
      5730.00  5.19700e+29
      5750.00  5.10177e+29
      5770.00  5.09863e+29
      5790.00  5.00100e+29
      5810.00  5.05700e+29
      5830.00  5.09200e+29
      5850.00  5.00901e+29
      5870.00  5.12353e+29
      5890.00  4.79297e+29
      5910.00  4.92400e+29
      5930.00  4.91500e+29
      5950.00  4.89600e+29
      5970.00  4.91100e+29
      5990.00  4.85000e+29
      6010.00  4.79700e+29
      6030.00  4.82600e+29
      6050.00  4.84900e+29
      6070.00  4.82400e+29
      6090.00  4.73000e+29
      6110.00  4.71400e+29
      6130.00  4.58400e+29
      6150.00  4.59200e+29
      6170.00  4.51500e+29
      6190.00  4.61400e+29
      6210.00  4.58500e+29
      6230.00  4.49800e+29
      6250.00  4.39400e+29
      6270.00  4.50100e+29
      6290.00  4.56790e+29
      6310.00  4.52870e+29
      6330.00  4.44872e+29
      6350.00  4.42400e+29
      6370.00  4.40600e+29
      6390.00  4.42700e+29
      6410.00  4.36000e+29
      6430.00  4.37100e+29
      6450.00  4.33600e+29
      6470.00  4.32500e+29
      6490.00  4.25100e+29
      6510.00  4.29300e+29
      6530.00  4.23303e+29
      6550.00  4.80567e+29
      6570.00  5.91835e+29
      6590.00  5.12706e+29
      6610.00  4.20341e+29
      6630.00  4.20100e+29
      6650.00  4.19101e+29
      6670.00  4.16967e+29
      6690.00  4.18303e+29
      6710.00  4.72627e+29
      6730.00  4.87318e+29
      6750.00  4.08578e+29
      6770.00  4.07900e+29
      6790.00  4.04700e+29
      6810.00  4.03600e+29
      6830.00  4.04200e+29
      6850.00  3.97800e+29
      6870.00  3.99800e+29
      6890.00  4.01400e+29
      6910.00  3.99000e+29
      6930.00  3.96400e+29
      6950.00  3.94100e+29
      6970.00  3.95100e+29
      6990.00  3.93500e+29
      7010.00  3.87800e+29
      7030.00  3.90500e+29
      7050.00  3.89700e+29
      7070.00  3.83100e+29
      7090.00  3.78200e+29
      7110.00  3.72379e+29
      7130.00  3.97465e+29
      7150.00  3.72008e+29
      7170.00  3.68700e+29
      7190.00  3.62400e+29
      7210.00  3.66100e+29
      7230.00  3.67900e+29
      7250.00  3.68200e+29
      7270.00  3.67800e+29
      7290.00  3.62900e+29
      7310.00  3.67363e+29
      7330.00  3.73733e+29
      7350.00  3.68363e+29
      7370.00  3.72100e+29
      7390.00  3.66300e+29
      7410.00  3.63800e+29
      7430.00  3.68200e+29
      7450.00  3.67700e+29
      7470.00  3.69500e+29
      7490.00  3.68400e+29
      7510.00  3.69600e+29
      7530.00  3.72200e+29
      7550.00  3.73200e+29
      7570.00  3.71300e+29
      7590.00  3.65900e+29
      7610.00  3.61000e+29
      7630.00  3.55900e+29
      7650.00  3.50700e+29
      7670.00  3.41100e+29
      7690.00  3.45200e+29
      7710.00  3.40400e+29
      7730.00  3.40400e+29
      7750.00  3.37800e+29
      7770.00  3.37800e+29
      7790.00  3.40200e+29
      7810.00  3.39400e+29
      7830.00  3.36900e+29
      7850.00  3.33800e+29
      7870.00  3.35100e+29
      7890.00  3.31600e+29
      7910.00  3.26300e+29
      7930.00  3.26000e+29
      7950.00  3.23600e+29
      7970.00  3.29500e+29
      7990.00  3.27700e+29
      8010.00  3.30200e+29
      8030.00  3.30500e+29
      8050.00  3.29400e+29
      8070.00  3.31600e+29
      8090.00  3.29200e+29
      8110.00  3.30600e+29
      8130.00  3.35600e+29
      8150.00  3.37800e+29
      8170.00  3.39300e+29
      8190.00  3.33400e+29
      8210.00  3.25900e+29
      8230.00  3.25000e+29
      8250.00  3.24700e+29
      8270.00  3.26100e+29
      8290.00  3.23200e+29
      8310.00  3.16600e+29
      8330.00  3.13900e+29
      8350.00  3.13600e+29
      8370.00  3.13600e+29
      8390.00  3.07200e+29
      8410.00  3.11200e+29
      8430.00  3.03400e+29
      8450.00  2.98400e+29
      8470.00  2.95600e+29
      8490.00  3.00800e+29
      8510.00  2.85700e+29
      8530.00  3.01400e+29
      8550.00  2.73900e+29
      8570.00  3.08400e+29
      8590.00  2.96800e+29
      8610.00  2.96600e+29
      8630.00  3.12200e+29
      8650.00  3.07100e+29
      8670.00  2.72500e+29
      8690.00  3.05500e+29
      8710.00  3.15400e+29
      8730.00  3.12192e+29
      8750.00  2.91029e+29
      8770.00  3.09720e+29
      8790.00  3.19900e+29
      8810.00  3.17500e+29
      8830.00  3.16202e+29
      8850.00  3.04152e+29
      8870.00  2.82230e+29
      8890.00  3.02517e+29
      8910.00  3.08800e+29
      8930.00  3.06400e+29
      8950.00  3.07000e+29
      8970.00  3.05900e+29
      8990.00  3.01454e+29
      9010.00  2.79303e+29
      9030.00  2.93035e+29
      9050.00  3.49940e+29
      9070.00  6.67482e+29
      9090.00  3.33192e+29
      9110.00  3.13213e+29
      9130.00  3.16100e+29
      9150.00  3.14400e+29
      9170.00  3.12900e+29
      9190.00  3.12300e+29
      9210.00  2.98298e+29
      9230.00  2.75592e+29
      9250.00  2.88349e+29
      9270.00  2.95700e+29
      9290.00  2.96300e+29
      9310.00  2.97200e+29
      9330.00  2.97800e+29
      9350.00  2.96800e+29
      9370.00  2.93300e+29
      9390.00  2.95900e+29
      9410.00  2.90700e+29
      9430.00  2.96500e+29
      9450.00  2.93900e+29
      9470.00  2.97400e+29
      9490.00  2.96300e+29
      9510.00  2.89604e+29
      9530.00  2.85343e+29
      9550.00  2.70064e+29
      9570.00  2.84298e+29
      9590.00  2.91800e+29
      9610.00  2.90200e+29
      9630.00  2.90700e+29
      9650.00  2.88900e+29
      9670.00  2.88100e+29
      9690.00  2.90300e+29
      9710.00  2.86700e+29
      9730.00  2.84100e+29
      9750.00  2.82700e+29
      9770.00  2.83300e+29
      9790.00  2.81200e+29
      9810.00  2.84100e+29
      9830.00  2.82100e+29
      9850.00  2.82100e+29
      9870.00  2.80500e+29
      9890.00  2.79600e+29
      9910.00  2.78900e+29
      9930.00  2.79700e+29
      9950.00  2.79800e+29
      9970.00  2.79300e+29
      9990.00  2.77800e+29
      10025.0  2.71859e+29
      10075.0  2.65967e+29
      10125.0  2.75800e+29
      10175.0  2.73900e+29
      10225.0  2.74400e+29
      10275.0  2.74400e+29
      10325.0  2.88893e+29
      10375.0  2.69302e+29
      10425.0  2.69100e+29
      10475.0  2.64400e+29
      10525.0  2.60800e+29
      10575.0  2.55900e+29
      10625.0  2.52700e+29
      10675.0  2.50913e+29
      10725.0  2.51716e+29
      10775.0  2.49700e+29
      10825.0  2.70268e+29
      10875.0  2.43905e+29
      10925.0  2.39053e+29
      10975.0  2.36636e+29
      11025.0  2.38200e+29
      11075.0  2.34700e+29
      11125.0  2.33800e+29
      11175.0  2.32000e+29
      11225.0  2.31600e+29
      11275.0  2.28500e+29
      11325.0  2.27600e+29
      11375.0  2.26600e+29
      11425.0  2.24300e+29
      11475.0  2.25400e+29
      11525.0  2.24200e+29
      11575.0  2.21800e+29
      11625.0  2.18600e+29
      11675.0  2.17600e+29
      11725.0  2.17800e+29
      11775.0  2.13100e+29
      11825.0  2.11000e+29
      11875.0  2.07500e+29
      11925.0  2.09600e+29
      11975.0  2.04500e+29
      12025.0  2.06700e+29
      12075.0  2.04900e+29
      12125.0  2.04600e+29
      12175.0  2.04300e+29
      12225.0  2.02800e+29
      12275.0  2.01100e+29
      12325.0  1.99700e+29
      12375.0  1.98700e+29
      12425.0  1.96300e+29
      12475.0  1.95000e+29
      12525.0  1.93400e+29
      12575.0  1.92000e+29
      12625.0  1.90700e+29
      12675.0  1.89400e+29
      12725.0  1.88600e+29
      12775.0  1.88139e+29
      12825.0  1.93260e+29
      12875.0  1.84201e+29
      12925.0  1.83300e+29
      12975.0  1.84000e+29
      13025.0  1.82000e+29
      13075.0  1.81500e+29
      13125.0  1.78400e+29
      13175.0  1.76800e+29
      13225.0  1.76000e+29
      13275.0  1.72900e+29
      13325.0  1.72300e+29
      13375.0  1.70100e+29
      13425.0  1.69500e+29
      13475.0  1.67600e+29
      13525.0  1.66000e+29
      13575.0  1.63200e+29
      13625.0  1.62300e+29
      13675.0  1.62400e+29
      13725.0  1.62300e+29
      13775.0  1.62000e+29
      13825.0  1.61700e+29
      13875.0  1.60200e+29
      13925.0  1.53100e+29
      13975.0  1.51800e+29
      14025.0  1.50300e+29
      14075.0  1.50800e+29
      14125.0  1.49200e+29
      14175.0  1.49800e+29
      14225.0  1.48200e+29
      14275.0  1.46700e+29
      14325.0  1.48200e+29
      14375.0  1.48600e+29
      14425.0  1.45400e+29
      14475.0  1.47700e+29
      14525.0  1.46100e+29
      14570.0  1.46900e+29
      14620.0  1.43700e+29
      14675.0  1.43000e+29
      14725.0  1.41800e+29
      14775.0  1.42400e+29
      14825.0  1.42700e+29
      14875.0  1.41700e+29
      14925.0  1.44000e+29
      14975.0  1.42900e+29
      15025.0  1.42100e+29
      15075.0  1.41600e+29
      15125.0  1.43500e+29
      15175.0  1.43800e+29
      15225.0  1.43600e+29
      15275.0  1.44100e+29
      15325.0  1.43700e+29
      15375.0  1.43300e+29
      15425.0  1.41700e+29
      15475.0  1.42500e+29
      15525.0  1.41700e+29
      15575.0  1.37300e+29
      15625.0  1.38800e+29
      15675.0  1.38100e+29
      15725.0  1.39900e+29
      15775.0  1.34700e+29
      15825.0  1.33800e+29
      15875.0  1.31900e+29
      15925.0  1.37100e+29
      15975.0  1.35200e+29
      16050.0  1.34800e+29
      16150.0  1.35800e+29
      16250.0  1.33500e+29
      16350.0  1.36100e+29
      16450.0  1.32967e+29
      16550.0  1.34600e+29
      16650.0  1.32100e+29
      16750.0  1.31000e+29
      16850.0  1.28200e+29
      16950.0  1.29700e+29
      17050.0  1.27800e+29
      17150.0  1.25600e+29
      17250.0  1.22800e+29
      17350.0  1.17400e+29
      17450.0  1.16800e+29
      17550.0  1.14500e+29
      17650.0  1.11400e+29
      17750.0  1.08000e+29
      17850.0  1.05300e+29
      17950.0  1.02100e+29
      18050.0  9.89900e+28
      18150.0  9.55500e+28
      18250.0  9.51800e+28
      18350.0  9.42900e+28
      18450.0  9.22200e+28
      18550.0  9.08000e+28
      18650.0  8.82500e+28
      18750.0  1.08835e+29
      18850.0  8.60000e+28
      18950.0  8.37200e+28
      19050.0  8.43100e+28
      19150.0  8.30200e+28
      19250.0  8.20800e+28
      19350.0  8.02800e+28
      19450.0  7.89001e+28
      19550.0  7.79300e+28
      19650.0  7.65800e+28
      19750.0  7.48800e+28
      19850.0  7.39700e+28
      19950.0  7.31800e+28
      20050.0  7.27200e+28
      20150.0  7.19300e+28
      20250.0  7.06700e+28
      20350.0  7.01000e+28
      20450.0  7.01300e+28
      20550.0  6.96930e+28
      20650.0  6.87232e+28
      20750.0  6.83300e+28
      20850.0  6.77300e+28
      20950.0  6.69600e+28
      21050.0  6.68700e+28
      21150.0  6.60408e+28
      21250.0  6.60255e+28
      21350.0  6.51300e+28
      21450.0  6.44800e+28
      21550.0  6.36700e+28
      21650.0  6.38754e+28
      21750.0  6.18702e+28
      21850.0  6.13900e+28
      21950.0  6.08100e+28
      22050.0  5.96500e+28
      22150.0  5.93600e+28
      22250.0  5.82300e+28
      22350.0  5.75300e+28
      22450.0  5.68500e+28
      22550.0  5.61200e+28
      22650.0  5.51600e+28
      22750.0  5.47600e+28
      22850.0  5.36700e+28
      22950.0  4.70000e+28
      23050.0  4.91000e+28
      23150.0  4.87400e+28
      23250.0  4.32100e+28
      23350.0  4.54700e+28
      23450.0  4.37200e+28
      23550.0  4.00500e+28
      23650.0  4.22300e+28
      23750.0  4.06300e+28
      23850.0  3.77400e+28
      23950.0  3.91600e+28
      24050.0  3.81900e+28
      24150.0  3.55100e+28
      24250.0  3.61900e+28
      24350.0  3.51200e+28
      24450.0  3.33400e+28
      24550.0  3.26100e+28
      24650.0  3.24800e+28
      24750.0  3.11900e+28
      24850.0  2.89900e+28
      24950.0  2.85000e+28
      25050.0  2.87800e+28
      25150.0  2.71300e+28
      25250.0  2.74000e+28
      25350.0  2.72800e+28
      25450.0  2.67700e+28
      25550.0  2.65200e+28
      25650.0  2.63700e+28
      25750.0  2.66400e+28
      25850.0  2.58500e+28
      25950.0  2.59500e+28
      26050.0  2.59100e+28
      26150.0  2.52916e+28
      26250.0  2.76804e+28
      26350.0  2.50728e+28
      26450.0  2.48800e+28
      26550.0  2.45700e+28
      26650.0  2.40500e+28
      26750.0  2.41100e+28
      26850.0  2.40200e+28
      26950.0  2.35100e+28
      27050.0  2.35200e+28
      27150.0  2.32700e+28
      27250.0  2.31700e+28
      27350.0  2.26700e+28
      27450.0  2.26000e+28
      27550.0  2.22500e+28
      27650.0  2.20500e+28
      27750.0  2.17600e+28
      27850.0  2.17300e+28
      27950.0  2.16000e+28
      28050.0  2.13400e+28
      28150.0  2.10400e+28
      28250.0  2.09300e+28
      28350.0  2.07900e+28
      28450.0  2.05600e+28
      28550.0  2.03500e+28
      28650.0  2.01300e+28
      28750.0  1.97500e+28
      28850.0  1.97600e+28
      28950.0  1.96200e+28
      29050.0  1.94600e+28
      29150.0  1.93000e+28
      29250.0  1.90000e+28
      29350.0  1.89700e+28
      29450.0  1.87100e+28
      29550.0  1.85700e+28
      29650.0  1.84500e+28
      29750.0  1.82600e+28
      29850.0  1.80700e+28
      29950.0  1.79300e+28
      30050.0  1.77600e+28
      30150.0  1.76800e+28
      30250.0  1.74900e+28
      30350.0  1.71700e+28
      30450.0  1.72200e+28
      30550.0  1.71200e+28
      30650.0  1.70200e+28
      30750.0  1.69400e+28
      30850.0  1.67900e+28
      30950.0  1.67300e+28
      31050.0  1.66600e+28
      31150.0  1.64400e+28
      31250.0  1.64000e+28
      31350.0  1.62700e+28
      31450.0  1.61600e+28
      31550.0  1.60400e+28
      31650.0  1.59100e+28
      31750.0  1.58200e+28
      31850.0  1.57100e+28
      31950.0  1.56300e+28
      32100.0  1.54600e+28
      32300.0  1.52500e+28
      32500.0  1.50600e+28
      32700.0  1.48200e+28
      32900.0  1.44700e+28
      33100.0  1.43500e+28
      33300.0  1.41600e+28
      33500.0  1.39700e+28
      33700.0  1.37300e+28
      33900.0  1.35100e+28
      34100.0  1.32800e+28
      34300.0  1.30900e+28
      34500.0  1.28700e+28
      34700.0  1.26500e+28
      34900.0  1.24400e+28
      35100.0  1.22400e+28
      35300.0  1.20100e+28
      35500.0  1.18200e+28
      35700.0  1.16000e+28
      35900.0  1.14000e+28
      36100.0  1.12400e+28
      36300.0  1.10300e+28
      36500.0  1.08100e+28
      36700.0  1.06300e+28
      36900.0  1.04100e+28
      37100.0  1.02200e+28
      37300.0  1.00500e+28
      37500.0  9.80400e+27
      37700.0  9.69900e+27
      37900.0  9.51000e+27
      38100.0  9.35500e+27
      38300.0  9.19500e+27
      38500.0  9.04100e+27
      38700.0  8.85200e+27
      38900.0  8.69500e+27
      39100.0  8.52300e+27
      39300.0  8.39500e+27
      39500.0  8.20800e+27
      39700.0  8.07200e+27
      39900.0  7.89200e+27
      40100.0  7.76800e+27
      40300.0  7.63600e+27
      40500.0  1.09717e+28
      40700.0  7.36108e+27
      40900.0  7.23600e+27
      41100.0  7.12000e+27
      41300.0  6.99700e+27
      41500.0  6.86200e+27
      41700.0  6.71800e+27
      41900.0  6.63500e+27
      42100.0  6.50800e+27
      42300.0  6.42100e+27
      42500.0  6.29800e+27
      42700.0  6.20400e+27
      42900.0  5.94300e+27
      43100.0  5.69700e+27
      43300.0  5.67900e+27
      43500.0  5.44200e+27
      43700.0  5.30000e+27
      43900.0  5.21600e+27
      44100.0  5.01800e+27
      44300.0  4.95400e+27
      44500.0  4.86300e+27
      44700.0  4.71200e+27
      44900.0  4.69500e+27
      45100.0  4.58900e+27
      45300.0  4.47100e+27
      45500.0  4.45000e+27
      45700.0  4.39400e+27
      45900.0  4.25600e+27
      46100.0  4.25400e+27
      46300.0  4.17400e+27
      46500.0  4.09200e+27
      46700.0  4.06700e+27
      46900.0  4.01400e+27
      47100.0  3.94000e+27
      47300.0  3.92900e+27
      47500.0  3.84900e+27
      47700.0  3.80400e+27
      47900.0  3.75500e+27
      48100.0  3.67800e+27
      48300.0  3.67200e+27
      48500.0  3.60300e+27
      48700.0  3.54000e+27
      48900.0  3.49500e+27
      49100.0  3.44500e+27
      49300.0  3.39900e+27
      49500.0  3.34200e+27
      49700.0  3.31700e+27
      49900.0  3.25800e+27
      50100.0  3.22400e+27
      50300.0  3.18100e+27
      50500.0  3.12000e+27
      50700.0  3.09000e+27
      50900.0  3.04900e+27
      51100.0  2.99700e+27
      51300.0  2.95500e+27
      51500.0  2.92200e+27
      51700.0  2.90500e+27
      51900.0  2.85700e+27
      52100.0  2.82100e+27
      52300.0  2.77800e+27
      52500.0  2.75100e+27
      52700.0  2.73200e+27
      52900.0  2.67300e+27
      53100.0  2.63700e+27
      53300.0  2.61200e+27
      53500.0  2.57800e+27
      53700.0  2.54700e+27
      53900.0  2.51600e+27
      54100.0  2.48500e+27
      54300.0  2.44400e+27
      54500.0  2.42800e+27
      54700.0  2.38900e+27
      54900.0  2.36500e+27
      55100.0  2.33100e+27
      55300.0  2.32700e+27
      55500.0  2.27500e+27
      55700.0  2.26400e+27
      55900.0  2.22700e+27
      56100.0  2.20900e+27
      56300.0  2.17100e+27
      56500.0  2.15600e+27
      56700.0  2.12900e+27
      56900.0  2.09300e+27
      57100.0  2.08100e+27
      57300.0  2.05500e+27
      57500.0  2.03100e+27
      57700.0  2.00400e+27
      57900.0  1.98800e+27
      58100.0  1.95900e+27
      58300.0  1.93700e+27
      58500.0  1.91400e+27
      58700.0  1.88600e+27
      58900.0  1.86400e+27
      59100.0  1.83600e+27
      59300.0  1.82500e+27
      59500.0  1.80000e+27
      59700.0  1.78500e+27
      59900.0  1.76400e+27
      60100.0  1.74300e+27
      60300.0  1.72300e+27
      60500.0  1.69900e+27
      60700.0  1.68000e+27
      60900.0  1.66000e+27
      61100.0  1.64000e+27
      61300.0  1.62400e+27
      61500.0  1.60600e+27
      61700.0  1.59000e+27
      61900.0  1.57100e+27
      62100.0  1.55500e+27
      62300.0  1.53500e+27
      62500.0  1.51500e+27
      62700.0  1.49800e+27
      62900.0  1.48200e+27
      63100.0  1.46500e+27
      63300.0  1.45200e+27
      63500.0  1.43300e+27
      63700.0  1.42000e+27
      63900.0  1.40100e+27
      64200.0  1.37900e+27
      64600.0  1.34800e+27
      65000.0  1.31800e+27
      65400.0  1.28900e+27
      65800.0  1.26200e+27
      66200.0  1.23400e+27
      66600.0  1.20700e+27
      67000.0  1.18200e+27
      67400.0  1.15500e+27
      67800.0  1.13100e+27
      68200.0  1.10600e+27
      68600.0  1.08400e+27
      69000.0  1.06000e+27
      69400.0  1.03800e+27
      69800.0  1.01600e+27
      70200.0  9.94800e+26
      70600.0  9.74600e+26
      71000.0  9.54200e+26
      71400.0  9.34600e+26
      71800.0  9.15100e+26
      72200.0  8.96400e+26
      72600.0  8.77800e+26
      73000.0  8.60100e+26
      73400.0  8.42400e+26
      73800.0  8.25700e+26
      74200.0  8.07900e+26
      74600.0  7.89500e+26
      75000.0  7.74000e+26
      75400.0  7.59900e+26
      75800.0  7.44900e+26
      76200.0  7.29700e+26
      76600.0  7.14900e+26
      77000.0  7.00400e+26
      77400.0  6.86400e+26
      77800.0  6.72800e+26
      78200.0  6.59300e+26
      78600.0  6.46300e+26
      79000.0  6.33600e+26
      79400.0  6.21200e+26
      79800.0  6.08600e+26
      80200.0  5.96100e+26
      80600.0  5.84100e+26
      81000.0  5.72500e+26
      81400.0  5.61000e+26
      81800.0  5.50000e+26
      82200.0  5.39100e+26
      82600.0  5.28400e+26
      83000.0  5.18000e+26
      83400.0  5.07800e+26
      83800.0  4.97900e+26
      84200.0  4.88400e+26
      84600.0  4.78900e+26
      85000.0  4.69700e+26
      85400.0  4.60600e+26
      85800.0  4.51800e+26
      86200.0  4.43300e+26
      86600.0  4.34900e+26
      87000.0  4.26700e+26
      87400.0  4.18700e+26
      87800.0  4.10800e+26
      88200.0  4.03100e+26
      88600.0  3.95700e+26
      89000.0  3.88400e+26
      89400.0  3.81300e+26
      89800.0  3.74200e+26
      90200.0  3.67600e+26
      90600.0  3.60900e+26
      91000.0  3.54200e+26
      91400.0  3.47700e+26
      91800.0  3.41600e+26
      92200.0  3.35600e+26
      92600.0  3.29600e+26
      93000.0  3.23800e+26
      93400.0  3.18100e+26
      93800.0  3.12500e+26
      94200.0  3.07100e+26
      94600.0  3.02100e+26
      95000.0  2.97500e+26
      95400.0  2.93100e+26
      95800.0  2.88700e+26
      96200.0  2.84300e+26
      96600.0  2.80200e+26
      97000.0  2.76000e+26
      97400.0  2.71800e+26
      97800.0  2.67900e+26
      98200.0  2.64000e+26
      98600.0  2.60100e+26
      99000.0  2.56400e+26
      99400.0  2.52600e+26
      99800.0  2.49000e+26
      100200.  2.45500e+26
      200000.  1.95800e+25
      400000.  1.91400e+24
      600000.  6.10300e+23
      800000.  3.01300e+23
  1.00000e+06  1.82400e+23
  1.20000e+06  1.25000e+23
  1.40000e+06  9.15400e+22
  1.60000e+06  7.01600e+22
