      91.0000      0.00000
      94.0000      0.00000
      96.0000      0.00000
      98.0000      0.00000
      100.000      0.00000
      102.000      0.00000
      104.000      0.00000
      106.000      0.00000
      108.000      0.00000
      110.000      0.00000
      114.000      0.00000
      118.000      0.00000
      121.000      0.00000
      125.000      0.00000
      127.000      0.00000
      128.000      0.00000
      131.000      0.00000
      132.000      0.00000
      134.000      0.00000
      137.000      0.00000
      140.000      0.00000
      143.000      0.00000
      147.000      0.00000
      151.000      0.00000
      155.000      0.00000
      159.000      0.00000
      162.000      0.00000
      166.000      0.00000
      170.000      0.00000
      173.000      0.00000
      177.000      0.00000
      180.000      0.00000
      182.000      0.00000
      186.000      0.00000
      191.000      0.00000
      194.000      0.00000
      198.000      0.00000
      202.000      0.00000
      205.000      0.00000
      210.000      0.00000
      216.000      0.00000
      220.000      0.00000
      223.000      0.00000
      227.000      0.00000
      230.000      0.00000
      234.000      0.00000
      240.000      0.00000
      246.000      0.00000
      252.000      0.00000
      257.000      0.00000
      260.000      0.00000
      264.000      0.00000
      269.000      0.00000
      274.000      0.00000
      279.000      0.00000
      284.000      0.00000
      290.000      0.00000
      296.000      0.00000
      301.000      0.00000
      308.000      0.00000
      318.000      0.00000
      328.000      0.00000
      338.000      0.00000
      348.000      0.00000
      357.000      0.00000
      366.000      0.00000
      375.000      0.00000
      385.000      0.00000
      395.000      0.00000
      405.000      0.00000
      414.000      0.00000
      422.000      0.00000
      430.000      0.00000
      441.000      0.00000
      451.000      0.00000
      460.000      0.00000
      470.000      0.00000
      480.000      0.00000
      490.000      0.00000
      500.000      0.00000
      506.000      0.00000
      512.000      0.00000
      520.000      0.00000
      530.000      0.00000
      540.000      0.00000
      550.000      0.00000
      560.000      0.00000
      570.000      0.00000
      580.000      0.00000
      590.000      0.00000
      600.000      0.00000
      610.000      0.00000
      620.000      0.00000
      630.000      0.00000
      640.000      0.00000
      650.000      0.00000
      658.000      0.00000
      665.000      0.00000
      675.000      0.00000
      685.000      0.00000
      695.000      0.00000
      705.000      0.00000
      716.000      0.00000
      726.000      0.00000
      735.000      0.00000
      745.000      0.00000
      755.000      0.00000
      765.000      0.00000
      775.000      0.00000
      785.000      0.00000
      795.000      0.00000
      805.000      0.00000
      815.000      0.00000
      825.000      0.00000
      835.000      0.00000
      845.000      0.00000
      855.000      0.00000
      865.000      0.00000
      875.000      0.00000
      885.000      0.00000
      895.000      0.00000
      905.000      0.00000
      915.000  3.91500e+28
      925.000  9.24300e+28
      935.000  1.43500e+29
      945.000  1.90700e+29
      955.000  2.22000e+29
      965.000  2.44000e+29
      975.000  9.72100e+28
      985.000  2.02700e+29
      995.000  1.95300e+29
      1005.00  2.42600e+29
      1015.00  2.46500e+29
      1025.00  1.68400e+29
      1035.00  2.18200e+29
      1045.00  3.02200e+29
      1055.00  2.94900e+29
      1065.00  2.54400e+29
      1075.00  2.81600e+29
      1085.00  2.49200e+29
      1095.00  2.93900e+29
      1105.00  2.85800e+29
      1115.00  2.83000e+29
      1125.00  2.55700e+29
      1135.00  3.00300e+29
      1145.00  2.84000e+29
      1155.00  2.88100e+29
      1165.00  2.88500e+29
      1175.00  2.04900e+29
      1185.00  2.76200e+29
      1195.00  2.31900e+29
      1205.00  1.99000e+29
      1215.00  1.56300e+29
      1225.00  2.27700e+29
      1235.00  2.84300e+29
      1245.00  3.01500e+29
      1255.00  2.97200e+29
      1265.00  2.80200e+29
      1275.00  3.23300e+29
      1285.00  3.32700e+29
      1295.00  2.90100e+29
      1305.00  2.88200e+29
      1315.00  3.30900e+29
      1325.00  3.20000e+29
      1335.00  3.13842e+29
      1345.00  3.26300e+29
      1355.00  3.16000e+29
      1365.00  2.92400e+29
      1375.00  2.95900e+29
      1385.00  2.94300e+29
      1395.00  2.40000e+29
      1405.00  2.36500e+29
      1415.00  2.74800e+29
      1425.00  2.72100e+29
      1435.00  2.78200e+29
      1442.00  2.86600e+29
      1447.00  2.89300e+29
      1455.00  2.82200e+29
      1465.00  2.68300e+29
      1475.00  2.69500e+29
      1485.00  2.73900e+29
      1495.00  2.75200e+29
      1505.00  2.66400e+29
      1512.00  2.47000e+29
      1517.00  2.58200e+29
      1525.00  2.53500e+29
      1535.00  2.24900e+29
      1545.00  2.21800e+29
      1555.00  2.17500e+29
      1565.00  2.33500e+29
      1575.00  2.49200e+29
      1585.00  2.57900e+29
      1595.00  2.60800e+29
      1605.00  2.52600e+29
      1615.00  2.49500e+29
      1625.00  2.41700e+29
      1635.00  2.51900e+29
      1645.00  2.53000e+29
      1655.00  2.41200e+29
      1665.00  2.54104e+29
      1672.00  2.30300e+29
      1677.00  2.58500e+29
      1685.00  2.60800e+29
      1695.00  2.47100e+29
      1705.00  2.39200e+29
      1715.00  2.28600e+29
      1725.00  2.24800e+29
      1735.00  2.35500e+29
      1745.00  2.30100e+29
      1755.00  2.37700e+29
      1765.00  2.23000e+29
      1775.00  2.23600e+29
      1785.00  2.25300e+29
      1795.00  2.32100e+29
      1805.00  2.28700e+29
      1815.00  2.14000e+29
      1825.00  2.14400e+29
      1835.00  2.07200e+29
      1845.00  1.91700e+29
      1855.00  1.92100e+29
      1865.00  1.94500e+29
      1875.00  2.01300e+29
      1885.00  1.87000e+29
      1895.00  1.78500e+29
      1905.00  1.95640e+29
      1915.00  1.75603e+29
      1925.00  1.68100e+29
      1935.00  1.69800e+29
      1945.00  1.74100e+29
      1955.00  1.61100e+29
      1967.00  1.69600e+29
      1976.00  1.70700e+29
      1984.00  1.61500e+29
      1995.00  1.55200e+29
      2005.00  1.55900e+29
      2015.00  1.50500e+29
      2025.00  1.51900e+29
      2035.00  1.44000e+29
      2045.00  1.45400e+29
      2055.00  1.32100e+29
      2065.00  1.33800e+29
      2074.00  1.42900e+29
      2078.00  1.37100e+29
      2085.00  1.39200e+29
      2095.00  1.31200e+29
      2105.00  1.30100e+29
      2115.00  1.30000e+29
      2125.00  1.30600e+29
      2135.00  1.23922e+29
      2145.00  1.25794e+29
      2155.00  1.28700e+29
      2165.00  1.24700e+29
      2175.00  1.24100e+29
      2185.00  1.22700e+29
      2195.00  1.26800e+29
      2205.00  1.23900e+29
      2215.00  1.18600e+29
      2225.00  1.16300e+29
      2235.00  1.21600e+29
      2245.00  1.18200e+29
      2255.00  1.15000e+29
      2265.00  1.17400e+29
      2275.00  1.20500e+29
      2285.00  1.23500e+29
      2295.00  1.17800e+29
      2305.00  1.20200e+29
      2315.00  1.17500e+29
      2325.00  1.24392e+29
      2335.00  1.12815e+29
      2345.00  1.10000e+29
      2355.00  1.18000e+29
      2365.00  1.11100e+29
      2375.00  1.14400e+29
      2385.00  1.07400e+29
      2395.00  1.13300e+29
      2405.00  1.11000e+29
      2415.00  1.13300e+29
      2425.00  1.19800e+29
      2435.00  1.16900e+29
      2445.00  1.22300e+29
      2455.00  1.21700e+29
      2465.00  1.21400e+29
      2475.00  1.18400e+29
      2485.00  1.19700e+29
      2495.00  1.10100e+29
      2505.00  1.25800e+29
      2513.00  1.14100e+29
      2518.00  1.16100e+29
      2525.00  1.13500e+29
      2535.00  1.15100e+29
      2545.00  1.14200e+29
      2555.00  1.20800e+29
      2565.00  1.18400e+29
      2575.00  1.23500e+29
      2585.00  1.22500e+29
      2595.00  1.21000e+29
      2605.00  1.17700e+29
      2615.00  1.16000e+29
      2625.00  1.21000e+29
      2635.00  1.24900e+29
      2645.00  1.33800e+29
      2655.00  1.37000e+29
      2665.00  1.26300e+29
      2675.00  1.30600e+29
      2685.00  1.31500e+29
      2695.00  1.25000e+29
      2705.00  1.28300e+29
      2715.00  1.22300e+29
      2725.00  1.21800e+29
      2735.00  1.26400e+29
      2745.00  1.12700e+29
      2755.00  1.15600e+29
      2765.00  1.19500e+29
      2775.00  1.23900e+29
      2785.00  1.16600e+29
      2795.00  1.01307e+29
      2805.00  1.02923e+29
      2815.00  1.22400e+29
      2825.00  1.28200e+29
      2835.00  1.24300e+29
      2845.00  1.20800e+29
      2855.00  1.15100e+29
      2865.00  1.25900e+29
      2875.00  1.26600e+29
      2885.00  1.25700e+29
      2895.00  1.25500e+29
      2910.00  1.34600e+29
      2930.00  1.29700e+29
      2950.00  1.27400e+29
      2970.00  1.29000e+29
      2990.00  1.28900e+29
      3010.00  1.29800e+29
      3030.00  1.29700e+29
      3050.00  1.30000e+29
      3070.00  1.30500e+29
      3090.00  1.30600e+29
      3110.00  1.30900e+29
      3130.00  1.28800e+29
      3150.00  1.29000e+29
      3170.00  1.29700e+29
      3190.00  1.23800e+29
      3210.00  1.27400e+29
      3230.00  1.22000e+29
      3250.00  1.29200e+29
      3270.00  1.33400e+29
      3290.00  1.32500e+29
      3310.00  1.31800e+29
      3330.00  1.30900e+29
      3350.00  1.29000e+29
      3370.00  1.22700e+29
      3390.00  1.24800e+29
      3410.00  1.25400e+29
      3430.00  1.25800e+29
      3450.00  1.26500e+29
      3470.00  1.26500e+29
      3490.00  1.28800e+29
      3510.00  1.30900e+29
      3530.00  1.27200e+29
      3550.00  1.32300e+29
      3570.00  1.21200e+29
      3590.00  1.20300e+29
      3610.00  1.25400e+29
      3630.00  1.26600e+29
      3640.00  1.27500e+29
      3650.00  1.29300e+29
      3670.00  1.28000e+29
      3690.00  1.21260e+29
      3710.00  1.30945e+29
      3730.00  3.32083e+29
      3750.00  1.42145e+29
      3770.00  1.52823e+29
      3790.00  1.66030e+29
      3810.00  1.78615e+29
      3830.00  1.45183e+29
      3850.00  1.81803e+29
      3870.00  2.20395e+29
      3890.00  1.57747e+29
      3910.00  2.02500e+29
      3930.00  1.62000e+29
      3950.00  1.91300e+29
      3970.00  1.42263e+29
      3990.00  2.09200e+29
      4010.00  2.25500e+29
      4030.00  2.24600e+29
      4050.00  2.22200e+29
      4070.00  2.18403e+29
      4090.00  2.03960e+29
      4110.00  1.78368e+29
      4130.00  2.15100e+29
      4150.00  2.20100e+29
      4170.00  2.20200e+29
      4190.00  2.18200e+29
      4210.00  2.18900e+29
      4230.00  2.15000e+29
      4250.00  2.17100e+29
      4270.00  2.10700e+29
      4290.00  2.06700e+29
      4310.00  1.91200e+29
      4330.00  1.93857e+29
      4350.00  1.78770e+29
      4370.00  2.18401e+29
      4390.00  2.12400e+29
      4410.00  2.16400e+29
      4430.00  2.21100e+29
      4450.00  2.22000e+29
      4470.00  2.29989e+29
      4490.00  2.26601e+29
      4510.00  2.39400e+29
      4530.00  2.25100e+29
      4550.00  2.26900e+29
      4570.00  2.36000e+29
      4590.00  2.28000e+29
      4610.00  2.31800e+29
      4630.00  2.27200e+29
      4650.00  2.28800e+29
      4670.00  2.32100e+29
      4690.00  2.28200e+29
      4710.00  2.22100e+29
      4730.00  2.28500e+29
      4750.00  2.31300e+29
      4770.00  2.30100e+29
      4790.00  2.28800e+29
      4810.00  2.26500e+29
      4830.00  2.26100e+29
      4850.00  2.09665e+29
      4870.00  1.94554e+29
      4890.00  2.18300e+29
      4910.00  2.21600e+29
      4930.00  2.18600e+29
      4950.00  2.25000e+29
      4970.00  2.23900e+29
      4990.00  2.15424e+29
      5010.00  5.31298e+29
      5030.00  2.14410e+29
      5050.00  2.12700e+29
      5070.00  2.18200e+29
      5090.00  2.11200e+29
      5110.00  2.13200e+29
      5130.00  2.08200e+29
      5150.00  2.03400e+29
      5170.00  1.96400e+29
      5190.00  1.99514e+29
      5210.00  2.04746e+29
      5230.00  2.09300e+29
      5250.00  2.13700e+29
      5270.00  1.98700e+29
      5290.00  2.13400e+29
      5310.00  2.18700e+29
      5330.00  2.04300e+29
      5350.00  2.14600e+29
      5370.00  2.13400e+29
      5390.00  2.10100e+29
      5410.00  2.07000e+29
      5430.00  2.08900e+29
      5450.00  2.13000e+29
      5470.00  2.09300e+29
      5490.00  2.09700e+29
      5510.00  2.08200e+29
      5530.00  2.10800e+29
      5550.00  2.12300e+29
      5570.00  2.08800e+29
      5590.00  2.05800e+29
      5610.00  2.09800e+29
      5630.00  2.08800e+29
      5650.00  2.09500e+29
      5670.00  2.05700e+29
      5690.00  2.09200e+29
      5710.00  2.04600e+29
      5730.00  2.14300e+29
      5750.00  2.09617e+29
      5770.00  2.10330e+29
      5790.00  2.05100e+29
      5810.00  2.09600e+29
      5830.00  2.12600e+29
      5850.00  2.08301e+29
      5870.00  2.14749e+29
      5890.00  1.96776e+29
      5910.00  2.05800e+29
      5930.00  2.06000e+29
      5950.00  2.05700e+29
      5970.00  2.07400e+29
      5990.00  2.04600e+29
      6010.00  2.02100e+29
      6030.00  2.04600e+29
      6050.00  2.06600e+29
      6070.00  2.05600e+29
      6090.00  2.00600e+29
      6110.00  2.00500e+29
      6130.00  1.93400e+29
      6150.00  1.95800e+29
      6170.00  1.90800e+29
      6190.00  1.97500e+29
      6210.00  1.96300e+29
      6230.00  1.91900e+29
      6250.00  1.86800e+29
      6270.00  1.93000e+29
      6290.00  1.97209e+29
      6310.00  1.95240e+29
      6330.00  1.92135e+29
      6350.00  1.92000e+29
      6370.00  1.91200e+29
      6390.00  1.92800e+29
      6410.00  1.89600e+29
      6430.00  1.90700e+29
      6450.00  1.89600e+29
      6470.00  1.89200e+29
      6490.00  1.85700e+29
      6510.00  1.89400e+29
      6530.00  1.88202e+29
      6550.00  2.21244e+29
      6570.00  2.81206e+29
      6590.00  2.34091e+29
      6610.00  1.87420e+29
      6630.00  1.87000e+29
      6650.00  1.86700e+29
      6670.00  1.85493e+29
      6690.00  1.86935e+29
      6710.00  2.12587e+29
      6730.00  2.20946e+29
      6750.00  1.82479e+29
      6770.00  1.82600e+29
      6790.00  1.81100e+29
      6810.00  1.81100e+29
      6830.00  1.82100e+29
      6850.00  1.78600e+29
      6870.00  1.80300e+29
      6890.00  1.81800e+29
      6910.00  1.80800e+29
      6930.00  1.79700e+29
      6950.00  1.78800e+29
      6970.00  1.79800e+29
      6990.00  1.78900e+29
      7010.00  1.76200e+29
      7030.00  1.78300e+29
      7050.00  1.78800e+29
      7070.00  1.75500e+29
      7090.00  1.72800e+29
      7110.00  1.69939e+29
      7130.00  1.81759e+29
      7150.00  1.69559e+29
      7170.00  1.68700e+29
      7190.00  1.65300e+29
      7210.00  1.67900e+29
      7230.00  1.69800e+29
      7250.00  1.70300e+29
      7270.00  1.70500e+29
      7290.00  1.68000e+29
      7310.00  1.70680e+29
      7330.00  1.74196e+29
      7350.00  1.71680e+29
      7370.00  1.74200e+29
      7390.00  1.71300e+29
      7410.00  1.70000e+29
      7430.00  1.72800e+29
      7450.00  1.73000e+29
      7470.00  1.74100e+29
      7490.00  1.73600e+29
      7510.00  1.74700e+29
      7530.00  1.76200e+29
      7550.00  1.76900e+29
      7570.00  1.76000e+29
      7590.00  1.73800e+29
      7610.00  1.72000e+29
      7630.00  1.70000e+29
      7650.00  1.67900e+29
      7670.00  1.62700e+29
      7690.00  1.65600e+29
      7710.00  1.63000e+29
      7730.00  1.63300e+29
      7750.00  1.62100e+29
      7770.00  1.63300e+29
      7790.00  1.64300e+29
      7810.00  1.64000e+29
      7830.00  1.62700e+29
      7850.00  1.61200e+29
      7870.00  1.62600e+29
      7890.00  1.60500e+29
      7910.00  1.57600e+29
      7930.00  1.57600e+29
      7950.00  1.56300e+29
      7970.00  1.60200e+29
      7990.00  1.59900e+29
      8010.00  1.61200e+29
      8030.00  1.61500e+29
      8050.00  1.61000e+29
      8070.00  1.62000e+29
      8090.00  1.60400e+29
      8110.00  1.61400e+29
      8130.00  1.64000e+29
      8150.00  1.65000e+29
      8170.00  1.65700e+29
      8190.00  1.62500e+29
      8210.00  1.59800e+29
      8230.00  1.60100e+29
      8250.00  1.60200e+29
      8270.00  1.61400e+29
      8290.00  1.60100e+29
      8310.00  1.56400e+29
      8330.00  1.55400e+29
      8350.00  1.55600e+29
      8370.00  1.56100e+29
      8390.00  1.52200e+29
      8410.00  1.55600e+29
      8430.00  1.51000e+29
      8450.00  1.49500e+29
      8470.00  1.48800e+29
      8490.00  1.50600e+29
      8510.00  1.43600e+29
      8530.00  1.50800e+29
      8550.00  1.38100e+29
      8570.00  1.53900e+29
      8590.00  1.50100e+29
      8610.00  1.50400e+29
      8630.00  1.55300e+29
      8650.00  1.54400e+29
      8670.00  1.38800e+29
      8690.00  1.51800e+29
      8710.00  1.56300e+29
      8730.00  1.56046e+29
      8750.00  1.50207e+29
      8770.00  1.55859e+29
      8790.00  1.58500e+29
      8810.00  1.56400e+29
      8830.00  1.56901e+29
      8850.00  1.54423e+29
      8870.00  1.46759e+29
      8890.00  1.53008e+29
      8910.00  1.55000e+29
      8930.00  1.52900e+29
      8950.00  1.53000e+29
      8970.00  1.53100e+29
      8990.00  1.52327e+29
      9010.00  1.44643e+29
      9030.00  1.50315e+29
      9050.00  1.75713e+29
      9070.00  3.32442e+29
      9090.00  1.65499e+29
      9110.00  1.55407e+29
      9130.00  1.57200e+29
      9150.00  1.56400e+29
      9170.00  1.56000e+29
      9190.00  1.56700e+29
      9210.00  1.51198e+29
      9230.00  1.44735e+29
      9250.00  1.47424e+29
      9270.00  1.49400e+29
      9290.00  1.48900e+29
      9310.00  1.49700e+29
      9330.00  1.49700e+29
      9350.00  1.49100e+29
      9370.00  1.47100e+29
      9390.00  1.48900e+29
      9410.00  1.46000e+29
      9430.00  1.49200e+29
      9450.00  1.47400e+29
      9470.00  1.49700e+29
      9490.00  1.49600e+29
      9510.00  1.47102e+29
      9530.00  1.46569e+29
      9550.00  1.41721e+29
      9570.00  1.45298e+29
      9590.00  1.48200e+29
      9610.00  1.46800e+29
      9630.00  1.47100e+29
      9650.00  1.45400e+29
      9670.00  1.45300e+29
      9690.00  1.46800e+29
      9710.00  1.45100e+29
      9730.00  1.43800e+29
      9750.00  1.43200e+29
      9770.00  1.43600e+29
      9790.00  1.42100e+29
      9810.00  1.44400e+29
      9830.00  1.43400e+29
      9850.00  1.43700e+29
      9870.00  1.42800e+29
      9890.00  1.42500e+29
      9910.00  1.42100e+29
      9930.00  1.42600e+29
      9950.00  1.42700e+29
      9970.00  1.42600e+29
      9990.00  1.42000e+29
      10025.0  1.40279e+29
      10075.0  1.37833e+29
      10125.0  1.40700e+29
      10175.0  1.39400e+29
      10225.0  1.39600e+29
      10275.0  1.39700e+29
      10325.0  1.46583e+29
      10375.0  1.36901e+29
      10425.0  1.37100e+29
      10475.0  1.35000e+29
      10525.0  1.33900e+29
      10575.0  1.31600e+29
      10625.0  1.30300e+29
      10675.0  1.29206e+29
      10725.0  1.29508e+29
      10775.0  1.28400e+29
      10825.0  1.38581e+29
      10875.0  1.25902e+29
      10925.0  1.25876e+29
      10975.0  1.23318e+29
      11025.0  1.23700e+29
      11075.0  1.22200e+29
      11125.0  1.21600e+29
      11175.0  1.20600e+29
      11225.0  1.20500e+29
      11275.0  1.18900e+29
      11325.0  1.18500e+29
      11375.0  1.17800e+29
      11425.0  1.16500e+29
      11475.0  1.17400e+29
      11525.0  1.16900e+29
      11575.0  1.15500e+29
      11625.0  1.13900e+29
      11675.0  1.13600e+29
      11725.0  1.13900e+29
      11775.0  1.11600e+29
      11825.0  1.10600e+29
      11875.0  1.08900e+29
      11925.0  1.10200e+29
      11975.0  1.07100e+29
      12025.0  1.08600e+29
      12075.0  1.07600e+29
      12125.0  1.07500e+29
      12175.0  1.07500e+29
      12225.0  1.06700e+29
      12275.0  1.05800e+29
      12325.0  1.05100e+29
      12375.0  1.04600e+29
      12425.0  1.03500e+29
      12475.0  1.03000e+29
      12525.0  1.02100e+29
      12575.0  1.01500e+29
      12625.0  1.00900e+29
      12675.0  1.00100e+29
      12725.0  9.99500e+28
      12775.0  1.00132e+29
      12825.0  1.03199e+29
      12875.0  9.78505e+28
      12925.0  9.70700e+28
      12975.0  9.76500e+28
      13025.0  9.65500e+28
      13075.0  9.65200e+28
      13125.0  9.48000e+28
      13175.0  9.41800e+28
      13225.0  9.39900e+28
      13275.0  9.23800e+28
      13325.0  9.23700e+28
      13375.0  9.13300e+28
      13425.0  9.12800e+28
      13475.0  9.03900e+28
      13525.0  8.96800e+28
      13575.0  8.82000e+28
      13625.0  8.77400e+28
      13675.0  8.79000e+28
      13725.0  8.79100e+28
      13775.0  8.76000e+28
      13825.0  8.75100e+28
      13875.0  8.66700e+28
      13925.0  8.40400e+28
      13975.0  8.35400e+28
      14025.0  8.25300e+28
      14075.0  8.30000e+28
      14125.0  8.20700e+28
      14175.0  8.25700e+28
      14225.0  8.15000e+28
      14275.0  8.04900e+28
      14325.0  8.15900e+28
      14375.0  8.18200e+28
      14425.0  7.98600e+28
      14475.0  8.12600e+28
      14525.0  8.03200e+28
      14570.0  8.07400e+28
      14620.0  7.94900e+28
      14675.0  7.91800e+28
      14725.0  7.82900e+28
      14775.0  7.86600e+28
      14825.0  7.87900e+28
      14875.0  7.80700e+28
      14925.0  7.95100e+28
      14975.0  7.87600e+28
      15025.0  7.80700e+28
      15075.0  7.78100e+28
      15125.0  7.89800e+28
      15175.0  7.91200e+28
      15225.0  7.89900e+28
      15275.0  7.93600e+28
      15325.0  7.90200e+28
      15375.0  7.90100e+28
      15425.0  7.84300e+28
      15475.0  7.86600e+28
      15525.0  7.80400e+28
      15575.0  7.58500e+28
      15625.0  7.68600e+28
      15675.0  7.63000e+28
      15725.0  7.74100e+28
      15775.0  7.38800e+28
      15825.0  7.41500e+28
      15875.0  7.31800e+28
      15925.0  7.56700e+28
      15975.0  7.45000e+28
      16050.0  7.49900e+28
      16150.0  7.52600e+28
      16250.0  7.41700e+28
      16350.0  7.52500e+28
      16450.0  7.37010e+28
      16550.0  7.40600e+28
      16650.0  7.25800e+28
      16750.0  7.18700e+28
      16850.0  7.03000e+28
      16950.0  7.09300e+28
      17050.0  6.94500e+28
      17150.0  6.85200e+28
      17250.0  6.69200e+28
      17350.0  6.45100e+28
      17450.0  6.40600e+28
      17550.0  6.28300e+28
      17650.0  6.14200e+28
      17750.0  5.97300e+28
      17850.0  5.85700e+28
      17950.0  5.69900e+28
      18050.0  5.54300e+28
      18150.0  5.39200e+28
      18250.0  5.34700e+28
      18350.0  5.28400e+28
      18450.0  5.16600e+28
      18550.0  5.10200e+28
      18650.0  4.96200e+28
      18750.0  6.01796e+28
      18850.0  4.84500e+28
      18950.0  4.69100e+28
      19050.0  4.74200e+28
      19150.0  4.66500e+28
      19250.0  4.61300e+28
      19350.0  4.50600e+28
      19450.0  4.44652e+28
      19550.0  4.38900e+28
      19650.0  4.31500e+28
      19750.0  4.22000e+28
      19850.0  4.17400e+28
      19950.0  4.12700e+28
      20050.0  4.10600e+28
      20150.0  4.06000e+28
      20250.0  3.97500e+28
      20350.0  3.93600e+28
      20450.0  3.93900e+28
      20550.0  3.90341e+28
      20650.0  3.84116e+28
      20750.0  3.81300e+28
      20850.0  3.77100e+28
      20950.0  3.71900e+28
      21050.0  3.71400e+28
      21150.0  3.66104e+28
      21250.0  3.65393e+28
      21350.0  3.60700e+28
      21450.0  3.56700e+28
      21550.0  3.52100e+28
      21650.0  3.53599e+28
      21750.0  3.41801e+28
      21850.0  3.38800e+28
      21950.0  3.35600e+28
      22050.0  3.28400e+28
      22150.0  3.27800e+28
      22250.0  3.20800e+28
      22350.0  3.17400e+28
      22450.0  3.13600e+28
      22550.0  3.10100e+28
      22650.0  3.04300e+28
      22750.0  3.02700e+28
      22850.0  2.96600e+28
      22950.0  2.57900e+28
      23050.0  2.71600e+28
      23150.0  2.69400e+28
      23250.0  2.37100e+28
      23350.0  2.51100e+28
      23450.0  2.43500e+28
      23550.0  2.19600e+28
      23650.0  2.34100e+28
      23750.0  2.26700e+28
      23850.0  2.07800e+28
      23950.0  2.18000e+28
      24050.0  2.14400e+28
      24150.0  1.97500e+28
      24250.0  2.03600e+28
      24350.0  1.99600e+28
      24450.0  1.88800e+28
      24550.0  1.85800e+28
      24650.0  1.87700e+28
      24750.0  1.80400e+28
      24850.0  1.68700e+28
      24950.0  1.68900e+28
      25050.0  1.71400e+28
      25150.0  1.60000e+28
      25250.0  1.63500e+28
      25350.0  1.63100e+28
      25450.0  1.59500e+28
      25550.0  1.57800e+28
      25650.0  1.57800e+28
      25750.0  1.59000e+28
      25850.0  1.52800e+28
      25950.0  1.54000e+28
      26050.0  1.54500e+28
      26150.0  1.51008e+28
      26250.0  1.63262e+28
      26350.0  1.49514e+28
      26450.0  1.48300e+28
      26550.0  1.46200e+28
      26650.0  1.43200e+28
      26750.0  1.44800e+28
      26850.0  1.43600e+28
      26950.0  1.40200e+28
      27050.0  1.40600e+28
      27150.0  1.39100e+28
      27250.0  1.38500e+28
      27350.0  1.35400e+28
      27450.0  1.35300e+28
      27550.0  1.33900e+28
      27650.0  1.32200e+28
      27750.0  1.30200e+28
      27850.0  1.30000e+28
      27950.0  1.29400e+28
      28050.0  1.27800e+28
      28150.0  1.25900e+28
      28250.0  1.25300e+28
      28350.0  1.24500e+28
      28450.0  1.23100e+28
      28550.0  1.21700e+28
      28650.0  1.20600e+28
      28750.0  1.18800e+28
      28850.0  1.18200e+28
      28950.0  1.17200e+28
      29050.0  1.16200e+28
      29150.0  1.15200e+28
      29250.0  1.13200e+28
      29350.0  1.13100e+28
      29450.0  1.11500e+28
      29550.0  1.10600e+28
      29650.0  1.09800e+28
      29750.0  1.08700e+28
      29850.0  1.07500e+28
      29950.0  1.06500e+28
      30050.0  1.05400e+28
      30150.0  1.04900e+28
      30250.0  1.03600e+28
      30350.0  1.01900e+28
      30450.0  1.02000e+28
      30550.0  1.01000e+28
      30650.0  1.00300e+28
      30750.0  9.96600e+27
      30850.0  9.85300e+27
      30950.0  9.80100e+27
      31050.0  9.75200e+27
      31150.0  9.60300e+27
      31250.0  9.57200e+27
      31350.0  9.49200e+27
      31450.0  9.41400e+27
      31550.0  9.32900e+27
      31650.0  9.23800e+27
      31750.0  9.18000e+27
      31850.0  9.10600e+27
      31950.0  9.04800e+27
      32100.0  8.93100e+27
      32300.0  8.78600e+27
      32500.0  8.65200e+27
      32700.0  8.49900e+27
      32900.0  8.30600e+27
      33100.0  8.20400e+27
      33300.0  8.07000e+27
      33500.0  7.95200e+27
      33700.0  7.80500e+27
      33900.0  7.66500e+27
      34100.0  7.52200e+27
      34300.0  7.41000e+27
      34500.0  7.28400e+27
      34700.0  7.14900e+27
      34900.0  7.02500e+27
      35100.0  6.90700e+27
      35300.0  6.76800e+27
      35500.0  6.65800e+27
      35700.0  6.53100e+27
      35900.0  6.41200e+27
      36100.0  6.31600e+27
      36300.0  6.19700e+27
      36500.0  6.07300e+27
      36700.0  5.96300e+27
      36900.0  5.83500e+27
      37100.0  5.72700e+27
      37300.0  5.63500e+27
      37500.0  5.49800e+27
      37700.0  5.43500e+27
      37900.0  5.32900e+27
      38100.0  5.24300e+27
      38300.0  5.15500e+27
      38500.0  5.06700e+27
      38700.0  4.95700e+27
      38900.0  4.87200e+27
      39100.0  4.78200e+27
      39300.0  4.70400e+27
      39500.0  4.59900e+27
      39700.0  4.52300e+27
      39900.0  4.42000e+27
      40100.0  4.35600e+27
      40300.0  4.28500e+27
      40500.0  6.05288e+27
      40700.0  4.13004e+27
      40900.0  4.05900e+27
      41100.0  3.99400e+27
      41300.0  3.92600e+27
      41500.0  3.85300e+27
      41700.0  3.77800e+27
      41900.0  3.72200e+27
      42100.0  3.65000e+27
      42300.0  3.60500e+27
      42500.0  3.53500e+27
      42700.0  3.48300e+27
      42900.0  3.30400e+27
      43100.0  3.13100e+27
      43300.0  3.13600e+27
      43500.0  2.98200e+27
      43700.0  2.89900e+27
      43900.0  2.84400e+27
      44100.0  2.71600e+27
      44300.0  2.68400e+27
      44500.0  2.63400e+27
      44700.0  2.53400e+27
      44900.0  2.53700e+27
      45100.0  2.47200e+27
      45300.0  2.40100e+27
      45500.0  2.39800e+27
      45700.0  2.36900e+27
      45900.0  2.28600e+27
      46100.0  2.29600e+27
      46300.0  2.25000e+27
      46500.0  2.21400e+27
      46700.0  2.20500e+27
      46900.0  2.17000e+27
      47100.0  2.12800e+27
      47300.0  2.13200e+27
      47500.0  2.08600e+27
      47700.0  2.06000e+27
      47900.0  2.03800e+27
      48100.0  1.99100e+27
      48300.0  1.99800e+27
      48500.0  1.95900e+27
      48700.0  1.92200e+27
      48900.0  1.89800e+27
      49100.0  1.87400e+27
      49300.0  1.84700e+27
      49500.0  1.81500e+27
      49700.0  1.80600e+27
      49900.0  1.77500e+27
      50100.0  1.75700e+27
      50300.0  1.73400e+27
      50500.0  1.69800e+27
      50700.0  1.68500e+27
      50900.0  1.66300e+27
      51100.0  1.63400e+27
      51300.0  1.61800e+27
      51500.0  1.59500e+27
      51700.0  1.58900e+27
      51900.0  1.56100e+27
      52100.0  1.54400e+27
      52300.0  1.51800e+27
      52500.0  1.50600e+27
      52700.0  1.50000e+27
      52900.0  1.46400e+27
      53100.0  1.44400e+27
      53300.0  1.43400e+27
      53500.0  1.41500e+27
      53700.0  1.40000e+27
      53900.0  1.38400e+27
      54100.0  1.36800e+27
      54300.0  1.34300e+27
      54500.0  1.33800e+27
      54700.0  1.31500e+27
      54900.0  1.30300e+27
      55100.0  1.28400e+27
      55300.0  1.28800e+27
      55500.0  1.25400e+27
      55700.0  1.25200e+27
      55900.0  1.23100e+27
      56100.0  1.22300e+27
      56300.0  1.20000e+27
      56500.0  1.19400e+27
      56700.0  1.18000e+27
      56900.0  1.15800e+27
      57100.0  1.15500e+27
      57300.0  1.14100e+27
      57500.0  1.12700e+27
      57700.0  1.11200e+27
      57900.0  1.10500e+27
      58100.0  1.08800e+27
      58300.0  1.07700e+27
      58500.0  1.06400e+27
      58700.0  1.04800e+27
      58900.0  1.03700e+27
      59100.0  1.02400e+27
      59300.0  1.01600e+27
      59500.0  1.00200e+27
      59700.0  9.94100e+26
      59900.0  9.82800e+26
      60100.0  9.71600e+26
      60300.0  9.60300e+26
      60500.0  9.46400e+26
      60700.0  9.36300e+26
      60900.0  9.25300e+26
      61100.0  9.13500e+26
      61300.0  9.05300e+26
      61500.0  8.96000e+26
      61700.0  8.87800e+26
      61900.0  8.77100e+26
      62100.0  8.68500e+26
      62300.0  8.56600e+26
      62500.0  8.45300e+26
      62700.0  8.36100e+26
      62900.0  8.27500e+26
      63100.0  8.17700e+26
      63300.0  8.11000e+26
      63500.0  8.00600e+26
      63700.0  7.94000e+26
      63900.0  7.82900e+26
      64200.0  7.70800e+26
      64600.0  7.53000e+26
      65000.0  7.36900e+26
      65400.0  7.20500e+26
      65800.0  7.05700e+26
      66200.0  6.89800e+26
      66600.0  6.75100e+26
      67000.0  6.60800e+26
      67400.0  6.46100e+26
      67800.0  6.32400e+26
      68200.0  6.18800e+26
      68600.0  6.06100e+26
      69000.0  5.93000e+26
      69400.0  5.80500e+26
      69800.0  5.68500e+26
      70200.0  5.56300e+26
      70600.0  5.45100e+26
      71000.0  5.33600e+26
      71400.0  5.22600e+26
      71800.0  5.11600e+26
      72200.0  5.01100e+26
      72600.0  4.90600e+26
      73000.0  4.80600e+26
      73400.0  4.70700e+26
      73800.0  4.61200e+26
      74200.0  4.51300e+26
      74600.0  4.41500e+26
      75000.0  4.32700e+26
      75400.0  4.24000e+26
      75800.0  4.15500e+26
      76200.0  4.06700e+26
      76600.0  3.98300e+26
      77000.0  3.89900e+26
      77400.0  3.81900e+26
      77800.0  3.74100e+26
      78200.0  3.66400e+26
      78600.0  3.59000e+26
      79000.0  3.51700e+26
      79400.0  3.44600e+26
      79800.0  3.37200e+26
      80200.0  3.29900e+26
      80600.0  3.22800e+26
      81000.0  3.16100e+26
      81400.0  3.09300e+26
      81800.0  3.02900e+26
      82200.0  2.96600e+26
      82600.0  2.90400e+26
      83000.0  2.84400e+26
      83400.0  2.78500e+26
      83800.0  2.72800e+26
      84200.0  2.67300e+26
      84600.0  2.61800e+26
      85000.0  2.56500e+26
      85400.0  2.51300e+26
      85800.0  2.46300e+26
      86200.0  2.41400e+26
      86600.0  2.36600e+26
      87000.0  2.31900e+26
      87400.0  2.27300e+26
      87800.0  2.22800e+26
      88200.0  2.18400e+26
      88600.0  2.14200e+26
      89000.0  2.10100e+26
      89400.0  2.06100e+26
      89800.0  2.02000e+26
      90200.0  1.98300e+26
      90600.0  1.94500e+26
      91000.0  1.90700e+26
      91400.0  1.87100e+26
      91800.0  1.83600e+26
      92200.0  1.80200e+26
      92600.0  1.76900e+26
      93000.0  1.73600e+26
      93400.0  1.70400e+26
      93800.0  1.67300e+26
      94200.0  1.64300e+26
      94600.0  1.61500e+26
      95000.0  1.59100e+26
      95400.0  1.56800e+26
      95800.0  1.54500e+26
      96200.0  1.52200e+26
      96600.0  1.50000e+26
      97000.0  1.47800e+26
      97400.0  1.45500e+26
      97800.0  1.43500e+26
      98200.0  1.41500e+26
      98600.0  1.39400e+26
      99000.0  1.37400e+26
      99400.0  1.35500e+26
      99800.0  1.33500e+26
      100200.  1.31700e+26
      200000.  1.06700e+25
      400000.  1.04300e+24
      600000.  3.31200e+23
      800000.  1.63200e+23
  1.00000e+06  9.86600e+22
  1.20000e+06  6.75700e+22
  1.40000e+06  4.94600e+22
  1.60000e+06  3.79000e+22
