      91.0000      0.00000
      94.0000      0.00000
      96.0000      0.00000
      98.0000      0.00000
      100.000      0.00000
      102.000      0.00000
      104.000      0.00000
      106.000      0.00000
      108.000      0.00000
      110.000      0.00000
      114.000      0.00000
      118.000      0.00000
      121.000      0.00000
      125.000      0.00000
      127.000      0.00000
      128.000      0.00000
      131.000      0.00000
      132.000      0.00000
      134.000      0.00000
      137.000      0.00000
      140.000      0.00000
      143.000      0.00000
      147.000      0.00000
      151.000      0.00000
      155.000      0.00000
      159.000      0.00000
      162.000      0.00000
      166.000      0.00000
      170.000      0.00000
      173.000      0.00000
      177.000      0.00000
      180.000      0.00000
      182.000      0.00000
      186.000      0.00000
      191.000      0.00000
      194.000      0.00000
      198.000      0.00000
      202.000      0.00000
      205.000      0.00000
      210.000      0.00000
      216.000      0.00000
      220.000      0.00000
      223.000      0.00000
      227.000      0.00000
      230.000      0.00000
      234.000      0.00000
      240.000      0.00000
      246.000      0.00000
      252.000      0.00000
      257.000      0.00000
      260.000      0.00000
      264.000      0.00000
      269.000      0.00000
      274.000      0.00000
      279.000      0.00000
      284.000      0.00000
      290.000      0.00000
      296.000      0.00000
      301.000      0.00000
      308.000      0.00000
      318.000      0.00000
      328.000      0.00000
      338.000      0.00000
      348.000      0.00000
      357.000      0.00000
      366.000      0.00000
      375.000      0.00000
      385.000      0.00000
      395.000      0.00000
      405.000      0.00000
      414.000      0.00000
      422.000      0.00000
      430.000      0.00000
      441.000      0.00000
      451.000      0.00000
      460.000      0.00000
      470.000      0.00000
      480.000      0.00000
      490.000      0.00000
      500.000      0.00000
      506.000      0.00000
      512.000      0.00000
      520.000      0.00000
      530.000      0.00000
      540.000      0.00000
      550.000      0.00000
      560.000      0.00000
      570.000      0.00000
      580.000      0.00000
      590.000      0.00000
      600.000      0.00000
      610.000      0.00000
      620.000      0.00000
      630.000      0.00000
      640.000      0.00000
      650.000      0.00000
      658.000      0.00000
      665.000      0.00000
      675.000      0.00000
      685.000      0.00000
      695.000      0.00000
      705.000      0.00000
      716.000      0.00000
      726.000      0.00000
      735.000      0.00000
      745.000      0.00000
      755.000      0.00000
      765.000      0.00000
      775.000      0.00000
      785.000      0.00000
      795.000      0.00000
      805.000      0.00000
      815.000      0.00000
      825.000      0.00000
      835.000      0.00000
      845.000      0.00000
      855.000      0.00000
      865.000      0.00000
      875.000      0.00000
      885.000      0.00000
      895.000      0.00000
      905.000      0.00000
      915.000  3.82800e+28
      925.000  8.62900e+28
      935.000  1.30300e+29
      945.000  1.82000e+29
      955.000  2.11600e+29
      965.000  2.41500e+29
      975.000  1.11800e+29
      985.000  2.30800e+29
      995.000  2.18900e+29
      1005.00  2.49600e+29
      1015.00  2.38500e+29
      1025.00  1.48800e+29
      1035.00  2.13800e+29
      1045.00  2.84500e+29
      1055.00  2.83600e+29
      1065.00  2.55800e+29
      1075.00  2.75700e+29
      1085.00  2.49500e+29
      1095.00  2.79800e+29
      1105.00  2.72600e+29
      1115.00  2.70900e+29
      1125.00  2.52400e+29
      1135.00  2.76900e+29
      1145.00  2.62000e+29
      1155.00  2.63800e+29
      1165.00  2.64800e+29
      1175.00  2.10700e+29
      1185.00  2.48900e+29
      1195.00  2.13400e+29
      1205.00  1.85600e+29
      1215.00  1.25500e+29
      1225.00  1.93200e+29
      1235.00  2.36800e+29
      1245.00  2.52100e+29
      1255.00  2.52700e+29
      1265.00  2.38800e+29
      1275.00  2.64600e+29
      1285.00  2.69700e+29
      1295.00  2.47200e+29
      1305.00  2.43200e+29
      1315.00  2.64900e+29
      1325.00  2.57700e+29
      1335.00  2.62514e+29
      1345.00  2.58100e+29
      1355.00  2.50800e+29
      1365.00  2.37000e+29
      1375.00  2.37700e+29
      1385.00  2.37000e+29
      1395.00  2.09000e+29
      1405.00  2.05500e+29
      1415.00  2.23300e+29
      1425.00  2.20800e+29
      1435.00  2.23400e+29
      1442.00  2.28800e+29
      1447.00  2.30100e+29
      1455.00  2.27100e+29
      1465.00  2.20800e+29
      1475.00  2.20300e+29
      1485.00  2.22100e+29
      1495.00  2.22800e+29
      1505.00  2.20500e+29
      1512.00  2.11700e+29
      1517.00  2.18100e+29
      1525.00  2.15900e+29
      1535.00  2.01600e+29
      1545.00  2.02700e+29
      1555.00  1.99600e+29
      1565.00  2.07900e+29
      1575.00  2.18700e+29
      1585.00  2.24700e+29
      1595.00  2.28500e+29
      1605.00  2.21200e+29
      1615.00  2.20200e+29
      1625.00  2.15900e+29
      1635.00  2.22100e+29
      1645.00  2.22200e+29
      1655.00  2.15700e+29
      1665.00  2.26946e+29
      1672.00  2.11900e+29
      1677.00  2.27700e+29
      1685.00  2.30400e+29
      1695.00  2.23400e+29
      1705.00  2.18900e+29
      1715.00  2.14300e+29
      1725.00  2.12600e+29
      1735.00  2.20500e+29
      1745.00  2.17200e+29
      1755.00  2.23000e+29
      1765.00  2.12700e+29
      1775.00  2.17100e+29
      1785.00  2.18400e+29
      1795.00  2.23400e+29
      1805.00  2.22600e+29
      1815.00  2.15500e+29
      1825.00  2.16000e+29
      1835.00  2.12900e+29
      1845.00  2.02700e+29
      1855.00  2.03600e+29
      1865.00  2.06200e+29
      1875.00  2.11900e+29
      1885.00  2.02900e+29
      1895.00  1.97500e+29
      1905.00  2.21953e+29
      1915.00  1.98205e+29
      1925.00  1.94100e+29
      1935.00  1.96700e+29
      1945.00  2.01500e+29
      1955.00  1.92200e+29
      1967.00  1.99400e+29
      1976.00  2.01300e+29
      1984.00  1.94400e+29
      1995.00  1.89700e+29
      2005.00  1.90800e+29
      2015.00  1.87500e+29
      2025.00  1.89300e+29
      2035.00  1.83900e+29
      2045.00  1.84900e+29
      2055.00  1.71000e+29
      2065.00  1.74700e+29
      2074.00  1.83900e+29
      2078.00  1.79400e+29
      2085.00  1.80800e+29
      2095.00  1.74300e+29
      2105.00  1.74600e+29
      2115.00  1.74500e+29
      2125.00  1.75600e+29
      2135.00  1.69244e+29
      2145.00  1.71290e+29
      2155.00  1.73200e+29
      2165.00  1.69000e+29
      2175.00  1.68500e+29
      2185.00  1.67300e+29
      2195.00  1.71500e+29
      2205.00  1.68200e+29
      2215.00  1.63500e+29
      2225.00  1.61300e+29
      2235.00  1.66700e+29
      2245.00  1.62300e+29
      2255.00  1.59100e+29
      2265.00  1.60100e+29
      2275.00  1.62500e+29
      2285.00  1.64000e+29
      2295.00  1.58300e+29
      2305.00  1.58900e+29
      2315.00  1.56701e+29
      2325.00  1.86727e+29
      2335.00  1.52429e+29
      2345.00  1.48200e+29
      2355.00  1.54000e+29
      2365.00  1.47900e+29
      2375.00  1.50100e+29
      2385.00  1.42700e+29
      2395.00  1.47500e+29
      2405.00  1.44300e+29
      2415.00  1.44900e+29
      2425.00  1.48500e+29
      2435.00  1.44600e+29
      2445.00  1.48100e+29
      2455.00  1.46200e+29
      2465.00  1.45100e+29
      2475.00  1.42000e+29
      2485.00  1.43700e+29
      2495.00  1.36000e+29
      2505.00  1.45800e+29
      2513.00  1.37400e+29
      2518.00  1.39400e+29
      2525.00  1.35800e+29
      2535.00  1.35500e+29
      2545.00  1.34400e+29
      2555.00  1.38400e+29
      2565.00  1.36700e+29
      2575.00  1.39800e+29
      2585.00  1.39000e+29
      2595.00  1.37600e+29
      2605.00  1.34300e+29
      2615.00  1.32800e+29
      2625.00  1.35000e+29
      2635.00  1.36000e+29
      2645.00  1.41800e+29
      2655.00  1.42000e+29
      2665.00  1.36100e+29
      2675.00  1.37900e+29
      2685.00  1.38100e+29
      2695.00  1.33600e+29
      2705.00  1.34700e+29
      2715.00  1.30600e+29
      2725.00  1.29600e+29
      2735.00  1.32200e+29
      2745.00  1.23500e+29
      2755.00  1.24400e+29
      2765.00  1.26600e+29
      2775.00  1.29100e+29
      2785.00  1.25500e+29
      2795.00  1.16736e+29
      2805.00  1.15117e+29
      2815.00  1.27100e+29
      2825.00  1.28200e+29
      2835.00  1.25500e+29
      2845.00  1.23000e+29
      2855.00  1.20300e+29
      2865.00  1.25000e+29
      2875.00  1.24500e+29
      2885.00  1.24300e+29
      2895.00  1.23500e+29
      2910.00  1.27600e+29
      2930.00  1.24300e+29
      2950.00  1.22400e+29
      2970.00  1.22300e+29
      2990.00  1.21600e+29
      3010.00  1.21400e+29
      3030.00  1.20500e+29
      3050.00  1.19800e+29
      3070.00  1.18700e+29
      3090.00  1.18000e+29
      3110.00  1.17100e+29
      3130.00  1.15400e+29
      3150.00  1.14700e+29
      3170.00  1.14300e+29
      3190.00  1.10800e+29
      3210.00  1.11900e+29
      3230.00  1.09200e+29
      3250.00  1.11400e+29
      3270.00  1.12500e+29
      3290.00  1.11500e+29
      3310.00  1.10600e+29
      3330.00  1.09500e+29
      3350.00  1.07800e+29
      3370.00  1.04800e+29
      3390.00  1.05100e+29
      3410.00  1.05100e+29
      3430.00  1.04500e+29
      3450.00  1.04200e+29
      3470.00  1.03700e+29
      3490.00  1.03900e+29
      3510.00  1.04400e+29
      3530.00  1.02600e+29
      3550.00  1.04000e+29
      3570.00  9.95600e+28
      3590.00  9.84400e+28
      3610.00  9.98500e+28
      3630.00  9.96200e+28
      3640.00  9.96600e+28
      3650.00  9.61200e+28
      3670.00  9.43100e+28
      3690.00  9.16437e+28
      3710.00  9.94463e+28
      3730.00  4.00067e+29
      3750.00  1.14139e+29
      3770.00  1.19893e+29
      3790.00  1.29034e+29
      3810.00  1.40021e+29
      3830.00  1.19163e+29
      3850.00  1.45305e+29
      3870.00  1.93998e+29
      3890.00  1.24331e+29
      3910.00  1.57600e+29
      3930.00  1.43500e+29
      3950.00  1.53100e+29
      3970.00  1.21273e+29
      3990.00  1.55300e+29
      4010.00  1.66500e+29
      4030.00  1.65200e+29
      4050.00  1.64200e+29
      4070.00  1.63919e+29
      4090.00  1.41325e+29
      4110.00  1.21835e+29
      4130.00  1.54000e+29
      4150.00  1.57900e+29
      4170.00  1.57800e+29
      4190.00  1.55700e+29
      4210.00  1.54900e+29
      4230.00  1.52400e+29
      4250.00  1.51500e+29
      4270.00  1.48100e+29
      4290.00  1.45000e+29
      4310.00  1.35800e+29
      4330.00  1.27257e+29
      4350.00  1.14974e+29
      4370.00  1.42512e+29
      4390.00  1.41600e+29
      4410.00  1.43300e+29
      4430.00  1.44700e+29
      4450.00  1.44000e+29
      4470.00  1.49484e+29
      4490.00  1.43301e+29
      4510.00  1.46100e+29
      4530.00  1.41300e+29
      4550.00  1.40600e+29
      4570.00  1.42800e+29
      4590.00  1.39500e+29
      4610.00  1.40300e+29
      4630.00  1.38100e+29
      4650.00  1.37800e+29
      4670.00  1.37900e+29
      4690.00  1.36000e+29
      4710.00  1.32800e+29
      4730.00  1.34500e+29
      4750.00  1.34600e+29
      4770.00  1.33300e+29
      4790.00  1.31900e+29
      4810.00  1.30000e+29
      4830.00  1.27300e+29
      4850.00  1.20618e+29
      4870.00  1.18319e+29
      4890.00  1.22400e+29
      4910.00  1.24900e+29
      4930.00  1.23500e+29
      4950.00  1.25100e+29
      4970.00  1.24700e+29
      4990.00  1.22894e+29
      5010.00  5.40676e+29
      5030.00  1.20313e+29
      5050.00  1.18900e+29
      5070.00  1.20200e+29
      5090.00  1.17800e+29
      5110.00  1.17800e+29
      5130.00  1.15800e+29
      5150.00  1.13700e+29
      5170.00  1.11300e+29
      5190.00  1.12062e+29
      5210.00  1.12416e+29
      5230.00  1.12400e+29
      5250.00  1.13100e+29
      5270.00  1.08700e+29
      5290.00  1.12000e+29
      5310.00  1.12500e+29
      5330.00  1.08500e+29
      5350.00  1.10500e+29
      5370.00  1.09400e+29
      5390.00  1.08300e+29
      5410.00  1.06800e+29
      5430.00  1.06700e+29
      5450.00  1.07200e+29
      5470.00  1.05900e+29
      5490.00  1.05500e+29
      5510.00  1.04700e+29
      5530.00  1.04800e+29
      5550.00  1.04700e+29
      5570.00  1.03000e+29
      5590.00  1.02000e+29
      5610.00  1.02300e+29
      5630.00  1.01800e+29
      5650.00  1.01500e+29
      5670.00  1.00000e+29
      5690.00  1.00500e+29
      5710.00  9.87200e+28
      5730.00  1.00600e+29
      5750.00  9.98847e+28
      5770.00  9.89574e+28
      5790.00  9.74700e+28
      5810.00  9.79100e+28
      5830.00  9.80600e+28
      5850.00  9.67008e+28
      5870.00  1.04351e+29
      5890.00  9.37415e+28
      5910.00  9.48400e+28
      5930.00  9.45200e+28
      5950.00  9.40700e+28
      5970.00  9.40200e+28
      5990.00  9.31000e+28
      6010.00  9.21800e+28
      6030.00  9.22600e+28
      6050.00  9.24700e+28
      6070.00  9.18100e+28
      6090.00  9.05300e+28
      6110.00  9.00800e+28
      6130.00  8.80100e+28
      6150.00  8.80600e+28
      6170.00  8.66500e+28
      6190.00  8.77200e+28
      6210.00  8.71900e+28
      6230.00  8.58300e+28
      6250.00  8.42000e+28
      6270.00  8.55401e+28
      6290.00  8.88002e+28
      6310.00  8.99031e+28
      6330.00  8.43823e+28
      6350.00  8.40600e+28
      6370.00  8.36600e+28
      6390.00  8.35600e+28
      6410.00  8.24100e+28
      6430.00  8.23600e+28
      6450.00  8.18600e+28
      6470.00  8.14400e+28
      6490.00  8.02300e+28
      6510.00  8.06800e+28
      6530.00  7.97718e+28
      6550.00  1.24914e+29
      6570.00  2.07641e+29
      6590.00  1.36389e+29
      6610.00  7.85833e+28
      6630.00  7.85000e+28
      6650.00  7.81106e+28
      6670.00  7.90281e+28
      6690.00  7.83471e+28
      6710.00  1.12855e+29
      6730.00  1.19575e+29
      6750.00  7.64154e+28
      6770.00  7.58400e+28
      6790.00  7.53700e+28
      6810.00  7.50500e+28
      6830.00  7.50100e+28
      6850.00  7.40500e+28
      6870.00  7.41400e+28
      6890.00  7.42600e+28
      6910.00  7.38400e+28
      6930.00  7.34400e+28
      6950.00  7.29700e+28
      6970.00  7.30400e+28
      6990.00  7.26800e+28
      7010.00  7.19200e+28
      7030.00  7.20500e+28
      7050.00  7.16700e+28
      7070.00  7.05800e+28
      7090.00  6.99200e+28
      7110.00  6.92147e+28
      7130.00  8.46480e+28
      7150.00  7.05130e+28
      7170.00  6.82601e+28
      7190.00  6.72300e+28
      7210.00  6.75500e+28
      7230.00  6.77600e+28
      7250.00  6.76800e+28
      7270.00  6.75200e+28
      7290.00  6.68000e+28
      7310.00  6.73514e+28
      7330.00  7.08779e+28
      7350.00  6.73114e+28
      7370.00  6.76400e+28
      7390.00  6.67800e+28
      7410.00  6.61900e+28
      7430.00  6.67900e+28
      7450.00  6.66300e+28
      7470.00  6.67400e+28
      7490.00  6.64100e+28
      7510.00  6.63700e+28
      7530.00  6.64700e+28
      7550.00  6.64700e+28
      7570.00  6.60500e+28
      7590.00  6.52500e+28
      7610.00  6.45100e+28
      7630.00  6.37600e+28
      7650.00  6.29900e+28
      7670.00  6.16200e+28
      7690.00  6.21200e+28
      7710.00  6.12800e+28
      7730.00  6.12800e+28
      7750.00  6.08100e+28
      7770.00  6.07800e+28
      7790.00  6.08600e+28
      7810.00  6.07900e+28
      7830.00  6.03800e+28
      7850.00  5.99500e+28
      7870.00  6.00400e+28
      7890.00  5.96000e+28
      7910.00  5.88100e+28
      7930.00  5.86600e+28
      7950.00  5.83600e+28
      7970.00  5.90000e+28
      7990.00  5.87000e+28
      8010.00  5.92400e+28
      8030.00  5.92300e+28
      8050.00  5.89200e+28
      8070.00  5.91500e+28
      8090.00  5.88200e+28
      8110.00  5.88800e+28
      8130.00  5.91600e+28
      8150.00  5.92000e+28
      8170.00  5.91100e+28
      8190.00  5.82900e+28
      8210.00  5.72500e+28
      8230.00  5.70000e+28
      8250.00  5.68800e+28
      8270.00  5.68600e+28
      8290.00  5.64600e+28
      8310.00  5.57500e+28
      8330.00  5.51500e+28
      8350.00  5.51800e+28
      8370.00  5.49300e+28
      8390.00  5.40100e+28
      8410.00  5.44800e+28
      8430.00  5.36700e+28
      8450.00  5.31900e+28
      8470.00  5.24200e+28
      8490.00  5.31400e+28
      8510.00  5.06700e+28
      8530.00  5.30300e+28
      8550.00  4.75300e+28
      8570.00  5.39900e+28
      8590.00  5.22800e+28
      8610.00  5.19800e+28
      8630.00  5.42300e+28
      8650.00  5.32200e+28
      8670.00  4.71200e+28
      8690.00  5.31100e+28
      8710.00  5.43100e+28
      8730.00  5.36791e+28
      8750.00  5.08228e+28
      8770.00  5.29839e+28
      8790.00  5.41700e+28
      8810.00  5.38200e+28
      8830.00  5.34410e+28
      8850.00  5.19170e+28
      8870.00  4.91776e+28
      8890.00  5.17989e+28
      8910.00  5.24600e+28
      8930.00  5.22500e+28
      8950.00  5.21300e+28
      8970.00  5.19300e+28
      8990.00  5.12285e+28
      9010.00  4.85454e+28
      9030.00  4.98265e+28
      9050.00  7.27763e+28
      9070.00  2.40309e+29
      9090.00  6.41667e+28
      9110.00  5.16270e+28
      9130.00  5.16900e+28
      9150.00  5.14800e+28
      9170.00  5.12000e+28
      9190.00  5.09002e+28
      9210.00  4.95104e+28
      9230.00  4.76082e+28
      9250.00  4.84414e+28
      9270.00  4.93101e+28
      9290.00  4.94400e+28
      9310.00  4.94600e+28
      9330.00  4.94100e+28
      9350.00  4.91700e+28
      9370.00  4.87200e+28
      9390.00  4.89100e+28
      9410.00  4.82300e+28
      9430.00  4.86900e+28
      9450.00  4.83100e+28
      9470.00  4.84300e+28
      9490.00  4.81600e+28
      9510.00  4.75120e+28
      9530.00  4.70793e+28
      9550.00  4.59058e+28
      9570.00  4.64236e+28
      9590.00  4.71701e+28
      9610.00  4.70000e+28
      9630.00  4.69400e+28
      9650.00  4.66300e+28
      9670.00  4.64700e+28
      9690.00  4.66000e+28
      9710.00  4.62700e+28
      9730.00  4.59800e+28
      9750.00  4.57700e+28
      9770.00  4.57200e+28
      9790.00  4.53700e+28
      9810.00  4.55700e+28
      9830.00  4.53500e+28
      9850.00  4.52400e+28
      9870.00  4.49700e+28
      9890.00  4.47800e+28
      9910.00  4.46600e+28
      9930.00  4.45800e+28
      9950.00  4.44600e+28
      9970.00  4.43000e+28
      9990.00  4.40500e+28
      10025.0  4.30063e+28
      10075.0  4.20585e+28
      10125.0  4.29600e+28
      10175.0  4.25500e+28
      10225.0  4.23300e+28
      10275.0  4.21000e+28
      10325.0  5.05447e+28
      10375.0  4.11108e+28
      10425.0  4.09200e+28
      10475.0  4.03700e+28
      10525.0  4.01100e+28
      10575.0  3.96000e+28
      10625.0  3.91900e+28
      10675.0  3.89766e+28
      10725.0  3.84781e+28
      10775.0  3.80400e+28
      10825.0  4.96620e+28
      10875.0  3.71224e+28
      10925.0  3.82797e+28
      10975.0  3.60483e+28
      11025.0  3.62900e+28
      11075.0  3.60200e+28
      11125.0  3.56900e+28
      11175.0  3.53200e+28
      11225.0  3.51400e+28
      11275.0  3.46400e+28
      11325.0  3.44100e+28
      11375.0  3.41200e+28
      11425.0  3.37200e+28
      11475.0  3.37200e+28
      11525.0  3.34800e+28
      11575.0  3.30900e+28
      11625.0  3.25900e+28
      11675.0  3.24000e+28
      11725.0  3.23800e+28
      11775.0  3.18100e+28
      11825.0  3.15800e+28
      11875.0  3.11400e+28
      11925.0  3.12900e+28
      11975.0  3.05600e+28
      12025.0  3.06700e+28
      12075.0  3.03400e+28
      12125.0  3.02000e+28
      12175.0  3.00700e+28
      12225.0  2.98100e+28
      12275.0  2.95100e+28
      12325.0  2.93100e+28
      12375.0  2.90800e+28
      12425.0  2.88400e+28
      12475.0  2.86400e+28
      12525.0  2.83700e+28
      12575.0  2.81600e+28
      12625.0  2.79400e+28
      12675.0  2.77000e+28
      12725.0  2.75400e+28
      12775.0  2.78840e+28
      12825.0  3.38757e+28
      12875.0  2.67704e+28
      12925.0  2.66400e+28
      12975.0  2.66100e+28
      13025.0  2.63600e+28
      13075.0  2.62200e+28
      13125.0  2.58600e+28
      13175.0  2.56500e+28
      13225.0  2.55400e+28
      13275.0  2.51700e+28
      13325.0  2.50900e+28
      13375.0  2.48400e+28
      13425.0  2.47400e+28
      13475.0  2.45200e+28
      13525.0  2.43200e+28
      13575.0  2.39900e+28
      13625.0  2.38400e+28
      13675.0  2.38100e+28
      13725.0  2.37400e+28
      13775.0  2.36500e+28
      13825.0  2.35600e+28
      13875.0  2.33300e+28
      13925.0  2.27000e+28
      13975.0  2.25400e+28
      14025.0  2.23100e+28
      14075.0  2.23300e+28
      14125.0  2.21300e+28
      14175.0  2.21400e+28
      14225.0  2.18900e+28
      14275.0  2.17000e+28
      14325.0  2.18100e+28
      14375.0  2.17900e+28
      14425.0  2.13900e+28
      14475.0  2.16000e+28
      14525.0  2.13500e+28
      14570.0  2.13800e+28
      14620.0  2.10100e+28
      14675.0  2.08900e+28
      14725.0  2.06900e+28
      14775.0  2.07100e+28
      14825.0  2.06800e+28
      14875.0  2.05000e+28
      14925.0  2.06900e+28
      14975.0  2.05200e+28
      15025.0  2.03500e+28
      15075.0  2.02400e+28
      15125.0  2.04100e+28
      15175.0  2.03800e+28
      15225.0  2.03200e+28
      15275.0  2.02800e+28
      15325.0  2.01900e+28
      15375.0  2.01600e+28
      15425.0  1.99500e+28
      15475.0  2.00300e+28
      15525.0  1.99000e+28
      15575.0  1.94000e+28
      15625.0  1.96500e+28
      15675.0  1.94900e+28
      15725.0  1.94900e+28
      15775.0  1.90600e+28
      15825.0  1.90500e+28
      15875.0  1.86500e+28
      15925.0  1.92600e+28
      15975.0  1.90200e+28
      16050.0  1.88600e+28
      16150.0  1.87200e+28
      16250.0  1.85400e+28
      16350.0  1.86400e+28
      16450.0  1.90412e+28
      16550.0  1.82500e+28
      16650.0  1.77600e+28
      16750.0  1.75400e+28
      16850.0  1.69800e+28
      16950.0  1.71500e+28
      17050.0  1.67600e+28
      17150.0  1.64900e+28
      17250.0  1.61400e+28
      17350.0  1.54300e+28
      17450.0  1.54400e+28
      17550.0  1.51600e+28
      17650.0  1.48600e+28
      17750.0  1.45100e+28
      17850.0  1.42400e+28
      17950.0  1.39300e+28
      18050.0  1.35900e+28
      18150.0  1.31300e+28
      18250.0  1.31000e+28
      18350.0  1.29700e+28
      18450.0  1.27300e+28
      18550.0  1.25700e+28
      18650.0  1.22900e+28
      18750.0  2.29607e+28
      18850.0  1.19200e+28
      18950.0  1.16100e+28
      19050.0  1.15700e+28
      19150.0  1.13600e+28
      19250.0  1.11800e+28
      19350.0  1.09200e+28
      19450.0  1.11837e+28
      19550.0  1.05700e+28
      19650.0  1.04000e+28
      19750.0  1.01900e+28
      19850.0  1.00500e+28
      19950.0  9.91400e+27
      20050.0  9.82300e+27
      20150.0  9.69300e+27
      20250.0  9.50800e+27
      20350.0  9.37800e+27
      20450.0  9.32400e+27
      20550.0  9.32639e+27
      20650.0  9.05747e+27
      20750.0  8.95400e+27
      20850.0  8.84300e+27
      20950.0  8.70500e+27
      21050.0  8.63600e+27
      21150.0  8.50737e+27
      21250.0  8.68131e+27
      21350.0  8.30700e+27
      21450.0  8.19700e+27
      21550.0  8.07501e+27
      21650.0  8.73470e+27
      21750.0  7.82208e+27
      21850.0  7.73400e+27
      21950.0  7.64600e+27
      22050.0  7.49600e+27
      22150.0  7.43700e+27
      22250.0  7.29500e+27
      22350.0  7.20300e+27
      22450.0  7.10600e+27
      22550.0  7.00800e+27
      22650.0  6.89300e+27
      22750.0  6.81800e+27
      22850.0  6.68600e+27
      22950.0  5.95000e+27
      23050.0  6.17400e+27
      23150.0  6.12200e+27
      23250.0  5.50600e+27
      23350.0  5.75100e+27
      23450.0  5.58900e+27
      23550.0  5.14400e+27
      23650.0  5.38400e+27
      23750.0  5.23200e+27
      23850.0  4.88600e+27
      23950.0  5.04900e+27
      24050.0  4.96800e+27
      24150.0  4.66100e+27
      24250.0  4.75000e+27
      24350.0  4.66000e+27
      24450.0  4.45900e+27
      24550.0  4.39800e+27
      24650.0  4.40200e+27
      24750.0  4.26100e+27
      24850.0  4.03100e+27
      24950.0  3.99300e+27
      25050.0  4.02700e+27
      25150.0  3.82200e+27
      25250.0  3.84800e+27
      25350.0  3.84000e+27
      25450.0  3.77000e+27
      25550.0  3.72000e+27
      25650.0  3.69100e+27
      25750.0  3.70800e+27
      25850.0  3.60300e+27
      25950.0  3.61000e+27
      26050.0  3.59100e+27
      26150.0  3.50870e+27
      26250.0  4.74394e+27
      26350.0  3.47324e+27
      26450.0  3.44800e+27
      26550.0  3.39600e+27
      26650.0  3.33700e+27
      26750.0  3.32800e+27
      26850.0  3.31300e+27
      26950.0  3.25900e+27
      27050.0  3.24700e+27
      27150.0  3.21200e+27
      27250.0  3.18800e+27
      27350.0  3.13100e+27
      27450.0  3.11400e+27
      27550.0  3.06200e+27
      27650.0  3.03800e+27
      27750.0  3.00800e+27
      27850.0  2.98900e+27
      27950.0  2.96900e+27
      28050.0  2.93400e+27
      28150.0  2.89600e+27
      28250.0  2.87100e+27
      28350.0  2.84800e+27
      28450.0  2.81400e+27
      28550.0  2.78200e+27
      28650.0  2.74600e+27
      28750.0  2.69400e+27
      28850.0  2.69600e+27
      28950.0  2.67100e+27
      29050.0  2.64200e+27
      29150.0  2.61700e+27
      29250.0  2.58200e+27
      29350.0  2.56600e+27
      29450.0  2.53300e+27
      29550.0  2.50900e+27
      29650.0  2.48600e+27
      29750.0  2.46000e+27
      29850.0  2.43300e+27
      29950.0  2.40800e+27
      30050.0  2.38400e+27
      30150.0  2.36400e+27
      30250.0  2.33900e+27
      30350.0  2.29200e+27
      30450.0  2.28800e+27
      30550.0  2.27500e+27
      30650.0  2.25500e+27
      30750.0  2.23800e+27
      30850.0  2.21500e+27
      30950.0  2.19600e+27
      31050.0  2.18000e+27
      31150.0  2.15100e+27
      31250.0  2.13800e+27
      31350.0  2.11900e+27
      31450.0  2.09900e+27
      31550.0  2.07600e+27
      31650.0  2.05800e+27
      31750.0  2.04000e+27
      31850.0  2.02100e+27
      31950.0  2.00400e+27
      32100.0  1.97500e+27
      32300.0  1.93900e+27
      32500.0  1.90300e+27
      32700.0  1.86600e+27
      32900.0  1.81200e+27
      33100.0  1.78800e+27
      33300.0  1.75500e+27
      33500.0  1.72500e+27
      33700.0  1.69100e+27
      33900.0  1.65600e+27
      34100.0  1.62300e+27
      34300.0  1.59500e+27
      34500.0  1.56400e+27
      34700.0  1.53300e+27
      34900.0  1.50300e+27
      35100.0  1.47500e+27
      35300.0  1.44400e+27
      35500.0  1.41700e+27
      35700.0  1.38900e+27
      35900.0  1.36200e+27
      36100.0  1.33700e+27
      36300.0  1.31200e+27
      36500.0  1.28400e+27
      36700.0  1.26000e+27
      36900.0  1.23200e+27
      37100.0  1.20900e+27
      37300.0  1.18500e+27
      37500.0  1.15600e+27
      37700.0  1.14400e+27
      37900.0  1.12200e+27
      38100.0  1.10000e+27
      38300.0  1.08000e+27
      38500.0  1.06100e+27
      38700.0  1.04000e+27
      38900.0  1.02000e+27
      39100.0  1.00000e+27
      39300.0  9.84000e+26
      39500.0  9.64600e+26
      39700.0  9.47300e+26
      39900.0  9.27300e+26
      40100.0  9.10500e+26
      40300.0  8.94402e+26
      40500.0  2.41010e+27
      40700.0  8.63534e+26
      40900.0  8.49000e+26
      41100.0  8.34400e+26
      41300.0  8.20100e+26
      41500.0  8.04900e+26
      41700.0  7.88300e+26
      41900.0  7.76800e+26
      42100.0  7.62900e+26
      42300.0  7.52100e+26
      42500.0  7.38200e+26
      42700.0  7.26500e+26
      42900.0  6.95200e+26
      43100.0  6.66400e+26
      43300.0  6.64700e+26
      43500.0  6.36500e+26
      43700.0  6.19800e+26
      43900.0  6.09500e+26
      44100.0  5.85600e+26
      44300.0  5.79100e+26
      44500.0  5.68300e+26
      44700.0  5.46900e+26
      44900.0  5.46700e+26
      45100.0  5.34000e+26
      45300.0  5.19000e+26
      45500.0  5.16600e+26
      45700.0  5.09800e+26
      45900.0  4.93500e+26
      46100.0  4.93700e+26
      46300.0  4.83900e+26
      46500.0  4.75600e+26
      46700.0  4.71400e+26
      46900.0  4.65300e+26
      47100.0  4.57200e+26
      47300.0  4.56300e+26
      47500.0  4.47200e+26
      47700.0  4.41000e+26
      47900.0  4.35700e+26
      48100.0  4.26300e+26
      48300.0  4.26100e+26
      48500.0  4.18400e+26
      48700.0  4.10600e+26
      48900.0  4.05600e+26
      49100.0  3.99800e+26
      49300.0  3.94200e+26
      49500.0  3.87800e+26
      49700.0  3.84500e+26
      49900.0  3.78900e+26
      50100.0  3.74400e+26
      50300.0  3.69300e+26
      50500.0  3.62000e+26
      50700.0  3.58500e+26
      50900.0  3.54100e+26
      51100.0  3.47800e+26
      51300.0  3.43000e+26
      51500.0  3.39000e+26
      51700.0  3.37300e+26
      51900.0  3.31300e+26
      52100.0  3.27200e+26
      52300.0  3.22300e+26
      52500.0  3.19400e+26
      52700.0  3.17400e+26
      52900.0  3.10400e+26
      53100.0  3.06400e+26
      53300.0  3.03600e+26
      53500.0  2.99700e+26
      53700.0  2.96300e+26
      53900.0  2.92900e+26
      54100.0  2.89300e+26
      54300.0  2.84400e+26
      54500.0  2.82600e+26
      54700.0  2.78100e+26
      54900.0  2.75100e+26
      55100.0  2.71300e+26
      55300.0  2.71000e+26
      55500.0  2.64600e+26
      55700.0  2.63600e+26
      55900.0  2.59300e+26
      56100.0  2.57100e+26
      56300.0  2.52700e+26
      56500.0  2.51100e+26
      56700.0  2.47900e+26
      56900.0  2.43800e+26
      57100.0  2.42300e+26
      57300.0  2.39400e+26
      57500.0  2.36500e+26
      57700.0  2.33400e+26
      57900.0  2.31500e+26
      58100.0  2.28200e+26
      58300.0  2.25700e+26
      58500.0  2.22600e+26
      58700.0  2.19400e+26
      58900.0  2.16900e+26
      59100.0  2.13600e+26
      59300.0  2.12300e+26
      59500.0  2.09500e+26
      59700.0  2.07600e+26
      59900.0  2.05200e+26
      60100.0  2.02900e+26
      60300.0  2.00500e+26
      60500.0  1.97700e+26
      60700.0  1.95600e+26
      60900.0  1.93300e+26
      61100.0  1.90900e+26
      61300.0  1.89000e+26
      61500.0  1.87000e+26
      61700.0  1.85200e+26
      61900.0  1.83000e+26
      62100.0  1.81100e+26
      62300.0  1.78700e+26
      62500.0  1.76500e+26
      62700.0  1.74500e+26
      62900.0  1.72600e+26
      63100.0  1.70700e+26
      63300.0  1.69100e+26
      63500.0  1.67000e+26
      63700.0  1.65500e+26
      63900.0  1.63200e+26
      64200.0  1.60700e+26
      64600.0  1.57100e+26
      65000.0  1.53700e+26
      65400.0  1.50300e+26
      65800.0  1.47200e+26
      66200.0  1.43900e+26
      66600.0  1.40800e+26
      67000.0  1.37900e+26
      67400.0  1.34900e+26
      67800.0  1.32000e+26
      68200.0  1.29200e+26
      68600.0  1.26600e+26
      69000.0  1.23900e+26
      69400.0  1.21300e+26
      69800.0  1.18800e+26
      70200.0  1.16300e+26
      70600.0  1.14000e+26
      71000.0  1.11600e+26
      71400.0  1.09300e+26
      71800.0  1.07100e+26
      72200.0  1.04900e+26
      72600.0  1.02800e+26
      73000.0  1.00700e+26
      73400.0  9.86900e+25
      73800.0  9.67400e+25
      74200.0  9.45200e+25
      74600.0  9.23900e+25
      75000.0  9.06000e+25
      75400.0  8.89400e+25
      75800.0  8.71500e+25
      76200.0  8.53700e+25
      76600.0  8.36300e+25
      77000.0  8.19200e+25
      77400.0  8.02700e+25
      77800.0  7.86600e+25
      78200.0  7.70800e+25
      78600.0  7.55500e+25
      79000.0  7.40600e+25
      79400.0  7.26100e+25
      79800.0  7.10800e+25
      80200.0  6.95800e+25
      80600.0  6.81300e+25
      81000.0  6.67300e+25
      81400.0  6.53400e+25
      81800.0  6.40100e+25
      82200.0  6.27100e+25
      82600.0  6.14300e+25
      83000.0  6.01900e+25
      83400.0  5.89800e+25
      83800.0  5.78100e+25
      84200.0  5.66700e+25
      84600.0  5.55400e+25
      85000.0  5.44400e+25
      85400.0  5.33700e+25
      85800.0  5.23200e+25
      86200.0  5.13100e+25
      86600.0  5.03200e+25
      87000.0  4.93500e+25
      87400.0  4.84000e+25
      87800.0  4.74800e+25
      88200.0  4.65800e+25
      88600.0  4.57100e+25
      89000.0  4.48500e+25
      89400.0  4.40200e+25
      89800.0  4.31900e+25
      90200.0  4.24000e+25
      90600.0  4.16200e+25
      91000.0  4.08500e+25
      91400.0  4.00100e+25
      91800.0  3.92900e+25
      92200.0  3.85900e+25
      92600.0  3.79000e+25
      93000.0  3.72200e+25
      93400.0  3.65600e+25
      93800.0  3.59100e+25
      94200.0  3.52900e+25
      94600.0  3.47200e+25
      95000.0  3.42300e+25
      95400.0  3.37500e+25
      95800.0  3.32800e+25
      96200.0  3.28200e+25
      96600.0  3.23600e+25
      97000.0  3.19100e+25
      97400.0  3.14600e+25
      97800.0  3.10400e+25
      98200.0  3.06200e+25
      98600.0  3.02000e+25
      99000.0  2.97900e+25
      99400.0  2.93900e+25
      99800.0  2.89900e+25
      100200.  2.86200e+25
      200000.  2.96000e+24
      400000.  4.61800e+23
      600000.  1.88400e+23
      800000.  1.05300e+23
  1.00000e+06  6.80600e+22
  1.20000e+06  4.85000e+22
  1.40000e+06  3.63600e+22
  1.60000e+06  2.83000e+22
