      91.0000       0.0000000
      94.0000       0.0000000
      96.0000       0.0000000
      98.0000       0.0000000
      100.000       0.0000000
      102.000       0.0000000
      104.000       0.0000000
      106.000       0.0000000
      108.000       0.0000000
      110.000       0.0000000
      114.000       0.0000000
      118.000       0.0000000
      121.000       0.0000000
      125.000       0.0000000
      127.000       0.0000000
      128.000       0.0000000
      131.000       0.0000000
      132.000       0.0000000
      134.000       0.0000000
      137.000       0.0000000
      140.000       0.0000000
      143.000       0.0000000
      147.000       0.0000000
      151.000       0.0000000
      155.000       0.0000000
      159.000       0.0000000
      162.000       0.0000000
      166.000       0.0000000
      170.000       0.0000000
      173.000       0.0000000
      177.000       0.0000000
      180.000       0.0000000
      182.000       0.0000000
      186.000       0.0000000
      191.000       0.0000000
      194.000       0.0000000
      198.000       0.0000000
      202.000       0.0000000
      205.000       0.0000000
      210.000       0.0000000
      216.000       0.0000000
      220.000       0.0000000
      223.000       0.0000000
      227.000       0.0000000
      230.000       0.0000000
      234.000       0.0000000
      240.000       0.0000000
      246.000       0.0000000
      252.000       0.0000000
      257.000       0.0000000
      260.000       0.0000000
      264.000       0.0000000
      269.000       0.0000000
      274.000       0.0000000
      279.000       0.0000000
      284.000       0.0000000
      290.000       0.0000000
      296.000       0.0000000
      301.000       0.0000000
      308.000       0.0000000
      318.000       0.0000000
      328.000       0.0000000
      338.000       0.0000000
      348.000       0.0000000
      357.000       0.0000000
      366.000       0.0000000
      375.000       0.0000000
      385.000       0.0000000
      395.000       0.0000000
      405.000       0.0000000
      414.000       0.0000000
      422.000       0.0000000
      430.000       0.0000000
      441.000       0.0000000
      451.000       0.0000000
      460.000       0.0000000
      470.000       0.0000000
      480.000       0.0000000
      490.000       0.0000000
      500.000       0.0000000
      506.000       0.0000000
      512.000       0.0000000
      520.000       0.0000000
      530.000       0.0000000
      540.000       0.0000000
      550.000       0.0000000
      560.000       0.0000000
      570.000       0.0000000
      580.000       0.0000000
      590.000       0.0000000
      600.000       0.0000000
      610.000       0.0000000
      620.000       0.0000000
      630.000       0.0000000
      640.000       0.0000000
      650.000       0.0000000
      658.000       0.0000000
      665.000       0.0000000
      675.000       0.0000000
      685.000       0.0000000
      695.000       0.0000000
      705.000       0.0000000
      716.000       0.0000000
      726.000       0.0000000
      735.000       0.0000000
      745.000       0.0000000
      755.000       0.0000000
      765.000       0.0000000
      775.000       0.0000000
      785.000       0.0000000
      795.000       0.0000000
      805.000       0.0000000
      815.000       0.0000000
      825.000       0.0000000
      835.000       0.0000000
      845.000       0.0000000
      855.000       0.0000000
      865.000       0.0000000
      875.000       0.0000000
      885.000       0.0000000
      895.000       0.0000000
      905.000       0.0000000
      915.000   2.8406757e+23
      925.000   7.6474346e+23
      935.000   1.3369113e+24
      945.000   1.9159485e+24
      955.000   2.4406038e+24
      965.000   2.7698361e+24
      975.000   1.0339785e+24
      985.000   2.3969942e+24
      995.000   2.8145435e+24
      1005.00   4.0880904e+24
      1015.00   4.5366816e+24
      1025.00   3.5690929e+24
      1035.00   4.6636438e+24
      1045.00   7.7508042e+24
      1055.00   8.9088444e+24
      1065.00   8.3557498e+24
      1075.00   1.0598074e+25
      1085.00   1.0343627e+25
      1095.00   1.3444171e+25
      1105.00   1.7238412e+25
      1115.00   1.9518503e+25
      1125.00   2.0285019e+25
      1135.00   2.5782031e+25
      1145.00   2.6217612e+25
      1155.00   2.8721256e+25
      1165.00   3.0721957e+25
      1175.00   2.2490316e+25
      1185.00   2.7693430e+25
      1195.00   2.0472189e+25
      1205.00   1.7771326e+25
      1215.00   2.8486460e+26
      1225.00   2.5754854e+25
      1235.00   3.6680548e+25
      1245.00   4.9119908e+25
      1255.00   6.0862922e+25
      1265.00   5.9828677e+25
      1275.00   9.2749363e+25
      1285.00   1.1281221e+26
      1295.00   1.0927651e+26
      1305.00   1.0617219e+26
      1315.00   1.4026811e+26
      1325.00   1.4906261e+26
      1335.00   1.5186787e+26
      1345.00   1.7799991e+26
      1355.00   1.7812054e+26
      1365.00   1.7108036e+26
      1375.00   1.9043368e+26
      1385.00   2.0079119e+26
      1395.00   1.9581366e+26
      1405.00   2.0305888e+26
      1415.00   2.1588541e+26
      1425.00   2.2896900e+26
      1435.00   2.2967387e+26
      1442.00   2.5172837e+26
      1447.00   2.6505108e+26
      1455.00   2.6785567e+26
      1465.00   2.5975188e+26
      1475.00   2.6552415e+26
      1485.00   2.8155069e+26
      1495.00   2.9746265e+26
      1505.00   3.0325730e+26
      1512.00   2.9103830e+26
      1517.00   3.1103821e+26
      1525.00   2.9631299e+26
      1535.00   2.7847829e+26
      1545.00   3.1262528e+26
      1555.00   3.0343643e+26
      1565.00   3.0467694e+26
      1575.00   3.3267530e+26
      1585.00   3.6067253e+26
      1595.00   3.8222476e+26
      1605.00   3.7571871e+26
      1615.00   3.8514862e+26
      1625.00   3.7081283e+26
      1635.00   3.9805927e+26
      1645.00   4.1696415e+26
      1655.00   3.8450440e+26
      1665.00   4.3763873e+26
      1672.00   3.8554642e+26
      1677.00   4.4259401e+26
      1685.00   4.7523901e+26
      1695.00   4.5704880e+26
      1705.00   4.5568968e+26
      1715.00   4.5745417e+26
      1725.00   4.6180258e+26
      1735.00   4.9686049e+26
      1745.00   4.9726238e+26
      1755.00   5.3738920e+26
      1765.00   5.0108325e+26
      1775.00   5.4042968e+26
      1785.00   5.5213280e+26
      1795.00   5.9388023e+26
      1805.00   5.9555487e+26
      1815.00   5.8676872e+26
      1825.00   5.9075026e+26
      1835.00   5.8908165e+26
      1845.00   5.6570835e+26
      1855.00   5.9113340e+26
      1865.00   6.1040897e+26
      1875.00   6.4861178e+26
      1885.00   6.4216987e+26
      1895.00   6.4364544e+26
      1905.00   6.7387347e+26
      1915.00   6.6671988e+26
      1925.00   6.7547224e+26
      1935.00   6.8635566e+26
      1945.00   7.2998256e+26
      1955.00   7.2017659e+26
      1967.00   7.6840395e+26
      1976.00   7.8003151e+26
      1984.00   7.7163254e+26
      1995.00   7.6757503e+26
      2005.00   7.8544544e+26
      2015.00   7.7398213e+26
      2025.00   8.0141795e+26
      2035.00   8.0940790e+26
      2045.00   8.4407350e+26
      2055.00   8.1698953e+26
      2065.00   8.3269998e+26
      2074.00   8.8809095e+26
      2078.00   8.8808708e+26
      2085.00   9.1028432e+26
      2095.00   8.9141603e+26
      2105.00   9.0316352e+26
      2115.00   9.2207164e+26
      2125.00   9.4250483e+26
      2135.00   8.8820634e+26
      2145.00   9.5123878e+26
      2155.00   9.7679402e+26
      2165.00   9.5561456e+26
      2175.00   9.6575463e+26
      2185.00   9.7720716e+26
      2195.00   1.0412025e+27
      2205.00   1.0228538e+27
      2215.00   9.8589145e+26
      2225.00   9.8595481e+26
      2235.00   1.0740234e+27
      2245.00   1.0323668e+27
      2255.00   1.0189056e+27
      2265.00   1.0401291e+27
      2275.00   1.0975223e+27
      2285.00   1.1389602e+27
      2295.00   1.0969847e+27
      2305.00   1.1195212e+27
      2315.00   1.1032476e+27
      2325.00   1.0312427e+27
      2335.00   1.0911249e+27
      2345.00   1.0490111e+27
      2355.00   1.1517204e+27
      2365.00   1.0813319e+27
      2375.00   1.1385898e+27
      2385.00   1.0603935e+27
      2395.00   1.1496922e+27
      2405.00   1.1279369e+27
      2415.00   1.1681901e+27
      2425.00   1.2466756e+27
      2435.00   1.2182533e+27
      2445.00   1.3025524e+27
      2455.00   1.2942691e+27
      2465.00   1.3036362e+27
      2475.00   1.2768548e+27
      2485.00   1.3298504e+27
      2495.00   1.2829405e+27
      2505.00   1.4351215e+27
      2513.00   1.3340525e+27
      2518.00   1.3524868e+27
      2525.00   1.3084285e+27
      2535.00   1.3391590e+27
      2545.00   1.3536864e+27
      2555.00   1.4626894e+27
      2565.00   1.4560150e+27
      2575.00   1.5509947e+27
      2585.00   1.5634995e+27
      2595.00   1.5662545e+27
      2605.00   1.5352458e+27
      2615.00   1.5404996e+27
      2625.00   1.6234315e+27
      2635.00   1.6870027e+27
      2645.00   1.8517219e+27
      2655.00   1.8967402e+27
      2665.00   1.7920438e+27
      2675.00   1.8781901e+27
      2685.00   1.9162142e+27
      2695.00   1.8581042e+27
      2705.00   1.9212813e+27
      2715.00   1.8588744e+27
      2725.00   1.8834796e+27
      2735.00   1.9970211e+27
      2745.00   1.7949522e+27
      2755.00   1.8543322e+27
      2765.00   1.9571756e+27
      2775.00   2.0601721e+27
      2785.00   1.9946129e+27
      2795.00   1.6153916e+27
      2805.00   1.7547362e+27
      2815.00   2.1681146e+27
      2825.00   2.2728526e+27
      2835.00   2.2461999e+27
      2845.00   2.2093239e+27
      2855.00   2.1529505e+27
      2865.00   2.3587145e+27
      2875.00   2.3865917e+27
      2885.00   2.4254383e+27
      2895.00   2.4413062e+27
      2910.00   2.6602133e+27
      2930.00   2.6438143e+27
      2950.00   2.6897504e+27
      2970.00   2.7881505e+27
      2990.00   2.8677961e+27
      3010.00   2.9827054e+27
      3030.00   3.0514361e+27
      3050.00   3.1348649e+27
      3070.00   3.1914461e+27
      3090.00   3.2878639e+27
      3110.00   3.3541991e+27
      3130.00   3.4032048e+27
      3150.00   3.4835949e+27
      3170.00   3.5863141e+27
      3190.00   3.5486848e+27
      3210.00   3.7342234e+27
      3230.00   3.7118750e+27
      3250.00   3.9528994e+27
      3270.00   4.1443346e+27
      3290.00   4.2203834e+27
      3310.00   4.3167158e+27
      3330.00   4.3792079e+27
      3350.00   4.4290878e+27
      3370.00   4.3817640e+27
      3390.00   4.5535361e+27
      3410.00   4.7044980e+27
      3430.00   4.8393871e+27
      3450.00   4.9738780e+27
      3470.00   5.0689437e+27
      3490.00   5.2262786e+27
      3510.00   5.4097928e+27
      3530.00   5.4460840e+27
      3550.00   5.7180584e+27
      3570.00   5.5588981e+27
      3590.00   5.6293899e+27
      3610.00   5.8715962e+27
      3630.00   6.0136301e+27
      3640.00   6.0877676e+27
      3650.00   6.3128940e+27
      3670.00   6.3097571e+27
      3690.00   6.0906252e+27
      3710.00   6.8409200e+27
      3730.00   9.8678448e+27
      3750.00   8.4970613e+27
      3770.00   9.1821969e+27
      3790.00   1.0866312e+28
      3810.00   1.2509576e+28
      3830.00   1.0249180e+28
      3850.00   1.3851048e+28
      3870.00   1.5937679e+28
      3890.00   1.0384226e+28
      3910.00   1.6339858e+28
      3930.00   1.5294458e+28
      3950.00   1.6505191e+28
      3970.00   1.0200660e+28
      3990.00   1.7442106e+28
      4010.00   1.9497109e+28
      4030.00   1.9858265e+28
      4050.00   2.0048290e+28
      4070.00   1.9734395e+28
      4090.00   1.7062465e+28
      4110.00   1.4333871e+28
      4130.00   2.0211819e+28
      4150.00   2.1372960e+28
      4170.00   2.1744945e+28
      4190.00   2.1917502e+28
      4210.00   2.2167845e+28
      4230.00   2.2171138e+28
      4250.00   2.2490290e+28
      4270.00   2.2370077e+28
      4290.00   2.2286752e+28
      4310.00   2.1106215e+28
      4330.00   1.8789217e+28
      4350.00   1.7028606e+28
      4370.00   2.3350942e+28
      4390.00   2.3874482e+28
      4410.00   2.4586869e+28
      4430.00   2.5181073e+28
      4450.00   2.5554858e+28
      4470.00   2.6109142e+28
      4490.00   2.6243218e+28
      4510.00   2.7290013e+28
      4530.00   2.6821141e+28
      4550.00   2.7142525e+28
      4570.00   2.8099486e+28
      4590.00   2.7868056e+28
      4610.00   2.8519501e+28
      4630.00   2.8522906e+28
      4650.00   2.8995329e+28
      4670.00   2.9472442e+28
      4690.00   2.9546971e+28
      4710.00   2.9330631e+28
      4730.00   3.0210330e+28
      4750.00   3.0707171e+28
      4770.00   3.0800046e+28
      4790.00   3.1012678e+28
      4810.00   3.1015748e+28
      4830.00   3.0738963e+28
      4850.00   2.6747262e+28
      4870.00   2.3735634e+28
      4890.00   3.0869427e+28
      4910.00   3.2238169e+28
      4930.00   3.2493093e+28
      4950.00   3.3319975e+28
      4970.00   3.3710859e+28
      4990.00   3.3319547e+28
      5010.00   4.6459691e+28
      5030.00   3.4009079e+28
      5050.00   3.4137255e+28
      5070.00   3.5020000e+28
      5090.00   3.4905129e+28
      5110.00   3.5430064e+28
      5130.00   3.5350564e+28
      5150.00   3.5217697e+28
      5170.00   3.4990029e+28
      5190.00   3.5486016e+28
      5210.00   3.6211897e+28
      5230.00   3.6908674e+28
      5250.00   3.7669191e+28
      5270.00   3.6721899e+28
      5290.00   3.8384410e+28
      5310.00   3.9057624e+28
      5330.00   3.8228749e+28
      5350.00   3.9482273e+28
      5370.00   3.9686001e+28
      5390.00   3.9837343e+28
      5410.00   3.9839777e+28
      5430.00   4.0404524e+28
      5450.00   4.1022648e+28
      5470.00   4.1080561e+28
      5490.00   4.1503072e+28
      5510.00   4.1748578e+28
      5530.00   4.2426473e+28
      5550.00   4.2903376e+28
      5570.00   4.2852982e+28
      5590.00   4.3003930e+28
      5610.00   4.3582699e+28
      5630.00   4.4000525e+28
      5650.00   4.4446281e+28
      5670.00   4.4382245e+28
      5690.00   4.5196015e+28
      5710.00   4.5029617e+28
      5730.00   4.6471899e+28
      5750.00   4.6335948e+28
      5770.00   4.6771030e+28
      5790.00   4.6659838e+28
      5810.00   4.7408881e+28
      5830.00   4.8103204e+28
      5850.00   4.8004318e+28
      5870.00   4.8702373e+28
      5890.00   4.7056660e+28
      5910.00   4.8719341e+28
      5930.00   4.9149423e+28
      5950.00   4.9510967e+28
      5970.00   5.0077966e+28
      5990.00   5.0192803e+28
      6010.00   5.0334678e+28
      6030.00   5.1079541e+28
      6050.00   5.1795591e+28
      6070.00   5.2113208e+28
      6090.00   5.1979969e+28
      6110.00   5.2322914e+28
      6130.00   5.1707747e+28
      6150.00   5.2226946e+28
      6170.00   5.1886430e+28
      6190.00   5.3151814e+28
      6210.00   5.3353968e+28
      6230.00   5.3144104e+28
      6250.00   5.2712947e+28
      6270.00   5.4214873e+28
      6290.00   5.5066859e+28
      6310.00   5.3823827e+28
      6330.00   5.4170170e+28
      6350.00   5.4507804e+28
      6370.00   5.4930691e+28
      6390.00   5.5613853e+28
      6410.00   5.5459534e+28
      6430.00   5.6095811e+28
      6450.00   5.6326565e+28
      6470.00   5.6734110e+28
      6490.00   5.6534608e+28
      6510.00   5.7494137e+28
      6530.00   5.7321809e+28
      6550.00   5.7924663e+28
      6570.00   5.9530099e+28
      6590.00   6.2202525e+28
      6610.00   5.9111770e+28
      6630.00   5.9691325e+28
      6650.00   6.0070197e+28
      6670.00   6.0190712e+28
      6690.00   6.0781307e+28
      6710.00   6.3683809e+28
      6730.00   6.5096837e+28
      6750.00   6.1199381e+28
      6770.00   6.1670918e+28
      6790.00   6.1853005e+28
      6810.00   6.2306547e+28
      6830.00   6.2927769e+28
      6850.00   6.2810166e+28
      6870.00   6.3600482e+28
      6890.00   6.4396538e+28
      6910.00   6.4727587e+28
      6930.00   6.5054430e+28
      6950.00   6.5437097e+28
      6970.00   6.6241697e+28
      6990.00   6.6622549e+28
      7010.00   6.6690324e+28
      7030.00   6.7499895e+28
      7050.00   6.7745808e+28
      7070.00   6.7282946e+28
      7090.00   6.6735375e+28
      7110.00   6.6236363e+28
      7130.00   6.8054066e+28
      7150.00   6.6815955e+28
      7170.00   6.7214403e+28
      7190.00   6.6917496e+28
      7210.00   6.7843961e+28
      7230.00   6.8771528e+28
      7250.00   6.9448743e+28
      7270.00   7.0093689e+28
      7290.00   7.0193138e+28
      7310.00   7.1523669e+28
      7330.00   7.2529821e+28
      7350.00   7.3044073e+28
      7370.00   7.4297578e+28
      7390.00   7.4085144e+28
      7410.00   7.4332622e+28
      7430.00   7.5637523e+28
      7450.00   7.6151917e+28
      7470.00   7.7059941e+28
      7490.00   7.7436172e+28
      7510.00   7.8171238e+28
      7530.00   7.9123912e+28
      7550.00   7.9835244e+28
      7570.00   8.0056170e+28
      7590.00   7.9626916e+28
      7610.00   7.9188503e+28
      7630.00   7.8392571e+28
      7650.00   7.7682066e+28
      7670.00   7.6418188e+28
      7690.00   7.7472902e+28
      7710.00   7.7137227e+28
      7730.00   7.7652629e+28
      7750.00   7.7757461e+28
      7770.00   7.8119300e+28
      7790.00   7.9232966e+28
      7810.00   7.9729765e+28
      7830.00   7.9810802e+28
      7850.00   7.9684197e+28
      7870.00   8.0776109e+28
      7890.00   8.0841340e+28
      7910.00   8.0470092e+28
      7930.00   8.1061723e+28
      7950.00   8.1360684e+28
      7970.00   8.2945114e+28
      7990.00   8.3237275e+28
      8010.00   8.4844887e+28
      8030.00   8.5442696e+28
      8050.00   8.5854103e+28
      8070.00   8.6998233e+28
      8090.00   8.7300990e+28
      8110.00   8.8225103e+28
      8130.00   8.9632486e+28
      8150.00   9.0540910e+28
      8170.00   9.1320458e+28
      8190.00   9.0575279e+28
      8210.00   9.0271137e+28
      8230.00   9.0724239e+28
      8250.00   9.1058856e+28
      8270.00   9.1839883e+28
      8290.00   9.1761264e+28
      8310.00   9.0912666e+28
      8330.00   9.0481340e+28
      8350.00   9.1094085e+28
      8370.00   9.1419090e+28
      8390.00   9.0231064e+28
      8410.00   9.1575089e+28
      8430.00   8.9754253e+28
      8450.00   8.8356860e+28
      8470.00   8.8013725e+28
      8490.00   8.9628040e+28
      8510.00   8.6135956e+28
      8530.00   9.0823302e+28
      8550.00   8.1917620e+28
      8570.00   9.4452337e+28
      8590.00   9.1886081e+28
      8610.00   9.2295924e+28
      8630.00   9.7773348e+28
      8650.00   9.6256070e+28
      8670.00   8.5137506e+28
      8690.00   9.7726883e+28
      8710.00   1.0138781e+29
      8730.00   1.0065080e+29
      8750.00   9.4178112e+28
      8770.00   1.0062276e+29
      8790.00   1.0452401e+29
      8810.00   1.0457306e+29
      8830.00   1.0438172e+29
      8850.00   1.0101377e+29
      8870.00   9.5046453e+28
      8890.00   1.0280909e+29
      8910.00   1.0540729e+29
      8930.00   1.0556644e+29
      8950.00   1.0620608e+29
      8970.00   1.0641215e+29
      8990.00   1.0537689e+29
      9010.00   9.7949916e+28
      9030.00   1.0288865e+29
      9050.00   1.1381894e+29
      9070.00   1.5366750e+29
      9090.00   1.1251160e+29
      9110.00   1.1134107e+29
      9130.00   1.1252834e+29
      9150.00   1.1257682e+29
      9170.00   1.1260440e+29
      9190.00   1.1268344e+29
      9210.00   1.0826457e+29
      9230.00   1.0046147e+29
      9250.00   1.0642801e+29
      9270.00   1.0962373e+29
      9290.00   1.1040059e+29
      9310.00   1.1130034e+29
      9330.00   1.1194687e+29
      9350.00   1.1195531e+29
      9370.00   1.1149826e+29
      9390.00   1.1284563e+29
      9410.00   1.1174090e+29
      9430.00   1.1369941e+29
      9450.00   1.1345081e+29
      9470.00   1.1478311e+29
      9490.00   1.1485756e+29
      9510.00   1.1363750e+29
      9530.00   1.1165738e+29
      9550.00   1.0535177e+29
      9570.00   1.1226277e+29
      9590.00   1.1558648e+29
      9610.00   1.1569552e+29
      9630.00   1.1630976e+29
      9650.00   1.1598166e+29
      9670.00   1.1617623e+29
      9690.00   1.1748728e+29
      9710.00   1.1715893e+29
      9730.00   1.1697321e+29
      9750.00   1.1705150e+29
      9770.00   1.1773967e+29
      9790.00   1.1734752e+29
      9810.00   1.1887871e+29
      9830.00   1.1865032e+29
      9850.00   1.1935564e+29
      9870.00   1.1927361e+29
      9890.00   1.1941411e+29
      9910.00   1.1937326e+29
      9930.00   1.1993172e+29
      9950.00   1.2029343e+29
      9970.00   1.2054533e+29
      9990.00   1.2043268e+29
      10025.0   1.1794037e+29
      10075.0   1.1672638e+29
      10125.0   1.2185269e+29
      10175.0   1.2210048e+29
      10225.0   1.2303008e+29
      10275.0   1.2389148e+29
      10325.0   1.2648534e+29
      10375.0   1.2385292e+29
      10425.0   1.2481942e+29
      10475.0   1.2411221e+29
      10525.0   1.2381038e+29
      10575.0   1.2307715e+29
      10625.0   1.2303373e+29
      10675.0   1.2259347e+29
      10725.0   1.2384931e+29
      10775.0   1.2411594e+29
      10825.0   1.2799581e+29
      10875.0   1.2379240e+29
      10925.0   1.2076378e+29
      10975.0   1.2244655e+29
      11025.0   1.2461232e+29
      11075.0   1.2446819e+29
      11125.0   1.2467018e+29
      11175.0   1.2459209e+29
      11225.0   1.2515605e+29
      11275.0   1.2450322e+29
      11325.0   1.2485997e+29
      11375.0   1.2497967e+29
      11425.0   1.2465736e+29
      11475.0   1.2608444e+29
      11525.0   1.2635391e+29
      11575.0   1.2591755e+29
      11625.0   1.2503927e+29
      11675.0   1.2537143e+29
      11725.0   1.2631876e+29
      11775.0   1.2472089e+29
      11825.0   1.2473037e+29
      11875.0   1.2372271e+29
      11925.0   1.2553374e+29
      11975.0   1.2346105e+29
      12025.0   1.2540231e+29
      12075.0   1.2520881e+29
      12125.0   1.2581030e+29
      12175.0   1.2637551e+29
      12225.0   1.2635942e+29
      12275.0   1.2615192e+29
      12325.0   1.2615645e+29
      12375.0   1.2632000e+29
      12425.0   1.2575855e+29
      12475.0   1.2591746e+29
      12525.0   1.2564113e+29
      12575.0   1.2573844e+29
      12625.0   1.2569896e+29
      12675.0   1.2548897e+29
      12725.0   1.2575704e+29
      12775.0   1.2558944e+29
      12825.0   1.2370869e+29
      12875.0   1.2503224e+29
      12925.0   1.2511600e+29
      12975.0   1.2625149e+29
      13025.0   1.2576437e+29
      13075.0   1.2620545e+29
      13125.0   1.2485771e+29
      13175.0   1.2470587e+29
      13225.0   1.2493996e+29
      13275.0   1.2374828e+29
      13325.0   1.2408812e+29
      13375.0   1.2342837e+29
      13425.0   1.2374510e+29
      13475.0   1.2325630e+29
      13525.0   1.2295779e+29
      13575.0   1.2201029e+29
      13625.0   1.2199344e+29
      13675.0   1.2281975e+29
      13725.0   1.2339448e+29
      13775.0   1.2374869e+29
      13825.0   1.2416887e+29
      13875.0   1.2363195e+29
      13925.0   1.2049889e+29
      13975.0   1.2039064e+29
      14025.0   1.1986003e+29
      14075.0   1.2077635e+29
      14125.0   1.2025830e+29
      14175.0   1.2120623e+29
      14225.0   1.2062563e+29
      14275.0   1.2002778e+29
      14325.0   1.2169791e+29
      14375.0   1.2232661e+29
      14425.0   1.2075763e+29
      14475.0   1.2282834e+29
      14525.0   1.2221620e+29
      14570.0   1.2311104e+29
      14620.0   1.2183363e+29
      14675.0   1.2197561e+29
      14725.0   1.2150953e+29
      14775.0   1.2245920e+29
      14825.0   1.2312331e+29
      14875.0   1.2279429e+29
      14925.0   1.2502988e+29
      14975.0   1.2460687e+29
      15025.0   1.2433859e+29
      15075.0   1.2443920e+29
      15125.0   1.2631762e+29
      15175.0   1.2692627e+29
      15225.0   1.2731835e+29
      15275.0   1.2809520e+29
      15325.0   1.2822066e+29
      15375.0   1.2877594e+29
      15425.0   1.2809982e+29
      15475.0   1.2930617e+29
      15525.0   1.2914199e+29
      15575.0   1.2562358e+29
      15625.0   1.2797792e+29
      15675.0   1.2787086e+29
      15725.0   1.2943077e+29
      15775.0   1.2562799e+29
      15825.0   1.2617105e+29
      15875.0   1.2473537e+29
      15925.0   1.2965468e+29
      15975.0   1.2825413e+29
      16050.0   1.2821900e+29
      16150.0   1.2918599e+29
      16250.0   1.2871342e+29
      16350.0   1.3186359e+29
      16450.0   1.2730209e+29
      16550.0   1.3173879e+29
      16650.0   1.2873974e+29
      16750.0   1.2920700e+29
      16850.0   1.2613084e+29
      16950.0   1.2887347e+29
      17050.0   1.2733346e+29
      17150.0   1.2631288e+29
      17250.0   1.2462668e+29
      17350.0   1.1973398e+29
      17450.0   1.2083906e+29
      17550.0   1.1916155e+29
      17650.0   1.1770682e+29
      17750.0   1.1534012e+29
      17850.0   1.1395843e+29
      17950.0   1.1204046e+29
      18050.0   1.0974169e+29
      18150.0   1.0716678e+29
      18250.0   1.0747518e+29
      18350.0   1.0697609e+29
      18450.0   1.0588112e+29
      18550.0   1.0521772e+29
      18650.0   1.0342469e+29
      18750.0   1.1037168e+29
      18850.0   1.0178630e+29
      18950.0   9.9711093e+28
      19050.0   1.0064784e+29
      19150.0   9.9354744e+28
      19250.0   9.8638929e+28
      19350.0   9.6740624e+28
      19450.0   9.4557587e+28
      19550.0   9.5063157e+28
      19650.0   9.4066923e+28
      19750.0   9.2419901e+28
      19850.0   9.1941341e+28
      19950.0   9.1319802e+28
      20050.0   9.1256416e+28
      20150.0   9.0603761e+28
      20250.0   8.9351133e+28
      20350.0   8.8921085e+28
      20450.0   8.9132518e+28
      20550.0   8.8609481e+28
      20650.0   8.7814564e+28
      20750.0   8.7462859e+28
      20850.0   8.6966338e+28
      20950.0   8.6186279e+28
      21050.0   8.6204171e+28
      21150.0   8.5464295e+28
      21250.0   8.5139503e+28
      21350.0   8.4695789e+28
      21450.0   8.4121195e+28
      21550.0   8.3254310e+28
      21650.0   8.2344302e+28
      21750.0   8.1613440e+28
      21850.0   8.1195546e+28
      21950.0   8.0767103e+28
      22050.0   7.9469608e+28
      22150.0   7.9453415e+28
      22250.0   7.8203884e+28
      22350.0   7.7666994e+28
      22450.0   7.6975996e+28
      22550.0   7.6496299e+28
      22650.0   7.5417960e+28
      22750.0   7.5218150e+28
      22850.0   7.4140009e+28
      22950.0   6.5192383e+28
      23050.0   6.8123292e+28
      23150.0   6.7887922e+28
      23250.0   6.0781931e+28
      23350.0   6.4167775e+28
      23450.0   6.2175473e+28
      23550.0   5.7277681e+28
      23650.0   6.0670235e+28
      23750.0   5.8709012e+28
      23850.0   5.5040984e+28
      23950.0   5.7449851e+28
      24050.0   5.6374438e+28
      24150.0   5.2959279e+28
      24250.0   5.4402037e+28
      24350.0   5.3272788e+28
      24450.0   5.1106784e+28
      24550.0   5.0574146e+28
      24650.0   5.0789647e+28
      24750.0   4.9314616e+28
      24850.0   4.6537193e+28
      24950.0   4.6222204e+28
      25050.0   4.6975406e+28
      25150.0   4.4626459e+28
      25250.0   4.5325862e+28
      25350.0   4.5392866e+28
      25450.0   4.4860283e+28
      25550.0   4.4475726e+28
      25650.0   4.4414525e+28
      25750.0   4.4933893e+28
      25850.0   4.3832128e+28
      25950.0   4.4175777e+28
      26050.0   4.4318726e+28
      26150.0   4.3504217e+28
      26250.0   4.4514687e+28
      26350.0   4.3566941e+28
      26450.0   4.3477775e+28
      26550.0   4.3079975e+28
      26650.0   4.2494593e+28
      26750.0   4.2707888e+28
      26850.0   4.2692073e+28
      26950.0   4.2064098e+28
      27050.0   4.2274989e+28
      27150.0   4.2028682e+28
      27250.0   4.2023066e+28
      27350.0   4.1335815e+28
      27450.0   4.1428704e+28
      27550.0   4.1034401e+28
      27650.0   4.0874829e+28
      27750.0   4.0558062e+28
      27850.0   4.0653971e+28
      27950.0   4.0623008e+28
      28050.0   4.0355359e+28
      28150.0   3.9935988e+28
      28250.0   3.9867705e+28
      28350.0   3.9817527e+28
      28450.0   3.9500001e+28
      28550.0   3.9040000e+28
      28650.0   3.8569999e+28
      28750.0   3.7880000e+28
      28850.0   3.7880000e+28
      28950.0   3.7539999e+28
      29050.0   3.7140000e+28
      29150.0   3.6820001e+28
      29250.0   3.6250000e+28
      29350.0   3.6110000e+28
      29450.0   3.5649999e+28
      29550.0   3.5310001e+28
      29650.0   3.5039999e+28
      29750.0   3.4689999e+28
      29850.0   3.4280001e+28
      29950.0   3.3940000e+28
      30050.0   3.3610001e+28
      30150.0   3.3380000e+28
      30250.0   3.3010000e+28
      30350.0   3.2390001e+28
      30450.0   3.2340001e+28
      30550.0   3.2170000e+28
      30650.0   3.1910001e+28
      30750.0   3.1690000e+28
      30850.0   3.1349999e+28
      30950.0   3.1130000e+28
      31050.0   3.0930001e+28
      31150.0   3.0520001e+28
      31250.0   3.0360000e+28
      31350.0   3.0100000e+28
      31450.0   2.9829999e+28
      31550.0   2.9540001e+28
      31650.0   2.9250000e+28
      31750.0   2.9060001e+28
      31850.0   2.8799999e+28
      31950.0   2.8580000e+28
      32100.0   2.8189999e+28
      32300.0   2.7690000e+28
      32500.0   2.7230001e+28
      32700.0   2.6710000e+28
      32900.0   2.6040000e+28
      33100.0   2.5720001e+28
      33300.0   2.5269999e+28
      33500.0   2.4860001e+28
      33700.0   2.4390000e+28
      33900.0   2.3910000e+28
      34100.0   2.3449999e+28
      34300.0   2.3060000e+28
      34500.0   2.2630000e+28
      34700.0   2.2200001e+28
      34900.0   2.1800000e+28
      35100.0   2.1400001e+28
      35300.0   2.0969999e+28
      35500.0   2.0599999e+28
      35700.0   2.0190001e+28
      35900.0   1.9820001e+28
      36100.0   1.9480000e+28
      36300.0   1.9120000e+28
      36500.0   1.8720000e+28
      36700.0   1.8380001e+28
      36900.0   1.7980000e+28
      37100.0   1.7650001e+28
      37300.0   1.7330000e+28
      37500.0   1.6910000e+28
      37700.0   1.6740001e+28
      37900.0   1.6420000e+28
      38100.0   1.6099999e+28
      38300.0   1.5830001e+28
      38500.0   1.5560000e+28
      38700.0   1.5230000e+28
      38900.0   1.4950001e+28
      39100.0   1.4660000e+28
      39300.0   1.4410000e+28
      39500.0   1.4110000e+28
      39700.0   1.3860000e+28
      39900.0   1.3549999e+28
      40100.0   1.3310001e+28
      40300.0   1.3080002e+28
      40500.0   1.4994042e+28
      40700.0   1.2610049e+28
      40900.0   1.2390000e+28
      41100.0   1.2170000e+28
      41300.0   1.1950000e+28
      41500.0   1.1720000e+28
      41700.0   1.1470000e+28
      41900.0   1.1300000e+28
      42100.0   1.1090000e+28
      42300.0   1.0930000e+28
      42500.0   1.0720000e+28
      42700.0   1.0540000e+28
      42900.0   1.0059999e+28
      43100.0   9.5499998e+27
      43300.0   9.5110002e+27
      43500.0   9.0570001e+27
      43700.0   8.7870000e+27
      43900.0   8.5919999e+27
      44100.0   8.2940003e+27
      44300.0   8.0929998e+27
      44500.0   7.9370000e+27
      44700.0   7.7419999e+27
      44900.0   7.6610001e+27
      45100.0   7.5149999e+27
      45300.0   7.3509998e+27
      45500.0   7.2770003e+27
      45700.0   7.1549997e+27
      45900.0   6.9480001e+27
      46100.0   6.9440003e+27
      46300.0   6.8059997e+27
      46500.0   6.6819998e+27
      46700.0   6.6539997e+27
      46900.0   6.5550000e+27
      47100.0   6.4440002e+27
      47300.0   6.4310001e+27
      47500.0   6.2670000e+27
      47700.0   6.2269998e+27
      47900.0   6.1470000e+27
      48100.0   5.9870003e+27
      48300.0   6.0100000e+27
      48500.0   5.8639998e+27
      48700.0   5.7589997e+27
      48900.0   5.6850002e+27
      49100.0   5.5930003e+27
      49300.0   5.5350002e+27
      49500.0   5.4270002e+27
      49700.0   5.3990001e+27
      49900.0   5.3090001e+27
      50100.0   5.2480001e+27
      50300.0   5.1750000e+27
      50500.0   5.0719999e+27
      50700.0   5.0259999e+27
      50900.0   4.9560003e+27
      51100.0   4.8700001e+27
      51300.0   4.8030000e+27
      51500.0   4.7420000e+27
      51700.0   4.7149999e+27
      51900.0   4.6340001e+27
      52100.0   4.5789999e+27
      52300.0   4.5050001e+27
      52500.0   4.4629999e+27
      52700.0   4.4360001e+27
      52900.0   4.3390000e+27
      53100.0   4.2780001e+27
      53300.0   4.2410000e+27
      53500.0   4.1860001e+27
      53700.0   4.1369999e+27
      53900.0   4.0880001e+27
      54100.0   4.0389999e+27
      54300.0   3.9680000e+27
      54500.0   3.9450000e+27
      54700.0   3.8760001e+27
      54900.0   3.8380001e+27
      55100.0   3.7819999e+27
      55300.0   3.7830001e+27
      55500.0   3.6899999e+27
      55700.0   3.6749999e+27
      55900.0   3.6149999e+27
      56100.0   3.5880000e+27
      56300.0   3.5220000e+27
      56500.0   3.5009999e+27
      56700.0   3.4559999e+27
      56900.0   3.3960001e+27
      57100.0   3.3789999e+27
      57300.0   3.3370001e+27
      57500.0   3.2949999e+27
      57700.0   3.2530001e+27
      57900.0   3.2269999e+27
      58100.0   3.1800000e+27
      58300.0   3.1449999e+27
      58500.0   3.1080001e+27
      58700.0   3.0599999e+27
      58900.0   3.0250001e+27
      59100.0   2.9800001e+27
      59300.0   2.9609999e+27
      59500.0   2.9200001e+27
      59700.0   2.8960001e+27
      59900.0   2.8619999e+27
      60100.0   2.8280001e+27
      60300.0   2.7939999e+27
      60500.0   2.7550000e+27
      60700.0   2.7240000e+27
      60900.0   2.6920001e+27
      61100.0   2.6570000e+27
      61300.0   2.6320000e+27
      61500.0   2.6039999e+27
      61700.0   2.5780001e+27
      61900.0   2.5460001e+27
      62100.0   2.5200000e+27
      62300.0   2.4860001e+27
      62500.0   2.4530001e+27
      62700.0   2.4259999e+27
      62900.0   2.4000001e+27
      63100.0   2.3710000e+27
      63300.0   2.3499999e+27
      63500.0   2.3190000e+27
      63700.0   2.2990000e+27
      63900.0   2.2660000e+27
      64200.0   2.2310000e+27
      64600.0   2.1790000e+27
      65000.0   2.1310000e+27
      65400.0   2.0830000e+27
      65800.0   2.0389999e+27
      66200.0   1.9920000e+27
      66600.0   1.9490000e+27
      67000.0   1.9070001e+27
      67400.0   1.8640000e+27
      67800.0   1.8230001e+27
      68200.0   1.7830000e+27
      68600.0   1.7460000e+27
      69000.0   1.7080000e+27
      69400.0   1.6709999e+27
      69800.0   1.6360000e+27
      70200.0   1.6000000e+27
      70600.0   1.5670000e+27
      71000.0   1.5340000e+27
      71400.0   1.5020000e+27
      71800.0   1.4699999e+27
      72200.0   1.4400001e+27
      72600.0   1.4100001e+27
      73000.0   1.3810000e+27
      73400.0   1.3530001e+27
      73800.0   1.3250000e+27
      74200.0   1.2970000e+27
      74600.0   1.2670000e+27
      75000.0   1.2419999e+27
      75400.0   1.2200000e+27
      75800.0   1.1970000e+27
      76200.0   1.1730000e+27
      76600.0   1.1500000e+27
      77000.0   1.1270000e+27
      77400.0   1.1050000e+27
      77800.0   1.0840000e+27
      78200.0   1.0630000e+27
      78600.0   1.0420000e+27
      79000.0   1.0220000e+27
      79400.0   1.0030000e+27
      79800.0   9.8379998e+26
      80200.0   9.6479999e+26
      80600.0   9.4659998e+26
      81000.0   9.2919998e+26
      81400.0   9.1170000e+26
      81800.0   8.9500001e+26
      82200.0   8.7849999e+26
      82600.0   8.6220001e+26
      83000.0   8.4649998e+26
      83400.0   8.3090001e+26
      83800.0   8.1580003e+26
      84200.0   8.0130000e+26
      84600.0   7.8679997e+26
      85000.0   7.7270002e+26
      85400.0   7.5899999e+26
      85800.0   7.4559998e+26
      86200.0   7.3259997e+26
      86600.0   7.1970002e+26
      87000.0   7.0700002e+26
      87400.0   6.9480001e+26
      87800.0   6.8269998e+26
      88200.0   6.7079998e+26
      88600.0   6.5929999e+26
      89000.0   6.4800003e+26
      89400.0   6.3710000e+26
      89800.0   6.2600000e+26
      90200.0   6.1570000e+26
      90600.0   6.0540000e+26
      91000.0   5.9490001e+26
      91400.0   5.8500001e+26
      91800.0   5.7539999e+26
      92200.0   5.6609999e+26
      92600.0   5.5670001e+26
      93000.0   5.4760001e+26
      93400.0   5.3859999e+26
      93800.0   5.2989999e+26
      94200.0   5.2130001e+26
      94600.0   5.1280001e+26
      95000.0   5.0459999e+26
      95400.0   4.9660000e+26
      95800.0   4.8870000e+26
      96200.0   4.8090001e+26
      96600.0   4.7329999e+26
      97000.0   4.6590001e+26
      97400.0   4.5829999e+26
      97800.0   4.5140002e+26
      98200.0   4.4439999e+26
      98600.0   4.3749999e+26
      99000.0   4.3079999e+26
      99400.0   4.2420000e+26
      99800.0   4.1769999e+26
      100200.   4.1130001e+26
      200000.   2.8980001e+25
      400000.   2.2640000e+24
      600000.   5.9479999e+23
      800000.   2.5680001e+23
  1.00000e+06   1.4260000e+23
  1.20000e+06   9.2289997e+22
  1.40000e+06   6.5100001e+22
  1.60000e+06   4.8629999e+22
