      91.0000       0.0000000
      94.0000       0.0000000
      96.0000       0.0000000
      98.0000       0.0000000
      100.000       0.0000000
      102.000       0.0000000
      104.000       0.0000000
      106.000       0.0000000
      108.000       0.0000000
      110.000       0.0000000
      114.000       0.0000000
      118.000       0.0000000
      121.000       0.0000000
      125.000       0.0000000
      127.000       0.0000000
      128.000       0.0000000
      131.000       0.0000000
      132.000       0.0000000
      134.000       0.0000000
      137.000       0.0000000
      140.000       0.0000000
      143.000       0.0000000
      147.000       0.0000000
      151.000       0.0000000
      155.000       0.0000000
      159.000       0.0000000
      162.000       0.0000000
      166.000       0.0000000
      170.000       0.0000000
      173.000       0.0000000
      177.000       0.0000000
      180.000       0.0000000
      182.000       0.0000000
      186.000       0.0000000
      191.000       0.0000000
      194.000       0.0000000
      198.000       0.0000000
      202.000       0.0000000
      205.000       0.0000000
      210.000       0.0000000
      216.000       0.0000000
      220.000       0.0000000
      223.000       0.0000000
      227.000       0.0000000
      230.000       0.0000000
      234.000       0.0000000
      240.000       0.0000000
      246.000       0.0000000
      252.000       0.0000000
      257.000       0.0000000
      260.000       0.0000000
      264.000       0.0000000
      269.000       0.0000000
      274.000       0.0000000
      279.000       0.0000000
      284.000       0.0000000
      290.000       0.0000000
      296.000       0.0000000
      301.000       0.0000000
      308.000       0.0000000
      318.000       0.0000000
      328.000       0.0000000
      338.000       0.0000000
      348.000       0.0000000
      357.000       0.0000000
      366.000       0.0000000
      375.000       0.0000000
      385.000       0.0000000
      395.000       0.0000000
      405.000       0.0000000
      414.000       0.0000000
      422.000       0.0000000
      430.000       0.0000000
      441.000       0.0000000
      451.000       0.0000000
      460.000       0.0000000
      470.000       0.0000000
      480.000       0.0000000
      490.000       0.0000000
      500.000       0.0000000
      506.000       0.0000000
      512.000       0.0000000
      520.000       0.0000000
      530.000       0.0000000
      540.000       0.0000000
      550.000       0.0000000
      560.000       0.0000000
      570.000       0.0000000
      580.000       0.0000000
      590.000       0.0000000
      600.000       0.0000000
      610.000       0.0000000
      620.000       0.0000000
      630.000       0.0000000
      640.000       0.0000000
      650.000       0.0000000
      658.000       0.0000000
      665.000       0.0000000
      675.000       0.0000000
      685.000       0.0000000
      695.000       0.0000000
      705.000       0.0000000
      716.000       0.0000000
      726.000       0.0000000
      735.000       0.0000000
      745.000       0.0000000
      755.000       0.0000000
      765.000       0.0000000
      775.000       0.0000000
      785.000       0.0000000
      795.000       0.0000000
      805.000       0.0000000
      815.000       0.0000000
      825.000       0.0000000
      835.000       0.0000000
      845.000       0.0000000
      855.000       0.0000000
      865.000       0.0000000
      875.000       0.0000000
      885.000       0.0000000
      895.000       0.0000000
      905.000       0.0000000
      915.000   4.1257029e+25
      925.000   2.0010566e+26
      935.000   3.7521459e+26
      945.000   6.0927162e+26
      955.000   7.5381814e+26
      965.000   9.3423042e+26
      975.000   3.8437508e+26
      985.000   9.9324132e+26
      995.000   1.0305050e+27
      1005.00   1.3126856e+27
      1015.00   1.4343779e+27
      1025.00   1.0353561e+27
      1035.00   1.5796214e+27
      1045.00   2.1884816e+27
      1055.00   2.3221057e+27
      1065.00   2.2386647e+27
      1075.00   2.6321081e+27
      1085.00   2.6589412e+27
      1095.00   3.2385734e+27
      1105.00   3.4184439e+27
      1115.00   3.7253385e+27
      1125.00   3.6568485e+27
      1135.00   4.4898303e+27
      1145.00   4.6701271e+27
      1155.00   5.1880264e+27
      1165.00   5.6397305e+27
      1175.00   4.5345412e+27
      1185.00   6.4511045e+27
      1195.00   6.6383740e+27
      1205.00   6.4951983e+27
      1215.00   2.6962614e+28
      1225.00   7.8160903e+27
      1235.00   9.3569757e+27
      1245.00   1.0071083e+28
      1255.00   1.0557500e+28
      1265.00   1.1138684e+28
      1275.00   1.2289220e+28
      1285.00   1.3021200e+28
      1295.00   1.2566158e+28
      1305.00   1.3339583e+28
      1315.00   1.4935255e+28
      1325.00   1.5131190e+28
      1335.00   1.5590309e+28
      1345.00   1.6467644e+28
      1355.00   1.7057231e+28
      1365.00   1.7042308e+28
      1375.00   1.7609202e+28
      1385.00   1.8110478e+28
      1395.00   1.5328546e+28
      1405.00   1.5970797e+28
      1415.00   1.9317930e+28
      1425.00   1.9267958e+28
      1435.00   2.0515560e+28
      1442.00   2.1219093e+28
      1447.00   2.1423048e+28
      1455.00   2.1482877e+28
      1465.00   2.1462182e+28
      1475.00   2.2194864e+28
      1485.00   2.2848108e+28
      1495.00   2.3192830e+28
      1505.00   2.2992662e+28
      1512.00   2.2276686e+28
      1517.00   2.3048977e+28
      1525.00   2.3372692e+28
      1535.00   2.1586739e+28
      1545.00   2.0999529e+28
      1555.00   2.1234556e+28
      1565.00   2.3379544e+28
      1575.00   2.4979942e+28
      1585.00   2.5887957e+28
      1595.00   2.6509687e+28
      1605.00   2.6244198e+28
      1615.00   2.6407436e+28
      1625.00   2.7016716e+28
      1635.00   2.8330575e+28
      1645.00   2.8687661e+28
      1655.00   2.9260773e+28
      1665.00   3.0197977e+28
      1672.00   2.9114716e+28
      1677.00   3.1909946e+28
      1685.00   3.1883680e+28
      1695.00   3.1629048e+28
      1705.00   3.1683945e+28
      1715.00   3.1230659e+28
      1725.00   3.1392752e+28
      1735.00   3.2961547e+28
      1745.00   3.3133576e+28
      1755.00   3.4062372e+28
      1765.00   3.3847165e+28
      1775.00   3.3944344e+28
      1785.00   3.4951875e+28
      1795.00   3.5824452e+28
      1805.00   3.6610996e+28
      1815.00   3.5579782e+28
      1825.00   3.6509168e+28
      1835.00   3.6744909e+28
      1845.00   3.5155522e+28
      1855.00   3.5878954e+28
      1865.00   3.6957362e+28
      1875.00   3.8320607e+28
      1885.00   3.6477571e+28
      1895.00   3.5637004e+28
      1905.00   3.9329972e+28
      1915.00   3.7365439e+28
      1925.00   3.6781304e+28
      1935.00   3.9073229e+28
      1945.00   4.0446849e+28
      1955.00   3.8203627e+28
      1967.00   4.1022248e+28
      1976.00   4.2781658e+28
      1984.00   4.1417180e+28
      1995.00   4.1266809e+28
      2005.00   4.2853955e+28
      2015.00   4.3389420e+28
      2025.00   4.4812236e+28
      2035.00   4.3379151e+28
      2045.00   4.4229726e+28
      2055.00   4.1410499e+28
      2065.00   4.3568179e+28
      2074.00   4.7194648e+28
      2078.00   4.5231766e+28
      2085.00   4.6334963e+28
      2095.00   4.5313331e+28
      2105.00   4.6945848e+28
      2115.00   4.7908066e+28
      2125.00   4.8764205e+28
      2135.00   4.8520354e+28
      2145.00   4.8440425e+28
      2155.00   4.9892561e+28
      2165.00   4.9928669e+28
      2175.00   5.0389143e+28
      2185.00   5.0433558e+28
      2195.00   5.1757853e+28
      2205.00   5.1925123e+28
      2215.00   5.1784684e+28
      2225.00   5.1762629e+28
      2235.00   5.2570358e+28
      2245.00   5.2873576e+28
      2255.00   5.2694808e+28
      2265.00   5.3656613e+28
      2275.00   5.4360719e+28
      2285.00   5.4835959e+28
      2295.00   5.3198405e+28
      2305.00   5.4839317e+28
      2315.00   5.4741236e+28
      2325.00   5.6187731e+28
      2335.00   5.4909811e+28
      2345.00   5.5388525e+28
      2355.00   5.6300727e+28
      2365.00   5.6100907e+28
      2375.00   5.6511177e+28
      2385.00   5.6061733e+28
      2395.00   5.7267684e+28
      2405.00   5.7328739e+28
      2415.00   5.7931546e+28
      2425.00   5.8920090e+28
      2435.00   5.8610222e+28
      2445.00   5.9742357e+28
      2455.00   6.0092139e+28
      2465.00   6.0346977e+28
      2475.00   6.0368943e+28
      2485.00   6.0862557e+28
      2495.00   5.4956537e+28
      2505.00   6.1462792e+28
      2513.00   6.0245643e+28
      2518.00   6.2055778e+28
      2525.00   6.2141808e+28
      2535.00   6.2673679e+28
      2545.00   6.2432268e+28
      2555.00   6.3707052e+28
      2565.00   6.4106756e+28
      2575.00   6.5223702e+28
      2585.00   6.5579852e+28
      2595.00   6.5905988e+28
      2605.00   6.5975402e+28
      2615.00   6.6203616e+28
      2625.00   6.7055217e+28
      2635.00   6.7644999e+28
      2645.00   6.8944415e+28
      2655.00   6.9412164e+28
      2665.00   6.8691403e+28
      2675.00   6.9619715e+28
      2685.00   7.0444111e+28
      2695.00   6.9804150e+28
      2705.00   7.0508709e+28
      2715.00   7.0731351e+28
      2725.00   7.1261297e+28
      2735.00   7.2259833e+28
      2745.00   7.1476905e+28
      2755.00   7.2101762e+28
      2765.00   7.2698744e+28
      2775.00   7.4303624e+28
      2785.00   7.4527934e+28
      2795.00   7.3888780e+28
      2805.00   7.4307949e+28
      2815.00   7.6333110e+28
      2825.00   7.6496445e+28
      2835.00   7.5843115e+28
      2845.00   7.6783064e+28
      2855.00   7.7126546e+28
      2865.00   7.8235179e+28
      2875.00   7.8490326e+28
      2885.00   7.9162108e+28
      2895.00   7.9424658e+28
      2910.00   8.0703817e+28
      2930.00   8.1578196e+28
      2950.00   8.2004177e+28
      2970.00   8.3416264e+28
      2990.00   8.4315013e+28
      3010.00   8.5137600e+28
      3030.00   8.6454157e+28
      3050.00   8.7578433e+28
      3070.00   8.8635439e+28
      3090.00   8.9283958e+28
      3110.00   9.0654028e+28
      3130.00   9.1344504e+28
      3150.00   9.2644423e+28
      3170.00   9.3502859e+28
      3190.00   9.3833320e+28
      3210.00   9.5532431e+28
      3230.00   9.6416655e+28
      3250.00   9.7836226e+28
      3270.00   9.8972010e+28
      3290.00   1.0007782e+29
      3310.00   1.0129436e+29
      3330.00   1.0216196e+29
      3350.00   1.0295370e+29
      3370.00   1.0400500e+29
      3390.00   1.0530648e+29
      3410.00   1.0665051e+29
      3430.00   1.0683491e+29
      3450.00   1.0796787e+29
      3470.00   1.0959783e+29
      3490.00   1.1085936e+29
      3510.00   1.1242864e+29
      3530.00   1.1356799e+29
      3550.00   1.1498610e+29
      3570.00   1.1574362e+29
      3590.00   1.1636536e+29
      3610.00   1.1793700e+29
      3630.00   1.1932354e+29
      3640.00   1.2040155e+29
      3650.00   1.1728367e+29
      3670.00   1.1763416e+29
      3690.00   1.2035366e+29
      3710.00   1.3130734e+29
      3730.00   3.7674594e+29
      3750.00   1.5198472e+29
      3770.00   1.5635347e+29
      3790.00   1.6473985e+29
      3810.00   1.7613327e+29
      3830.00   1.6173108e+29
      3850.00   1.8539394e+29
      3870.00   2.2758689e+29
      3890.00   1.7340756e+29
      3910.00   1.9721758e+29
      3930.00   1.9348041e+29
      3950.00   1.9878980e+29
      3970.00   1.8296259e+29
      3990.00   2.0391736e+29
      4010.00   2.0971118e+29
      4030.00   2.0871722e+29
      4050.00   2.1384846e+29
      4070.00   2.1883000e+29
      4090.00   2.0620276e+29
      4110.00   1.8817332e+29
      4130.00   2.1652254e+29
      4150.00   2.2073457e+29
      4170.00   2.2317180e+29
      4190.00   2.2517982e+29
      4210.00   2.2739439e+29
      4230.00   2.2889883e+29
      4250.00   2.2999472e+29
      4270.00   2.2951346e+29
      4290.00   2.3104533e+29
      4310.00   2.2802414e+29
      4330.00   2.2533494e+29
      4350.00   2.1040988e+29
      4370.00   2.3941735e+29
      4390.00   2.3884406e+29
      4410.00   2.4323800e+29
      4430.00   2.4706543e+29
      4450.00   2.4923890e+29
      4470.00   2.5816567e+29
      4490.00   2.5380212e+29
      4510.00   2.5942771e+29
      4530.00   2.5800032e+29
      4550.00   2.5928741e+29
      4570.00   2.6474284e+29
      4590.00   2.6404473e+29
      4610.00   2.6808819e+29
      4630.00   2.6842892e+29
      4650.00   2.6967685e+29
      4670.00   2.7394918e+29
      4690.00   2.7536883e+29
      4710.00   2.7391303e+29
      4730.00   2.8004801e+29
      4750.00   2.8323763e+29
      4770.00   2.8614144e+29
      4790.00   2.8745209e+29
      4810.00   2.8825370e+29
      4830.00   2.8911564e+29
      4850.00   2.9586191e+29
      4870.00   2.9855967e+29
      4890.00   2.9368179e+29
      4910.00   2.9741181e+29
      4930.00   2.9565642e+29
      4950.00   3.0326769e+29
      4970.00   3.0550466e+29
      4990.00   3.0739507e+29
      5010.00   1.4074947e+30
      5030.00   3.0797544e+29
      5050.00   3.0852079e+29
      5070.00   3.1463565e+29
      5090.00   3.1346391e+29
      5110.00   3.1626626e+29
      5130.00   3.1543288e+29
      5150.00   3.1620503e+29
      5170.00   3.1650163e+29
      5190.00   3.2267870e+29
      5210.00   3.2445385e+29
      5230.00   3.2668189e+29
      5250.00   3.3070287e+29
      5270.00   3.2625177e+29
      5290.00   3.3599831e+29
      5310.00   3.4003109e+29
      5330.00   3.3652848e+29
      5350.00   3.4453977e+29
      5370.00   3.4696643e+29
      5390.00   3.4657328e+29
      5410.00   3.4724254e+29
      5430.00   3.4998116e+29
      5450.00   3.5609601e+29
      5470.00   3.5563747e+29
      5490.00   3.5756109e+29
      5510.00   3.5969175e+29
      5530.00   3.6358202e+29
      5550.00   3.6748241e+29
      5570.00   3.6821821e+29
      5590.00   3.6833685e+29
      5610.00   3.7352712e+29
      5630.00   3.7517686e+29
      5650.00   3.7761156e+29
      5670.00   3.7717819e+29
      5690.00   3.8238360e+29
      5710.00   3.8034726e+29
      5730.00   3.9056521e+29
      5750.00   3.9204948e+29
      5770.00   3.9319643e+29
      5790.00   3.9154893e+29
      5810.00   3.9741172e+29
      5830.00   4.0270245e+29
      5850.00   4.0195954e+29
      5870.00   4.3999775e+29
      5890.00   4.0179930e+29
      5910.00   4.0732566e+29
      5930.00   4.1025271e+29
      5950.00   4.1213612e+29
      5970.00   4.1743168e+29
      5990.00   4.1681389e+29
      6010.00   4.1750472e+29
      6030.00   4.2207072e+29
      6050.00   4.2665890e+29
      6070.00   4.2832269e+29
      6090.00   4.2620591e+29
      6110.00   4.2847407e+29
      6130.00   4.2535640e+29
      6150.00   4.2980842e+29
      6170.00   4.2879733e+29
      6190.00   4.3758091e+29
      6210.00   4.3926764e+29
      6230.00   4.3643940e+29
      6250.00   4.3263237e+29
      6270.00   4.4319902e+29
      6290.00   4.6770600e+29
      6310.00   4.6963797e+29
      6330.00   4.4118075e+29
      6350.00   4.4306267e+29
      6370.00   4.4558257e+29
      6390.00   4.4937397e+29
      6410.00   4.4961202e+29
      6430.00   4.5334025e+29
      6450.00   4.5614986e+29
      6470.00   4.5837485e+29
      6490.00   4.5562431e+29
      6510.00   4.6357589e+29
      6530.00   4.6591761e+29
      6550.00   7.9963662e+29
      6570.00   1.4010720e+30
      6590.00   8.8690651e+29
      6610.00   4.7633654e+29
      6630.00   4.7995255e+29
      6650.00   4.8179007e+29
      6670.00   4.9314302e+29
      6690.00   4.9298812e+29
      6710.00   7.5918403e+29
      6730.00   8.1787304e+29
      6750.00   4.9548792e+29
      6770.00   4.9593242e+29
      6790.00   4.9658971e+29
      6810.00   4.9940064e+29
      6830.00   5.0353493e+29
      6850.00   5.0151236e+29
      6870.00   5.0667233e+29
      6890.00   5.1214461e+29
      6910.00   5.1264248e+29
      6930.00   5.1347807e+29
      6950.00   5.1250047e+29
      6970.00   5.1748670e+29
      6990.00   5.1807316e+29
      7010.00   5.1604431e+29
      7030.00   5.2246672e+29
      7050.00   5.2760764e+29
      7070.00   5.2369520e+29
      7090.00   5.2678348e+29
      7110.00   5.2537107e+29
      7130.00   6.7329094e+29
      7150.00   5.4840328e+29
      7170.00   5.3200875e+29
      7190.00   5.2718973e+29
      7210.00   5.3417962e+29
      7230.00   5.3915275e+29
      7250.00   5.4344513e+29
      7270.00   5.4506351e+29
      7290.00   5.4030293e+29
      7310.00   5.4821150e+29
      7330.00   5.8915672e+29
      7350.00   5.5403843e+29
      7370.00   5.6018602e+29
      7390.00   5.5770707e+29
      7410.00   5.5593365e+29
      7430.00   5.6263141e+29
      7450.00   5.6638950e+29
      7470.00   5.6898193e+29
      7490.00   5.6951897e+29
      7510.00   5.7424216e+29
      7530.00   5.7873856e+29
      7550.00   5.8276124e+29
      7570.00   5.8290268e+29
      7590.00   5.8395247e+29
      7610.00   5.8651144e+29
      7630.00   5.8829688e+29
      7650.00   5.9004229e+29
      7670.00   5.8415097e+29
      7690.00   5.9341128e+29
      7710.00   5.8893867e+29
      7730.00   5.9315214e+29
      7750.00   5.9352710e+29
      7770.00   5.9859473e+29
      7790.00   6.0288075e+29
      7810.00   6.0573854e+29
      7830.00   6.0478594e+29
      7850.00   6.0356889e+29
      7870.00   6.0721986e+29
      7890.00   6.0050658e+29
      7910.00   5.9576398e+29
      7930.00   5.9877593e+29
      7950.00   5.9741557e+29
      7970.00   6.0991302e+29
      7990.00   6.1147826e+29
      8010.00   6.1999048e+29
      8030.00   6.2261024e+29
      8050.00   6.2225258e+29
      8070.00   6.2470706e+29
      8090.00   6.2193449e+29
      8110.00   6.2510848e+29
      8130.00   6.3009983e+29
      8150.00   6.3183077e+29
      8170.00   6.3466275e+29
      8190.00   6.3144916e+29
      8210.00   6.2666184e+29
      8230.00   6.3081780e+29
      8250.00   6.3465909e+29
      8270.00   6.3807146e+29
      8290.00   6.3716209e+29
      8310.00   6.3009750e+29
      8330.00   6.2867405e+29
      8350.00   6.3522222e+29
      8370.00   6.3481467e+29
      8390.00   6.3132667e+29
      8410.00   6.4305312e+29
      8430.00   6.4173379e+29
      8450.00   6.4673930e+29
      8470.00   6.3784065e+29
      8490.00   6.5286197e+29
      8510.00   6.1822353e+29
      8530.00   6.5682722e+29
      8550.00   5.6922395e+29
      8570.00   6.7784142e+29
      8590.00   6.5994400e+29
      8610.00   6.5768696e+29
      8630.00   6.8695408e+29
      8650.00   6.7642373e+29
      8670.00   5.8314877e+29
      8690.00   6.8132217e+29
      8710.00   6.9647957e+29
      8730.00   6.9502950e+29
      8750.00   6.6622037e+29
      8770.00   6.9543660e+29
      8790.00   7.0451841e+29
      8810.00   7.0098148e+29
      8830.00   7.0243151e+29
      8850.00   7.0055129e+29
      8870.00   6.7426116e+29
      8890.00   7.0998682e+29
      8910.00   7.1688150e+29
      8930.00   7.1378681e+29
      8950.00   7.1397691e+29
      8970.00   7.1724346e+29
      8990.00   7.1583851e+29
      9010.00   6.9020426e+29
      9030.00   7.0743189e+29
      9050.00   1.1238687e+30
      9070.00   4.2944889e+30
      9090.00   9.6284085e+29
      9110.00   7.2373372e+29
      9130.00   7.2927369e+29
      9150.00   7.3023583e+29
      9170.00   7.3044203e+29
      9190.00   7.3394927e+29
      9210.00   7.2274740e+29
      9230.00   7.1441801e+29
      9250.00   7.1911975e+29
      9270.00   7.2800190e+29
      9290.00   7.3196649e+29
      9310.00   7.3593594e+29
      9330.00   7.3627759e+29
      9350.00   7.3612367e+29
      9370.00   7.3209946e+29
      9390.00   7.3891415e+29
      9410.00   7.2935738e+29
      9430.00   7.4050942e+29
      9450.00   7.3718760e+29
      9470.00   7.4260310e+29
      9490.00   7.4439725e+29
      9510.00   7.4127811e+29
      9530.00   7.4687733e+29
      9550.00   7.4180127e+29
      9570.00   7.3759191e+29
      9590.00   7.4752118e+29
      9610.00   7.4457515e+29
      9630.00   7.4550782e+29
      9650.00   7.4194517e+29
      9670.00   7.4296236e+29
      9690.00   7.4980491e+29
      9710.00   7.4777282e+29
      9730.00   7.4872322e+29
      9750.00   7.4743724e+29
      9770.00   7.5037048e+29
      9790.00   7.4660079e+29
      9810.00   7.5552794e+29
      9830.00   7.5531563e+29
      9850.00   7.5750631e+29
      9870.00   7.5582610e+29
      9890.00   7.5603089e+29
      9910.00   7.5673328e+29
      9930.00   7.5865353e+29
      9950.00   7.5966321e+29
      9970.00   7.6064784e+29
      9990.00   7.6016121e+29
      10025.0   7.5242870e+29
      10075.0   7.4387827e+29
      10125.0   7.5788714e+29
      10175.0   7.5622057e+29
      10225.0   7.6005502e+29
      10275.0   7.6397500e+29
      10325.0   9.9394098e+29
      10375.0   7.5921357e+29
      10425.0   7.6385629e+29
      10475.0   7.6173615e+29
      10525.0   7.6595600e+29
      10575.0   7.6364769e+29
      10625.0   7.6404891e+29
      10675.0   7.6937063e+29
      10725.0   7.6264350e+29
      10775.0   7.6076760e+29
      10825.0   1.1075720e+30
      10875.0   7.5892918e+29
      10925.0   8.2272004e+29
      10975.0   7.5743694e+29
      11025.0   7.6640471e+29
      11075.0   7.6809375e+29
      11125.0   7.6662583e+29
      11175.0   7.6450479e+29
      11225.0   7.6767786e+29
      11275.0   7.6185660e+29
      11325.0   7.6283046e+29
      11375.0   7.6245454e+29
      11425.0   7.5870846e+29
      11475.0   7.6727455e+29
      11525.0   7.6702232e+29
      11575.0   7.6305937e+29
      11625.0   7.5683021e+29
      11675.0   7.5945653e+29
      11725.0   7.6594200e+29
      11775.0   7.5838774e+29
      11825.0   7.5885658e+29
      11875.0   7.5220392e+29
      11925.0   7.6381097e+29
      11975.0   7.4834023e+29
      12025.0   7.5933455e+29
      12075.0   7.5532969e+29
      12125.0   7.5705861e+29
      12175.0   7.6041189e+29
      12225.0   7.5884403e+29
      12275.0   7.5627597e+29
      12325.0   7.5647260e+29
      12375.0   7.5598163e+29
      12425.0   7.5508429e+29
      12475.0   7.5556447e+29
      12525.0   7.5264305e+29
      12575.0   7.5261055e+29
      12625.0   7.5156427e+29
      12675.0   7.4948227e+29
      12725.0   7.5131211e+29
      12775.0   7.7669923e+29
      12825.0   1.0454412e+30
      12875.0   7.4499806e+29
      12925.0   7.4294627e+29
      12975.0   7.4757143e+29
      13025.0   7.4372932e+29
      13075.0   7.4629531e+29
      13125.0   7.4023956e+29
      13175.0   7.3966234e+29
      13225.0   7.4200881e+29
      13275.0   7.3520836e+29
      13325.0   7.4011522e+29
      13375.0   7.3715116e+29
      13425.0   7.4095561e+29
      13475.0   7.3919107e+29
      13525.0   7.3872429e+29
      13575.0   7.3220242e+29
      13625.0   7.3153598e+29
      13675.0   7.3364045e+29
      13725.0   7.3391017e+29
      13775.0   7.3339249e+29
      13825.0   7.3389033e+29
      13875.0   7.3030295e+29
      13925.0   7.3359955e+29
      13975.0   7.3390848e+29
      14025.0   7.2744189e+29
      14075.0   7.3209168e+29
      14125.0   7.2691477e+29
      14175.0   7.3149554e+29
      14225.0   7.2383032e+29
      14275.0   7.1985873e+29
      14325.0   7.2701136e+29
      14375.0   7.2912733e+29
      14425.0   7.1474406e+29
      14475.0   7.2655688e+29
      14525.0   7.1861539e+29
      14570.0   7.2246953e+29
      14620.0   7.1992602e+29
      14675.0   7.2054468e+29
      14725.0   7.1215715e+29
      14775.0   7.1506041e+29
      14825.0   7.1424671e+29
      14875.0   7.0923932e+29
      14925.0   7.1784109e+29
      14975.0   7.1269616e+29
      15025.0   7.0786404e+29
      15075.0   7.0419740e+29
      15125.0   7.1276800e+29
      15175.0   7.1412048e+29
      15225.0   7.1544062e+29
      15275.0   7.1240806e+29
      15325.0   7.1103390e+29
      15375.0   7.1876971e+29
      15425.0   7.1117790e+29
      15475.0   7.1846565e+29
      15525.0   7.1425146e+29
      15575.0   6.9166552e+29
      15625.0   7.1138688e+29
      15675.0   7.0423591e+29
      15725.0   7.0330995e+29
      15775.0   6.8731260e+29
      15825.0   6.9581648e+29
      15875.0   6.7632039e+29
      15925.0   7.0048640e+29
      15975.0   6.9234940e+29
      16050.0   6.9278492e+29
      16150.0   6.8489830e+29
      16250.0   6.8720279e+29
      16350.0   6.8988877e+29
      16450.0   7.3651718e+29
      16550.0   6.7929343e+29
      16650.0   6.6126987e+29
      16750.0   6.6226702e+29
      16850.0   6.3997666e+29
      16950.0   6.5326395e+29
      17050.0   6.3897500e+29
      17150.0   6.3777145e+29
      17250.0   6.2913257e+29
      17350.0   6.0866525e+29
      17450.0   6.1639591e+29
      17550.0   6.0917864e+29
      17650.0   6.0551878e+29
      17750.0   5.9735532e+29
      17850.0   5.9335091e+29
      17950.0   5.8808817e+29
      18050.0   5.7875940e+29
      18150.0   5.6807923e+29
      18250.0   5.6732429e+29
      18350.0   5.6203721e+29
      18450.0   5.5481477e+29
      18550.0   5.5139628e+29
      18650.0   5.4238344e+29
      18750.0   1.3334791e+30
      18850.0   5.3337500e+29
      18950.0   5.2019819e+29
      19050.0   5.2551223e+29
      19150.0   5.1823628e+29
      19250.0   5.1437929e+29
      19350.0   5.0503159e+29
      19450.0   5.4321009e+29
      19550.0   4.9730114e+29
      19650.0   4.9202800e+29
      19750.0   4.8543976e+29
      19850.0   4.8212369e+29
      19950.0   4.7750661e+29
      20050.0   4.7585076e+29
      20150.0   4.7174445e+29
      20250.0   4.6313673e+29
      20350.0   4.5769931e+29
      20450.0   4.5785278e+29
      20550.0   4.6262540e+29
      20650.0   4.4614911e+29
      20750.0   4.4231791e+29
      20850.0   4.3791844e+29
      20950.0   4.3174130e+29
      21050.0   4.3034207e+29
      21150.0   4.2475656e+29
      21250.0   4.4447447e+29
      21350.0   4.1795681e+29
      21450.0   4.1373470e+29
      21550.0   4.0915388e+29
      21650.0   4.7744750e+29
      21750.0   3.9911503e+29
      21850.0   3.9562441e+29
      21950.0   3.9314260e+29
      22050.0   3.8638425e+29
      22150.0   3.8552554e+29
      22250.0   3.7957846e+29
      22350.0   3.7639739e+29
      22450.0   3.7317262e+29
      22550.0   3.6946242e+29
      22650.0   3.6503771e+29
      22750.0   3.6352960e+29
      22850.0   3.5713922e+29
      22950.0   3.1702427e+29
      23050.0   3.3431223e+29
      23150.0   3.3203988e+29
      23250.0   2.9731039e+29
      23350.0   3.1535542e+29
      23450.0   3.1276615e+29
      23550.0   2.8038242e+29
      23650.0   3.0000138e+29
      23750.0   2.9749971e+29
      23850.0   2.7095404e+29
      23950.0   2.8685359e+29
      24050.0   2.8771884e+29
      24150.0   2.6571597e+29
      24250.0   2.7836032e+29
      24350.0   2.7844384e+29
      24450.0   2.6479358e+29
      24550.0   2.6609806e+29
      24650.0   2.7340064e+29
      24750.0   2.6542599e+29
      24850.0   2.5677981e+29
      24950.0   2.6329314e+29
      25050.0   2.6944858e+29
      25150.0   2.5139767e+29
      25250.0   2.5872665e+29
      25350.0   2.6050670e+29
      25450.0   2.5562316e+29
      25550.0   2.5283202e+29
      25650.0   2.5251248e+29
      25750.0   2.5505136e+29
      25850.0   2.4485172e+29
      25950.0   2.4806601e+29
      26050.0   2.4918798e+29
      26150.0   2.4408707e+29
      26250.0   3.8201942e+29
      26350.0   2.4437620e+29
      26450.0   2.4362703e+29
      26550.0   2.4009857e+29
      26650.0   2.3679984e+29
      26750.0   2.3959646e+29
      26850.0   2.3891727e+29
      26950.0   2.3442982e+29
      27050.0   2.3575005e+29
      27150.0   2.3427204e+29
      27250.0   2.3427625e+29
      27350.0   2.2954892e+29
      27450.0   2.3056056e+29
      27550.0   2.2890263e+29
      27650.0   2.2760501e+29
      27750.0   2.2503306e+29
      27850.0   2.2524104e+29
      27950.0   2.2524999e+29
      28050.0   2.2348849e+29
      28150.0   2.2081557e+29
      28250.0   2.2028764e+29
      28350.0   2.1984771e+29
      28450.0   2.1790000e+29
      28550.0   2.1510000e+29
      28650.0   2.1259999e+29
      28750.0   2.0870000e+29
      28850.0   2.0809999e+29
      28950.0   2.0569999e+29
      29050.0   2.0319999e+29
      29150.0   2.0129999e+29
      29250.0   1.9800001e+29
      29350.0   1.9690000e+29
      29450.0   1.9380001e+29
      29550.0   1.9179999e+29
      29650.0   1.9010000e+29
      29750.0   1.8780000e+29
      29850.0   1.8539999e+29
      29950.0   1.8330000e+29
      30050.0   1.8110000e+29
      30150.0   1.7930000e+29
      30250.0   1.7700000e+29
      30350.0   1.7310001e+29
      30450.0   1.7260000e+29
      30550.0   1.7070000e+29
      30650.0   1.6880001e+29
      30750.0   1.6709999e+29
      30850.0   1.6469999e+29
      30950.0   1.6290000e+29
      31050.0   1.6150000e+29
      31150.0   1.5870000e+29
      31250.0   1.5750000e+29
      31350.0   1.5580000e+29
      31450.0   1.5400000e+29
      31550.0   1.5190000e+29
      31650.0   1.5030000e+29
      31750.0   1.4880000e+29
      31850.0   1.4710000e+29
      31950.0   1.4560000e+29
      32100.0   1.4290000e+29
      32300.0   1.3970000e+29
      32500.0   1.3660000e+29
      32700.0   1.3340000e+29
      32900.0   1.2930000e+29
      33100.0   1.2690000e+29
      33300.0   1.2410000e+29
      33500.0   1.2170000e+29
      33700.0   1.1890000e+29
      33900.0   1.1610000e+29
      34100.0   1.1360000e+29
      34300.0   1.1140000e+29
      34500.0   1.0920000e+29
      34700.0   1.0680000e+29
      34900.0   1.0460000e+29
      35100.0   1.0250000e+29
      35300.0   1.0020000e+29
      35500.0   9.8230002e+28
      35700.0   9.6080003e+28
      35900.0   9.4229997e+28
      36100.0   9.2340002e+28
      36300.0   9.0630005e+28
      36500.0   8.8429996e+28
      36700.0   8.6799995e+28
      36900.0   8.4630002e+28
      37100.0   8.3050002e+28
      37300.0   8.1530004e+28
      37500.0   7.9239997e+28
      37700.0   7.8540000e+28
      37900.0   7.6999999e+28
      38100.0   7.5489999e+28
      38300.0   7.4199999e+28
      38500.0   7.2899998e+28
      38700.0   7.1369998e+28
      38900.0   7.0020001e+28
      39100.0   6.8619999e+28
      39300.0   6.7550000e+28
      39500.0   6.6110000e+28
      39700.0   6.4970002e+28
      39900.0   6.3480001e+28
      40100.0   6.2439999e+28
      40300.0   6.1360215e+28
      40500.0   2.4215417e+29
      40700.0   5.9264042e+28
      40900.0   5.8210000e+28
      41100.0   5.7230001e+28
      41300.0   5.6259998e+28
      41500.0   5.5180002e+28
      41700.0   5.4020000e+28
      41900.0   5.3219998e+28
      42100.0   5.2180001e+28
      42300.0   5.1510001e+28
      42500.0   5.0480001e+28
      42700.0   4.9710000e+28
      42900.0   4.6709999e+28
      43100.0   4.4330002e+28
      43300.0   4.4920000e+28
      43500.0   4.2190000e+28
      43700.0   4.1149998e+28
      43900.0   4.0430002e+28
      44100.0   3.7740001e+28
      44300.0   3.7820000e+28
      44500.0   3.6799999e+28
      44700.0   3.4619999e+28
      44900.0   3.5349999e+28
      45100.0   3.4230000e+28
      45300.0   3.2710000e+28
      45500.0   3.2989999e+28
      45700.0   3.2520001e+28
      45900.0   3.0820001e+28
      46100.0   3.1469999e+28
      46300.0   3.0600000e+28
      46500.0   3.0160000e+28
      46700.0   2.9920000e+28
      46900.0   2.9490000e+28
      47100.0   2.8799999e+28
      47300.0   2.9070000e+28
      47500.0   2.8420000e+28
      47700.0   2.8059999e+28
      47900.0   2.7620000e+28
      48100.0   2.6969999e+28
      48300.0   2.7300001e+28
      48500.0   2.6700000e+28
      48700.0   2.6129999e+28
      48900.0   2.5999999e+28
      49100.0   2.5459999e+28
      49300.0   2.5200000e+28
      49500.0   2.4800001e+28
      49700.0   2.4700000e+28
      49900.0   2.4249999e+28
      50100.0   2.4140001e+28
      50300.0   2.3800000e+28
      50500.0   2.3200000e+28
      50700.0   2.3000000e+28
      50900.0   2.2779999e+28
      51100.0   2.2359999e+28
      51300.0   2.2049999e+28
      51500.0   2.1800000e+28
      51700.0   2.1860000e+28
      51900.0   2.1380000e+28
      52100.0   2.1060000e+28
      52300.0   2.0810000e+28
      52500.0   2.0680001e+28
      52700.0   2.0710000e+28
      52900.0   2.0070001e+28
      53100.0   1.9770000e+28
      53300.0   1.9690000e+28
      53500.0   1.9450000e+28
      53700.0   1.9230001e+28
      53900.0   1.9050000e+28
      54100.0   1.8830000e+28
      54300.0   1.8480000e+28
      54500.0   1.8450000e+28
      54700.0   1.8110000e+28
      54900.0   1.7970000e+28
      55100.0   1.7660000e+28
      55300.0   1.7820000e+28
      55500.0   1.7270000e+28
      55700.0   1.7320000e+28
      55900.0   1.6990000e+28
      56100.0   1.6919999e+28
      56300.0   1.6560000e+28
      56500.0   1.6540000e+28
      56700.0   1.6320000e+28
      56900.0   1.5990000e+28
      57100.0   1.5979999e+28
      57300.0   1.5810000e+28
      57500.0   1.5620000e+28
      57700.0   1.5410000e+28
      57900.0   1.5340000e+28
      58100.0   1.5100001e+28
      58300.0   1.4950001e+28
      58500.0   1.4730000e+28
      58700.0   1.4490000e+28
      58900.0   1.4360000e+28
      59100.0   1.4160001e+28
      59300.0   1.4080000e+28
      59500.0   1.3880000e+28
      59700.0   1.3800000e+28
      59900.0   1.3640000e+28
      60100.0   1.3500000e+28
      60300.0   1.3340001e+28
      60500.0   1.3140000e+28
      60700.0   1.3010000e+28
      60900.0   1.2860000e+28
      61100.0   1.2699999e+28
      61300.0   1.2590000e+28
      61500.0   1.2470000e+28
      61700.0   1.2380000e+28
      61900.0   1.2230000e+28
      62100.0   1.2130000e+28
      62300.0   1.1960000e+28
      62500.0   1.1789999e+28
      62700.0   1.1669999e+28
      62900.0   1.1550001e+28
      63100.0   1.1420000e+28
      63300.0   1.1340000e+28
      63500.0   1.1200000e+28
      63700.0   1.1130000e+28
      63900.0   1.0939999e+28
      64200.0   1.0800000e+28
      64600.0   1.0560000e+28
      65000.0   1.0340000e+28
      65400.0   1.0119999e+28
      65800.0   9.9240000e+27
      66200.0   9.7050003e+27
      66600.0   9.5080003e+27
      67000.0   9.3190000e+27
      67400.0   9.1160002e+27
      67800.0   8.9299997e+27
      68200.0   8.7459998e+27
      68600.0   8.5769999e+27
      69000.0   8.3949999e+27
      69400.0   8.2269999e+27
      69800.0   8.0619999e+27
      70200.0   7.8969998e+27
      70600.0   7.7449998e+27
      71000.0   7.5880000e+27
      71400.0   7.4409998e+27
      71800.0   7.2909997e+27
      72200.0   7.1499999e+27
      72600.0   7.0090001e+27
      73000.0   6.8740000e+27
      73400.0   6.7399999e+27
      73800.0   6.6130001e+27
      74200.0   6.4509999e+27
      74600.0   6.3120000e+27
      75000.0   6.1959998e+27
      75400.0   6.0909998e+27
      75800.0   5.9809999e+27
      76200.0   5.8690002e+27
      76600.0   5.7610002e+27
      77000.0   5.6530003e+27
      77400.0   5.5510001e+27
      77800.0   5.4499999e+27
      78200.0   5.3510002e+27
      78600.0   5.2539999e+27
      79000.0   5.1600000e+27
      79400.0   5.0680000e+27
      79800.0   4.9780000e+27
      80200.0   4.8889999e+27
      80600.0   4.8030000e+27
      81000.0   4.7200000e+27
      81400.0   4.6370000e+27
      81800.0   4.5580001e+27
      82200.0   4.4799999e+27
      82600.0   4.4039999e+27
      83000.0   4.3290001e+27
      83400.0   4.2550001e+27
      83800.0   4.1839999e+27
      84200.0   4.1149999e+27
      84600.0   4.0459999e+27
      85000.0   3.9789999e+27
      85400.0   3.9140001e+27
      85800.0   3.8499999e+27
      86200.0   3.7879999e+27
      86600.0   3.7260000e+27
      87000.0   3.6669999e+27
      87400.0   3.6079999e+27
      87800.0   3.5500000e+27
      88200.0   3.4929999e+27
      88600.0   3.4389999e+27
      89000.0   3.3840000e+27
      89400.0   3.3320000e+27
      89800.0   3.2799999e+27
      90200.0   3.2300001e+27
      90600.0   3.1809999e+27
      91000.0   3.1310001e+27
      91400.0   3.0710001e+27
      91800.0   3.0250001e+27
      92200.0   2.9800001e+27
      92600.0   2.9350001e+27
      93000.0   2.8920000e+27
      93400.0   2.8489999e+27
      93800.0   2.8070000e+27
      94200.0   2.7660001e+27
      94600.0   2.7250000e+27
      95000.0   2.6860000e+27
      95400.0   2.6470000e+27
      95800.0   2.6090000e+27
      96200.0   2.5720000e+27
      96600.0   2.5359999e+27
      97000.0   2.4999999e+27
      97400.0   2.4630000e+27
      97800.0   2.4290000e+27
      98200.0   2.3960001e+27
      98600.0   2.3630000e+27
      99000.0   2.3300000e+27
      99400.0   2.2980000e+27
      99800.0   2.2670001e+27
      100200.   2.2359999e+27
      200000.   2.5500001e+26
      400000.   4.7380001e+25
      600000.   2.0579999e+25
      800000.   1.1790000e+25
  1.00000e+06   7.7150002e+24
  1.20000e+06   5.5340002e+24
  1.40000e+06   4.1660000e+24
  1.60000e+06   3.2500001e+24
