      91.0000      0.00000
      94.0000      0.00000
      96.0000      0.00000
      98.0000      0.00000
      100.000      0.00000
      102.000      0.00000
      104.000      0.00000
      106.000      0.00000
      108.000      0.00000
      110.000      0.00000
      114.000      0.00000
      118.000      0.00000
      121.000      0.00000
      125.000      0.00000
      127.000      0.00000
      128.000      0.00000
      131.000      0.00000
      132.000      0.00000
      134.000      0.00000
      137.000      0.00000
      140.000      0.00000
      143.000      0.00000
      147.000      0.00000
      151.000      0.00000
      155.000      0.00000
      159.000      0.00000
      162.000      0.00000
      166.000      0.00000
      170.000      0.00000
      173.000      0.00000
      177.000      0.00000
      180.000      0.00000
      182.000      0.00000
      186.000      0.00000
      191.000      0.00000
      194.000      0.00000
      198.000      0.00000
      202.000      0.00000
      205.000      0.00000
      210.000      0.00000
      216.000      0.00000
      220.000      0.00000
      223.000      0.00000
      227.000      0.00000
      230.000      0.00000
      234.000      0.00000
      240.000      0.00000
      246.000      0.00000
      252.000      0.00000
      257.000      0.00000
      260.000      0.00000
      264.000      0.00000
      269.000      0.00000
      274.000      0.00000
      279.000      0.00000
      284.000      0.00000
      290.000      0.00000
      296.000      0.00000
      301.000      0.00000
      308.000      0.00000
      318.000      0.00000
      328.000      0.00000
      338.000      0.00000
      348.000      0.00000
      357.000      0.00000
      366.000      0.00000
      375.000      0.00000
      385.000      0.00000
      395.000      0.00000
      405.000      0.00000
      414.000      0.00000
      422.000      0.00000
      430.000      0.00000
      441.000      0.00000
      451.000      0.00000
      460.000      0.00000
      470.000      0.00000
      480.000      0.00000
      490.000      0.00000
      500.000      0.00000
      506.000      0.00000
      512.000      0.00000
      520.000      0.00000
      530.000      0.00000
      540.000      0.00000
      550.000      0.00000
      560.000      0.00000
      570.000      0.00000
      580.000      0.00000
      590.000      0.00000
      600.000      0.00000
      610.000      0.00000
      620.000      0.00000
      630.000      0.00000
      640.000      0.00000
      650.000      0.00000
      658.000      0.00000
      665.000      0.00000
      675.000      0.00000
      685.000      0.00000
      695.000      0.00000
      705.000      0.00000
      716.000      0.00000
      726.000      0.00000
      735.000      0.00000
      745.000      0.00000
      755.000      0.00000
      765.000      0.00000
      775.000      0.00000
      785.000      0.00000
      795.000      0.00000
      805.000      0.00000
      815.000      0.00000
      825.000      0.00000
      835.000      0.00000
      845.000      0.00000
      855.000      0.00000
      865.000      0.00000
      875.000      0.00000
      885.000      0.00000
      895.000      0.00000
      905.000      0.00000
      915.000  6.06600e+28
      925.000  1.37000e+29
      935.000  2.07000e+29
      945.000  2.88400e+29
      955.000  3.34600e+29
      965.000  3.80600e+29
      975.000  1.74800e+29
      985.000  3.60600e+29
      995.000  3.41000e+29
      1005.00  3.88700e+29
      1015.00  3.71000e+29
      1025.00  2.31400e+29
      1035.00  3.30000e+29
      1045.00  4.37700e+29
      1055.00  4.34100e+29
      1065.00  3.89300e+29
      1075.00  4.18100e+29
      1085.00  3.76500e+29
      1095.00  4.21200e+29
      1105.00  4.08400e+29
      1115.00  4.04100e+29
      1125.00  3.74700e+29
      1135.00  4.10800e+29
      1145.00  3.87700e+29
      1155.00  3.89300e+29
      1165.00  3.89800e+29
      1175.00  3.08300e+29
      1185.00  3.64900e+29
      1195.00  3.11700e+29
      1205.00  2.70100e+29
      1215.00  1.82800e+29
      1225.00  2.79600e+29
      1235.00  3.41500e+29
      1245.00  3.62000e+29
      1255.00  3.61200e+29
      1265.00  3.40300e+29
      1275.00  3.76800e+29
      1285.00  3.83300e+29
      1295.00  3.50000e+29
      1305.00  3.43700e+29
      1315.00  3.74200e+29
      1325.00  3.63300e+29
      1335.00  3.69117e+29
      1345.00  3.63400e+29
      1355.00  3.53200e+29
      1365.00  3.33500e+29
      1375.00  3.34600e+29
      1385.00  3.33600e+29
      1395.00  2.93300e+29
      1405.00  2.88300e+29
      1415.00  3.13800e+29
      1425.00  3.08900e+29
      1435.00  3.11400e+29
      1442.00  3.18100e+29
      1447.00  3.19200e+29
      1455.00  3.13900e+29
      1465.00  3.03700e+29
      1475.00  3.01700e+29
      1485.00  3.03000e+29
      1495.00  3.02800e+29
      1505.00  2.97400e+29
      1512.00  2.83800e+29
      1517.00  2.91600e+29
      1525.00  2.86900e+29
      1535.00  2.65600e+29
      1545.00  2.65000e+29
      1555.00  2.59000e+29
      1565.00  2.68400e+29
      1575.00  2.80400e+29
      1585.00  2.86100e+29
      1595.00  2.89500e+29
      1605.00  2.79100e+29
      1615.00  2.76700e+29
      1625.00  2.70200e+29
      1635.00  2.76700e+29
      1645.00  2.75500e+29
      1655.00  2.66600e+29
      1665.00  2.78819e+29
      1672.00  2.59800e+29
      1677.00  2.78300e+29
      1685.00  2.80600e+29
      1695.00  2.70900e+29
      1705.00  2.64300e+29
      1715.00  2.57200e+29
      1725.00  2.54000e+29
      1735.00  2.62400e+29
      1745.00  2.57400e+29
      1755.00  2.63200e+29
      1765.00  2.50400e+29
      1775.00  2.54000e+29
      1785.00  2.54700e+29
      1795.00  2.59200e+29
      1805.00  2.57400e+29
      1815.00  2.47900e+29
      1825.00  2.47900e+29
      1835.00  2.43300e+29
      1845.00  2.30900e+29
      1855.00  2.30900e+29
      1865.00  2.32900e+29
      1875.00  2.38800e+29
      1885.00  2.27500e+29
      1895.00  2.20600e+29
      1905.00  2.48103e+29
      1915.00  2.20606e+29
      1925.00  2.15500e+29
      1935.00  2.18700e+29
      1945.00  2.23000e+29
      1955.00  2.12000e+29
      1967.00  2.19600e+29
      1976.00  2.21700e+29
      1984.00  2.13600e+29
      1995.00  2.08100e+29
      2005.00  2.09400e+29
      2015.00  2.05500e+29
      2025.00  2.07800e+29
      2035.00  2.01000e+29
      2045.00  2.01900e+29
      2055.00  1.86300e+29
      2065.00  1.90500e+29
      2074.00  2.00400e+29
      2078.00  1.95000e+29
      2085.00  1.96600e+29
      2095.00  1.89400e+29
      2105.00  1.89900e+29
      2115.00  1.89500e+29
      2125.00  1.90100e+29
      2135.00  1.83048e+29
      2145.00  1.84327e+29
      2155.00  1.86000e+29
      2165.00  1.81200e+29
      2175.00  1.80100e+29
      2185.00  1.78000e+29
      2195.00  1.81900e+29
      2205.00  1.78000e+29
      2215.00  1.72700e+29
      2225.00  1.69800e+29
      2235.00  1.74600e+29
      2245.00  1.69800e+29
      2255.00  1.66100e+29
      2265.00  1.66800e+29
      2275.00  1.68600e+29
      2285.00  1.69500e+29
      2295.00  1.63200e+29
      2305.00  1.63200e+29
      2315.00  1.60401e+29
      2325.00  1.91697e+29
      2335.00  1.55430e+29
      2345.00  1.51200e+29
      2355.00  1.55900e+29
      2365.00  1.49800e+29
      2375.00  1.51300e+29
      2385.00  1.44200e+29
      2395.00  1.48500e+29
      2405.00  1.45100e+29
      2415.00  1.45300e+29
      2425.00  1.48000e+29
      2435.00  1.43800e+29
      2445.00  1.46800e+29
      2455.00  1.44700e+29
      2465.00  1.43300e+29
      2475.00  1.40200e+29
      2485.00  1.41800e+29
      2495.00  1.33700e+29
      2505.00  1.42700e+29
      2513.00  1.34900e+29
      2518.00  1.37200e+29
      2525.00  1.33600e+29
      2535.00  1.33000e+29
      2545.00  1.31500e+29
      2555.00  1.34800e+29
      2565.00  1.33100e+29
      2575.00  1.35600e+29
      2585.00  1.34700e+29
      2595.00  1.33200e+29
      2605.00  1.30000e+29
      2615.00  1.28600e+29
      2625.00  1.30000e+29
      2635.00  1.30400e+29
      2645.00  1.34900e+29
      2655.00  1.34600e+29
      2665.00  1.29400e+29
      2675.00  1.30800e+29
      2685.00  1.30500e+29
      2695.00  1.26700e+29
      2705.00  1.27300e+29
      2715.00  1.23800e+29
      2725.00  1.22900e+29
      2735.00  1.24800e+29
      2745.00  1.17500e+29
      2755.00  1.17700e+29
      2765.00  1.19200e+29
      2775.00  1.21200e+29
      2785.00  1.18400e+29
      2795.00  1.11992e+29
      2805.00  1.09806e+29
      2815.00  1.18800e+29
      2825.00  1.19100e+29
      2835.00  1.16400e+29
      2845.00  1.14500e+29
      2855.00  1.12500e+29
      2865.00  1.15700e+29
      2875.00  1.14700e+29
      2885.00  1.14600e+29
      2895.00  1.13600e+29
      2910.00  1.16300e+29
      2930.00  1.13300e+29
      2950.00  1.11400e+29
      2970.00  1.10900e+29
      2990.00  1.09900e+29
      3010.00  1.09500e+29
      3030.00  1.08400e+29
      3050.00  1.07400e+29
      3070.00  1.06100e+29
      3090.00  1.05300e+29
      3110.00  1.04100e+29
      3130.00  1.02500e+29
      3150.00  1.01700e+29
      3170.00  1.00900e+29
      3190.00  9.80000e+28
      3210.00  9.85000e+28
      3230.00  9.64200e+28
      3250.00  9.73700e+28
      3270.00  9.76300e+28
      3290.00  9.66600e+28
      3310.00  9.57800e+28
      3330.00  9.45900e+28
      3350.00  9.31200e+28
      3370.00  9.09700e+28
      3390.00  9.07800e+28
      3410.00  9.05200e+28
      3430.00  8.95000e+28
      3450.00  8.89400e+28
      3470.00  8.83100e+28
      3490.00  8.80800e+28
      3510.00  8.81200e+28
      3530.00  8.67200e+28
      3550.00  8.72600e+28
      3570.00  8.42600e+28
      3590.00  8.32400e+28
      3610.00  8.37600e+28
      3630.00  8.33400e+28
      3640.00  8.32200e+28
      3650.00  7.92800e+28
      3670.00  7.76600e+28
      3690.00  7.56012e+28
      3710.00  8.16956e+28
      3730.00  3.62904e+29
      3750.00  9.47378e+28
      3770.00  9.88911e+28
      3790.00  1.06040e+29
      3810.00  1.15019e+29
      3830.00  9.89880e+28
      3850.00  1.19605e+29
      3870.00  1.63747e+29
      3890.00  1.02569e+29
      3910.00  1.28300e+29
      3930.00  1.19300e+29
      3950.00  1.24500e+29
      3970.00  1.01195e+29
      3990.00  1.24600e+29
      4010.00  1.32900e+29
      4030.00  1.31500e+29
      4050.00  1.30700e+29
      4070.00  1.31175e+29
      4090.00  1.11451e+29
      4110.00  9.57028e+28
      4130.00  1.21300e+29
      4150.00  1.24300e+29
      4170.00  1.23800e+29
      4190.00  1.22300e+29
      4210.00  1.21300e+29
      4230.00  1.19300e+29
      4250.00  1.18400e+29
      4270.00  1.15700e+29
      4290.00  1.13500e+29
      4310.00  1.06900e+29
      4330.00  9.85709e+28
      4350.00  8.87471e+28
      4370.00  1.09776e+29
      4390.00  1.09000e+29
      4410.00  1.09900e+29
      4430.00  1.10300e+29
      4450.00  1.09700e+29
      4470.00  1.14124e+29
      4490.00  1.08301e+29
      4510.00  1.09900e+29
      4530.00  1.06500e+29
      4550.00  1.05600e+29
      4570.00  1.06800e+29
      4590.00  1.04400e+29
      4610.00  1.04700e+29
      4630.00  1.02900e+29
      4650.00  1.02500e+29
      4670.00  1.02200e+29
      4690.00  1.00700e+29
      4710.00  9.83000e+28
      4730.00  9.92900e+28
      4750.00  9.90900e+28
      4770.00  9.79900e+28
      4790.00  9.68600e+28
      4810.00  9.53200e+28
      4830.00  9.30900e+28
      4850.00  8.90868e+28
      4870.00  8.90840e+28
      4890.00  8.91500e+28
      4910.00  9.08900e+28
      4930.00  8.97500e+28
      4950.00  9.06900e+28
      4970.00  9.02000e+28
      4990.00  8.92839e+28
      5010.00  4.62972e+29
      5030.00  8.67919e+28
      5050.00  8.56500e+28
      5070.00  8.63100e+28
      5090.00  8.46800e+28
      5110.00  8.44200e+28
      5130.00  8.30200e+28
      5150.00  8.15600e+28
      5170.00  7.99200e+28
      5190.00  8.03587e+28
      5210.00  8.02811e+28
      5230.00  7.99400e+28
      5250.00  8.02200e+28
      5270.00  7.73000e+28
      5290.00  7.91700e+28
      5310.00  7.92400e+28
      5330.00  7.67100e+28
      5350.00  7.77900e+28
      5370.00  7.70200e+28
      5390.00  7.61500e+28
      5410.00  7.50800e+28
      5430.00  7.48700e+28
      5450.00  7.50800e+28
      5470.00  7.40700e+28
      5490.00  7.36500e+28
      5510.00  7.30500e+28
      5530.00  7.29900e+28
      5550.00  7.27600e+28
      5570.00  7.16700e+28
      5590.00  7.08800e+28
      5610.00  7.09500e+28
      5630.00  7.05100e+28
      5650.00  7.01600e+28
      5670.00  6.91300e+28
      5690.00  6.92800e+28
      5710.00  6.80800e+28
      5730.00  6.91101e+28
      5750.00  6.87320e+28
      5770.00  6.78629e+28
      5790.00  6.68100e+28
      5810.00  6.69800e+28
      5830.00  6.69800e+28
      5850.00  6.60307e+28
      5870.00  7.27409e+28
      5890.00  6.42288e+28
      5910.00  6.45800e+28
      5930.00  6.42700e+28
      5950.00  6.38700e+28
      5970.00  6.37700e+28
      5990.00  6.30800e+28
      6010.00  6.24500e+28
      6030.00  6.24200e+28
      6050.00  6.24500e+28
      6070.00  6.19700e+28
      6090.00  6.10800e+28
      6110.00  6.07300e+28
      6130.00  5.93900e+28
      6150.00  5.92800e+28
      6170.00  5.84000e+28
      6190.00  5.89700e+28
      6210.00  5.85500e+28
      6230.00  5.76400e+28
      6250.00  5.65400e+28
      6270.00  5.73001e+28
      6290.00  6.01044e+28
      6310.00  6.13069e+28
      6330.00  5.63968e+28
      6350.00  5.60500e+28
      6370.00  5.57400e+28
      6390.00  5.56500e+28
      6410.00  5.48900e+28
      6430.00  5.47900e+28
      6450.00  5.44100e+28
      6470.00  5.41000e+28
      6490.00  5.32800e+28
      6510.00  5.34600e+28
      6530.00  5.27616e+28
      6550.00  9.27433e+28
      6570.00  1.66140e+29
      6590.00  1.02314e+29
      6610.00  5.18502e+28
      6630.00  5.17600e+28
      6650.00  5.14805e+28
      6670.00  5.24128e+28
      6690.00  5.16771e+28
      6710.00  8.18109e+28
      6730.00  8.74752e+28
      6750.00  5.02655e+28
      6770.00  4.97500e+28
      6790.00  4.94000e+28
      6810.00  4.91500e+28
      6830.00  4.90700e+28
      6850.00  4.84300e+28
      6870.00  4.84400e+28
      6890.00  4.84600e+28
      6910.00  4.81500e+28
      6930.00  4.78500e+28
      6950.00  4.75000e+28
      6970.00  4.75000e+28
      6990.00  4.72400e+28
      7010.00  4.67300e+28
      7030.00  4.67600e+28
      7050.00  4.64900e+28
      7070.00  4.57400e+28
      7090.00  4.53100e+28
      7110.00  4.48185e+28
      7130.00  5.82259e+28
      7150.00  4.61069e+28
      7170.00  4.41201e+28
      7190.00  4.34600e+28
      7210.00  4.36200e+28
      7230.00  4.36900e+28
      7250.00  4.36100e+28
      7270.00  4.34700e+28
      7290.00  4.29900e+28
      7310.00  4.33184e+28
      7330.00  4.63551e+28
      7350.00  4.32384e+28
      7370.00  4.34000e+28
      7390.00  4.28400e+28
      7410.00  4.24900e+28
      7430.00  4.28100e+28
      7450.00  4.26700e+28
      7470.00  4.27200e+28
      7490.00  4.25000e+28
      7510.00  4.24700e+28
      7530.00  4.25200e+28
      7550.00  4.25000e+28
      7570.00  4.22300e+28
      7590.00  4.16900e+28
      7610.00  4.11800e+28
      7630.00  4.06600e+28
      7650.00  4.01300e+28
      7670.00  3.92700e+28
      7690.00  3.95300e+28
      7710.00  3.90000e+28
      7730.00  3.89700e+28
      7750.00  3.86700e+28
      7770.00  3.85800e+28
      7790.00  3.86600e+28
      7810.00  3.85800e+28
      7830.00  3.83200e+28
      7850.00  3.80100e+28
      7870.00  3.80300e+28
      7890.00  3.77200e+28
      7910.00  3.72200e+28
      7930.00  3.71300e+28
      7950.00  3.69200e+28
      7970.00  3.72900e+28
      7990.00  3.70600e+28
      8010.00  3.74100e+28
      8030.00  3.73900e+28
      8050.00  3.71900e+28
      8070.00  3.73200e+28
      8090.00  3.71200e+28
      8110.00  3.71400e+28
      8130.00  3.73300e+28
      8150.00  3.73700e+28
      8170.00  3.73100e+28
      8190.00  3.68000e+28
      8210.00  3.59600e+28
      8230.00  3.57800e+28
      8250.00  3.56800e+28
      8270.00  3.56400e+28
      8290.00  3.53600e+28
      8310.00  3.48800e+28
      8330.00  3.45000e+28
      8350.00  3.44800e+28
      8370.00  3.43000e+28
      8390.00  3.37300e+28
      8410.00  3.39900e+28
      8430.00  3.34900e+28
      8450.00  3.31300e+28
      8470.00  3.26000e+28
      8490.00  3.31300e+28
      8510.00  3.15200e+28
      8530.00  3.30800e+28
      8550.00  2.95400e+28
      8570.00  3.37300e+28
      8590.00  3.25000e+28
      8610.00  3.23000e+28
      8630.00  3.39200e+28
      8650.00  3.31800e+28
      8670.00  2.92000e+28
      8690.00  3.31900e+28
      8710.00  3.40000e+28
      8730.00  3.35318e+28
      8750.00  3.16186e+28
      8770.00  3.30343e+28
      8790.00  3.39300e+28
      8810.00  3.37300e+28
      8830.00  3.34409e+28
      8850.00  3.23548e+28
      8870.00  3.04912e+28
      8890.00  3.22175e+28
      8910.00  3.27000e+28
      8930.00  3.25800e+28
      8950.00  3.25200e+28
      8970.00  3.23600e+28
      8990.00  3.18542e+28
      9010.00  3.01971e+28
      9030.00  3.09057e+28
      9050.00  5.01146e+28
      9070.00  1.92325e+29
      9090.00  4.30053e+28
      9110.00  3.22459e+28
      9130.00  3.22800e+28
      9150.00  3.21300e+28
      9170.00  3.19400e+28
      9190.00  3.17302e+28
      9210.00  3.07884e+28
      9230.00  2.96640e+28
      9250.00  3.00115e+28
      9270.00  3.06201e+28
      9290.00  3.07100e+28
      9310.00  3.07200e+28
      9330.00  3.07000e+28
      9350.00  3.05400e+28
      9370.00  3.02500e+28
      9390.00  3.03700e+28
      9410.00  2.99500e+28
      9430.00  3.02300e+28
      9450.00  2.99900e+28
      9470.00  3.00600e+28
      9490.00  2.98800e+28
      9510.00  2.94117e+28
      9530.00  2.91974e+28
      9550.00  2.86729e+28
      9570.00  2.86977e+28
      9590.00  2.92100e+28
      9610.00  2.91100e+28
      9630.00  2.90800e+28
      9650.00  2.88900e+28
      9670.00  2.87800e+28
      9690.00  2.88500e+28
      9710.00  2.86200e+28
      9730.00  2.84200e+28
      9750.00  2.82800e+28
      9770.00  2.82500e+28
      9790.00  2.80200e+28
      9810.00  2.81400e+28
      9830.00  2.79900e+28
      9850.00  2.79100e+28
      9870.00  2.77400e+28
      9890.00  2.76100e+28
      9910.00  2.75300e+28
      9930.00  2.74700e+28
      9950.00  2.74000e+28
      9970.00  2.72900e+28
      9990.00  2.71200e+28
      10025.0  2.64371e+28
      10075.0  2.58068e+28
      10125.0  2.64200e+28
      10175.0  2.61700e+28
      10225.0  2.60200e+28
      10275.0  2.58700e+28
      10325.0  3.31090e+28
      10375.0  2.52307e+28
      10425.0  2.50900e+28
      10475.0  2.47300e+28
      10525.0  2.45400e+28
      10575.0  2.42100e+28
      10625.0  2.39300e+28
      10675.0  2.38999e+28
      10725.0  2.34868e+28
      10775.0  2.32000e+28
      10825.0  3.30690e+28
      10875.0  2.26020e+28
      10925.0  2.37960e+28
      10975.0  2.18853e+28
      11025.0  2.20400e+28
      11075.0  2.18500e+28
      11125.0  2.16500e+28
      11175.0  2.14100e+28
      11225.0  2.12900e+28
      11275.0  2.09700e+28
      11325.0  2.08200e+28
      11375.0  2.06400e+28
      11425.0  2.03900e+28
      11475.0  2.03700e+28
      11525.0  2.02100e+28
      11575.0  1.99700e+28
      11625.0  1.96600e+28
      11675.0  1.95300e+28
      11725.0  1.95000e+28
      11775.0  1.91500e+28
      11825.0  1.90000e+28
      11875.0  1.87200e+28
      11925.0  1.88000e+28
      11975.0  1.83600e+28
      12025.0  1.84200e+28
      12075.0  1.82100e+28
      12125.0  1.81100e+28
      12175.0  1.80200e+28
      12225.0  1.78600e+28
      12275.0  1.76800e+28
      12325.0  1.75400e+28
      12375.0  1.74000e+28
      12425.0  1.72400e+28
      12475.0  1.71200e+28
      12525.0  1.69500e+28
      12575.0  1.68100e+28
      12625.0  1.66700e+28
      12675.0  1.65300e+28
      12725.0  1.64200e+28
      12775.0  1.67610e+28
      12825.0  2.19958e+28
      12875.0  1.59404e+28
      12925.0  1.58500e+28
      12975.0  1.58300e+28
      13025.0  1.56700e+28
      13075.0  1.55900e+28
      13125.0  1.53600e+28
      13175.0  1.52200e+28
      13225.0  1.51500e+28
      13275.0  1.49200e+28
      13325.0  1.48600e+28
      13375.0  1.47000e+28
      13425.0  1.46300e+28
      13475.0  1.44900e+28
      13525.0  1.43700e+28
      13575.0  1.41600e+28
      13625.0  1.40700e+28
      13675.0  1.40500e+28
      13725.0  1.40000e+28
      13775.0  1.39500e+28
      13825.0  1.38900e+28
      13875.0  1.37500e+28
      13925.0  1.33400e+28
      13975.0  1.32400e+28
      14025.0  1.31000e+28
      14075.0  1.31100e+28
      14125.0  1.29800e+28
      14175.0  1.29900e+28
      14225.0  1.28400e+28
      14275.0  1.27200e+28
      14325.0  1.27900e+28
      14375.0  1.27800e+28
      14425.0  1.25400e+28
      14475.0  1.26600e+28
      14525.0  1.25100e+28
      14570.0  1.25300e+28
      14620.0  1.22800e+28
      14675.0  1.22100e+28
      14725.0  1.20900e+28
      14775.0  1.21000e+28
      14825.0  1.20800e+28
      14875.0  1.19800e+28
      14925.0  1.20900e+28
      14975.0  1.19900e+28
      15025.0  1.19000e+28
      15075.0  1.18300e+28
      15125.0  1.19300e+28
      15175.0  1.19100e+28
      15225.0  1.18800e+28
      15275.0  1.18500e+28
      15325.0  1.18000e+28
      15375.0  1.17800e+28
      15425.0  1.16400e+28
      15475.0  1.17000e+28
      15525.0  1.16200e+28
      15575.0  1.13000e+28
      15625.0  1.14500e+28
      15675.0  1.13600e+28
      15725.0  1.13600e+28
      15775.0  1.11000e+28
      15825.0  1.10800e+28
      15875.0  1.08500e+28
      15925.0  1.12200e+28
      15975.0  1.10700e+28
      16050.0  1.09600e+28
      16150.0  1.09000e+28
      16250.0  1.07800e+28
      16350.0  1.08600e+28
      16450.0  1.13570e+28
      16550.0  1.06400e+28
      16650.0  1.03500e+28
      16750.0  1.02400e+28
      16850.0  9.90800e+27
      16950.0  1.00200e+28
      17050.0  9.79800e+27
      17150.0  9.63700e+27
      17250.0  9.43300e+27
      17350.0  9.00500e+27
      17450.0  9.00700e+27
      17550.0  8.83800e+27
      17650.0  8.65200e+27
      17750.0  8.43900e+27
      17850.0  8.26900e+27
      17950.0  8.07800e+27
      18050.0  7.87200e+27
      18150.0  7.60200e+27
      18250.0  7.58200e+27
      18350.0  7.50200e+27
      18450.0  7.36300e+27
      18550.0  7.26100e+27
      18650.0  7.09800e+27
      18750.0  1.58536e+28
      18850.0  6.88001e+27
      18950.0  6.70100e+27
      19050.0  6.68500e+27
      19150.0  6.56100e+27
      19250.0  6.45800e+27
      19350.0  6.30700e+27
      19450.0  6.61514e+27
      19550.0  6.10600e+27
      19650.0  6.00600e+27
      19750.0  5.88100e+27
      19850.0  5.80000e+27
      19950.0  5.71900e+27
      20050.0  5.66800e+27
      20150.0  5.59300e+27
      20250.0  5.48700e+27
      20350.0  5.41500e+27
      20450.0  5.38500e+27
      20550.0  5.41832e+27
      20650.0  5.23619e+27
      20750.0  5.17800e+27
      20850.0  5.11400e+27
      20950.0  5.03700e+27
      21050.0  4.99900e+27
      21150.0  4.92430e+27
      21250.0  5.09161e+27
      21350.0  4.81200e+27
      21450.0  4.74900e+27
      21550.0  4.67800e+27
      21650.0  5.26731e+27
      21750.0  4.53106e+27
      21850.0  4.48200e+27
      21950.0  4.43000e+27
      22050.0  4.34300e+27
      22150.0  4.30800e+27
      22250.0  4.22500e+27
      22350.0  4.17200e+27
      22450.0  4.11500e+27
      22550.0  4.05900e+27
      22650.0  3.99100e+27
      22750.0  3.94800e+27
      22850.0  3.86800e+27
      22950.0  3.42700e+27
      23050.0  3.56300e+27
      23150.0  3.53200e+27
      23250.0  3.16700e+27
      23350.0  3.31300e+27
      23450.0  3.21000e+27
      23550.0  2.95300e+27
      23650.0  3.09500e+27
      23750.0  3.00000e+27
      23850.0  2.80100e+27
      23950.0  2.89700e+27
      24050.0  2.84500e+27
      24150.0  2.66700e+27
      24250.0  2.71900e+27
      24350.0  2.66000e+27
      24450.0  2.54300e+27
      24550.0  2.50600e+27
      24650.0  2.50400e+27
      24750.0  2.42100e+27
      24850.0  2.28200e+27
      24950.0  2.25500e+27
      25050.0  2.27600e+27
      25150.0  2.15700e+27
      25250.0  2.17100e+27
      25350.0  2.16800e+27
      25450.0  2.12800e+27
      25550.0  2.09900e+27
      25650.0  2.08300e+27
      25750.0  2.09500e+27
      25850.0  2.03600e+27
      25950.0  2.04100e+27
      26050.0  2.03000e+27
      26150.0  1.98256e+27
      26250.0  2.98849e+27
      26350.0  1.96399e+27
      26450.0  1.95000e+27
      26550.0  1.92000e+27
      26650.0  1.88700e+27
      26750.0  1.88100e+27
      26850.0  1.87400e+27
      26950.0  1.84300e+27
      27050.0  1.83700e+27
      27150.0  1.81700e+27
      27250.0  1.80400e+27
      27350.0  1.77100e+27
      27450.0  1.76100e+27
      27550.0  1.73100e+27
      27650.0  1.71800e+27
      27750.0  1.70100e+27
      27850.0  1.69100e+27
      27950.0  1.68000e+27
      28050.0  1.66100e+27
      28150.0  1.63900e+27
      28250.0  1.62500e+27
      28350.0  1.61300e+27
      28450.0  1.59400e+27
      28550.0  1.57600e+27
      28650.0  1.55600e+27
      28750.0  1.52600e+27
      28850.0  1.52800e+27
      28950.0  1.51400e+27
      29050.0  1.49800e+27
      29150.0  1.48500e+27
      29250.0  1.46500e+27
      29350.0  1.45600e+27
      29450.0  1.43800e+27
      29550.0  1.42400e+27
      29650.0  1.41200e+27
      29750.0  1.39700e+27
      29850.0  1.38200e+27
      29950.0  1.36800e+27
      30050.0  1.35500e+27
      30150.0  1.34400e+27
      30250.0  1.33000e+27
      30350.0  1.30300e+27
      30450.0  1.30200e+27
      30550.0  1.29500e+27
      30650.0  1.28400e+27
      30750.0  1.27500e+27
      30850.0  1.26300e+27
      30950.0  1.25200e+27
      31050.0  1.24300e+27
      31150.0  1.22700e+27
      31250.0  1.22000e+27
      31350.0  1.20900e+27
      31450.0  1.19800e+27
      31550.0  1.18600e+27
      31650.0  1.17500e+27
      31750.0  1.16600e+27
      31850.0  1.15500e+27
      31950.0  1.14600e+27
      32100.0  1.13000e+27
      32300.0  1.10900e+27
      32500.0  1.09000e+27
      32700.0  1.06900e+27
      32900.0  1.03700e+27
      33100.0  1.02500e+27
      33300.0  1.00600e+27
      33500.0  9.89100e+26
      33700.0  9.70100e+26
      33900.0  9.50500e+26
      34100.0  9.31900e+26
      34300.0  9.15700e+26
      34500.0  8.98200e+26
      34700.0  8.80600e+26
      34900.0  8.64000e+26
      35100.0  8.47700e+26
      35300.0  8.30300e+26
      35500.0  8.15100e+26
      35700.0  7.98800e+26
      35900.0  7.84000e+26
      36100.0  7.69400e+26
      36300.0  7.55000e+26
      36500.0  7.39000e+26
      36700.0  7.25300e+26
      36900.0  7.09500e+26
      37100.0  6.96400e+26
      37300.0  6.82800e+26
      37500.0  6.65900e+26
      37700.0  6.59000e+26
      37900.0  6.46400e+26
      38100.0  6.33700e+26
      38300.0  6.22500e+26
      38500.0  6.11800e+26
      38700.0  5.99400e+26
      38900.0  5.88300e+26
      39100.0  5.76500e+26
      39300.0  5.67400e+26
      39500.0  5.56200e+26
      39700.0  5.46300e+26
      39900.0  5.34700e+26
      40100.0  5.25000e+26
      40300.0  5.15701e+26
      40500.0  1.72251e+27
      40700.0  4.98027e+26
      40900.0  4.89700e+26
      41100.0  4.81300e+26
      41300.0  4.73200e+26
      41500.0  4.64400e+26
      41700.0  4.54700e+26
      41900.0  4.48300e+26
      42100.0  4.40300e+26
      42300.0  4.34100e+26
      42500.0  4.26200e+26
      42700.0  4.19500e+26
      42900.0  4.01700e+26
      43100.0  3.85500e+26
      43300.0  3.84400e+26
      43500.0  3.68500e+26
      43700.0  3.58900e+26
      43900.0  3.52900e+26
      44100.0  3.39400e+26
      44300.0  3.35700e+26
      44500.0  3.29400e+26
      44700.0  3.17100e+26
      44900.0  3.16800e+26
      45100.0  3.09500e+26
      45300.0  3.01100e+26
      45500.0  2.99600e+26
      45700.0  2.95500e+26
      45900.0  2.86300e+26
      46100.0  2.86400e+26
      46300.0  2.80700e+26
      46500.0  2.75700e+26
      46700.0  2.73300e+26
      46900.0  2.69800e+26
      47100.0  2.65200e+26
      47300.0  2.64500e+26
      47500.0  2.59300e+26
      47700.0  2.55800e+26
      47900.0  2.52600e+26
      48100.0  2.47300e+26
      48300.0  2.47100e+26
      48500.0  2.42700e+26
      48700.0  2.38300e+26
      48900.0  2.35400e+26
      49100.0  2.32000e+26
      49300.0  2.28800e+26
      49500.0  2.25100e+26
      49700.0  2.23200e+26
      49900.0  2.20000e+26
      50100.0  2.17400e+26
      50300.0  2.14400e+26
      50500.0  2.10300e+26
      50700.0  2.08200e+26
      50900.0  2.05600e+26
      51100.0  2.02000e+26
      51300.0  1.99200e+26
      51500.0  1.97000e+26
      51700.0  1.95900e+26
      51900.0  1.92500e+26
      52100.0  1.90200e+26
      52300.0  1.87300e+26
      52500.0  1.85600e+26
      52700.0  1.84500e+26
      52900.0  1.80500e+26
      53100.0  1.78100e+26
      53300.0  1.76500e+26
      53500.0  1.74300e+26
      53700.0  1.72300e+26
      53900.0  1.70300e+26
      54100.0  1.68200e+26
      54300.0  1.65500e+26
      54500.0  1.64400e+26
      54700.0  1.61800e+26
      54900.0  1.60100e+26
      55100.0  1.57900e+26
      55300.0  1.57700e+26
      55500.0  1.54100e+26
      55700.0  1.53400e+26
      55900.0  1.51000e+26
      56100.0  1.49700e+26
      56300.0  1.47200e+26
      56500.0  1.46200e+26
      56700.0  1.44400e+26
      56900.0  1.42000e+26
      57100.0  1.41200e+26
      57300.0  1.39500e+26
      57500.0  1.37800e+26
      57700.0  1.36000e+26
      57900.0  1.34900e+26
      58100.0  1.33000e+26
      58300.0  1.31600e+26
      58500.0  1.29700e+26
      58700.0  1.27800e+26
      58900.0  1.26400e+26
      59100.0  1.24500e+26
      59300.0  1.23700e+26
      59500.0  1.22100e+26
      59700.0  1.21000e+26
      59900.0  1.19700e+26
      60100.0  1.18300e+26
      60300.0  1.16900e+26
      60500.0  1.15300e+26
      60700.0  1.14100e+26
      60900.0  1.12800e+26
      61100.0  1.11400e+26
      61300.0  1.10300e+26
      61500.0  1.09200e+26
      61700.0  1.08100e+26
      61900.0  1.06800e+26
      62100.0  1.05700e+26
      62300.0  1.04400e+26
      62500.0  1.03100e+26
      62700.0  1.02000e+26
      62900.0  1.00900e+26
      63100.0  9.97500e+25
      63300.0  9.88400e+25
      63500.0  9.76200e+25
      63700.0  9.67600e+25
      63900.0  9.54300e+25
      64200.0  9.40100e+25
      64600.0  9.19100e+25
      65000.0  8.99600e+25
      65400.0  8.80100e+25
      65800.0  8.62000e+25
      66200.0  8.43100e+25
      66600.0  8.25400e+25
      67000.0  8.08400e+25
      67400.0  7.91000e+25
      67800.0  7.74500e+25
      68200.0  7.58400e+25
      68600.0  7.43000e+25
      69000.0  7.27400e+25
      69400.0  7.12600e+25
      69800.0  6.98100e+25
      70200.0  6.83800e+25
      70600.0  6.70200e+25
      71000.0  6.56700e+25
      71400.0  6.43600e+25
      71800.0  6.30600e+25
      72200.0  6.18200e+25
      72600.0  6.05900e+25
      73000.0  5.94000e+25
      73400.0  5.82300e+25
      73800.0  5.71100e+25
      74200.0  5.57800e+25
      74600.0  5.45400e+25
      75000.0  5.35100e+25
      75400.0  5.26000e+25
      75800.0  5.16100e+25
      76200.0  5.06100e+25
      76600.0  4.96400e+25
      77000.0  4.86800e+25
      77400.0  4.77600e+25
      77800.0  4.68600e+25
      78200.0  4.59700e+25
      78600.0  4.51200e+25
      79000.0  4.42800e+25
      79400.0  4.34600e+25
      79800.0  4.26300e+25
      80200.0  4.18200e+25
      80600.0  4.10300e+25
      81000.0  4.02700e+25
      81400.0  3.95100e+25
      81800.0  3.87800e+25
      82200.0  3.80700e+25
      82600.0  3.73700e+25
      83000.0  3.66900e+25
      83400.0  3.60200e+25
      83800.0  3.53700e+25
      84200.0  3.47400e+25
      84600.0  3.41200e+25
      85000.0  3.35100e+25
      85400.0  3.29200e+25
      85800.0  3.23400e+25
      86200.0  3.17700e+25
      86600.0  3.12200e+25
      87000.0  3.06800e+25
      87400.0  3.01500e+25
      87800.0  2.96300e+25
      88200.0  2.91200e+25
      88600.0  2.86300e+25
      89000.0  2.81400e+25
      89400.0  2.76700e+25
      89800.0  2.72000e+25
      90200.0  2.67500e+25
      90600.0  2.63100e+25
      91000.0  2.58700e+25
      91400.0  2.53700e+25
      91800.0  2.49500e+25
      92200.0  2.45500e+25
      92600.0  2.41500e+25
      93000.0  2.37600e+25
      93400.0  2.33800e+25
      93800.0  2.30100e+25
      94200.0  2.26500e+25
      94600.0  2.23000e+25
      95000.0  2.19800e+25
      95400.0  2.16700e+25
      95800.0  2.13600e+25
      96200.0  2.10600e+25
      96600.0  2.07700e+25
      97000.0  2.04800e+25
      97400.0  2.01900e+25
      97800.0  1.99100e+25
      98200.0  1.96400e+25
      98600.0  1.93700e+25
      99000.0  1.91000e+25
      99400.0  1.88400e+25
      99800.0  1.85900e+25
      100200.  1.83400e+25
      200000.  1.98900e+24
      400000.  3.38900e+23
      600000.  1.43000e+23
      800000.  8.09700e+22
  1.00000e+06  5.26800e+22
  1.20000e+06  3.76800e+22
  1.40000e+06  2.83100e+22
  1.60000e+06  2.20600e+22
