      91.0000       0.0000000
      94.0000       0.0000000
      96.0000       0.0000000
      98.0000       0.0000000
      100.000       0.0000000
      102.000       0.0000000
      104.000       0.0000000
      106.000       0.0000000
      108.000       0.0000000
      110.000       0.0000000
      114.000       0.0000000
      118.000       0.0000000
      121.000       0.0000000
      125.000       0.0000000
      127.000       0.0000000
      128.000       0.0000000
      131.000       0.0000000
      132.000       0.0000000
      134.000       0.0000000
      137.000       0.0000000
      140.000       0.0000000
      143.000       0.0000000
      147.000       0.0000000
      151.000       0.0000000
      155.000       0.0000000
      159.000       0.0000000
      162.000       0.0000000
      166.000       0.0000000
      170.000       0.0000000
      173.000       0.0000000
      177.000       0.0000000
      180.000       0.0000000
      182.000       0.0000000
      186.000       0.0000000
      191.000       0.0000000
      194.000       0.0000000
      198.000       0.0000000
      202.000       0.0000000
      205.000       0.0000000
      210.000       0.0000000
      216.000       0.0000000
      220.000       0.0000000
      223.000       0.0000000
      227.000       0.0000000
      230.000       0.0000000
      234.000       0.0000000
      240.000       0.0000000
      246.000       0.0000000
      252.000       0.0000000
      257.000       0.0000000
      260.000       0.0000000
      264.000       0.0000000
      269.000       0.0000000
      274.000       0.0000000
      279.000       0.0000000
      284.000       0.0000000
      290.000       0.0000000
      296.000       0.0000000
      301.000       0.0000000
      308.000       0.0000000
      318.000       0.0000000
      328.000       0.0000000
      338.000       0.0000000
      348.000       0.0000000
      357.000       0.0000000
      366.000       0.0000000
      375.000       0.0000000
      385.000       0.0000000
      395.000       0.0000000
      405.000       0.0000000
      414.000       0.0000000
      422.000       0.0000000
      430.000       0.0000000
      441.000       0.0000000
      451.000       0.0000000
      460.000       0.0000000
      470.000       0.0000000
      480.000       0.0000000
      490.000       0.0000000
      500.000       0.0000000
      506.000       0.0000000
      512.000       0.0000000
      520.000       0.0000000
      530.000       0.0000000
      540.000       0.0000000
      550.000       0.0000000
      560.000       0.0000000
      570.000       0.0000000
      580.000       0.0000000
      590.000       0.0000000
      600.000       0.0000000
      610.000       0.0000000
      620.000       0.0000000
      630.000       0.0000000
      640.000       0.0000000
      650.000       0.0000000
      658.000       0.0000000
      665.000       0.0000000
      675.000       0.0000000
      685.000       0.0000000
      695.000       0.0000000
      705.000       0.0000000
      716.000       0.0000000
      726.000       0.0000000
      735.000       0.0000000
      745.000       0.0000000
      755.000       0.0000000
      765.000       0.0000000
      775.000       0.0000000
      785.000       0.0000000
      795.000       0.0000000
      805.000       0.0000000
      815.000       0.0000000
      825.000       0.0000000
      835.000       0.0000000
      845.000       0.0000000
      855.000       0.0000000
      865.000       0.0000000
      875.000       0.0000000
      885.000       0.0000000
      895.000       0.0000000
      905.000       0.0000000
      915.000   1.0081993e+25
      925.000   2.5728737e+25
      935.000   4.3132477e+25
      945.000   5.9137327e+25
      955.000   7.2111930e+25
      965.000   7.8335165e+25
      975.000   2.8213842e+25
      985.000   6.1036584e+25
      995.000   6.5982589e+25
      1005.00   9.3861114e+25
      1015.00   1.0480808e+26
      1025.00   8.0750278e+25
      1035.00   1.0020679e+26
      1045.00   1.5264205e+26
      1055.00   1.5385727e+26
      1065.00   1.3035034e+26
      1075.00   1.5483298e+26
      1085.00   1.4029948e+26
      1095.00   1.8108445e+26
      1105.00   1.8169911e+26
      1115.00   1.8510730e+26
      1125.00   1.6593016e+26
      1135.00   2.2205375e+26
      1145.00   2.2165375e+26
      1155.00   2.3754360e+26
      1165.00   2.4556268e+26
      1175.00   1.5916562e+26
      1185.00   2.6131936e+26
      1195.00   2.2776689e+26
      1205.00   1.9498981e+26
      1215.00   3.0596482e+27
      1225.00   2.6785521e+26
      1235.00   3.5003867e+26
      1245.00   3.7755488e+26
      1255.00   3.7636112e+26
      1265.00   3.7099104e+26
      1275.00   4.4914394e+26
      1285.00   4.7940679e+26
      1295.00   4.0340287e+26
      1305.00   4.1851865e+26
      1315.00   5.1877947e+26
      1325.00   5.0816066e+26
      1335.00   5.0342785e+26
      1345.00   5.5461502e+26
      1355.00   5.5165948e+26
      1365.00   5.1333938e+26
      1375.00   5.3260919e+26
      1385.00   5.3728170e+26
      1395.00   4.1058860e+26
      1405.00   4.2051082e+26
      1415.00   5.3193063e+26
      1425.00   5.4027356e+26
      1435.00   5.6946604e+26
      1442.00   5.9395387e+26
      1447.00   6.0547358e+26
      1455.00   5.8989479e+26
      1465.00   5.5740133e+26
      1475.00   5.7886105e+26
      1485.00   6.0019890e+26
      1495.00   6.0999639e+26
      1505.00   5.8330090e+26
      1512.00   5.3157489e+26
      1517.00   5.6718467e+26
      1525.00   5.5930880e+26
      1535.00   4.7801455e+26
      1545.00   4.6771694e+26
      1555.00   4.6703498e+26
      1565.00   5.2175141e+26
      1575.00   5.7076176e+26
      1585.00   6.0691844e+26
      1595.00   6.2015157e+26
      1605.00   6.1884796e+26
      1615.00   6.2171539e+26
      1625.00   6.0982996e+26
      1635.00   6.5832070e+26
      1645.00   6.7782470e+26
      1655.00   6.5028452e+26
      1665.00   7.0264730e+26
      1672.00   6.2823876e+26
      1677.00   7.5519786e+26
      1685.00   7.7369865e+26
      1695.00   7.3455650e+26
      1705.00   7.2827514e+26
      1715.00   7.0323410e+26
      1725.00   7.0715909e+26
      1735.00   7.6908643e+26
      1745.00   7.6425618e+26
      1755.00   8.1767582e+26
      1765.00   7.6371356e+26
      1775.00   7.7765172e+26
      1785.00   8.1161755e+26
      1795.00   8.7663839e+26
      1805.00   8.8818476e+26
      1815.00   8.3680721e+26
      1825.00   8.5401295e+26
      1835.00   8.4079701e+26
      1845.00   7.6727755e+26
      1855.00   7.9967959e+26
      1865.00   8.4933301e+26
      1875.00   9.0234659e+26
      1885.00   8.4838447e+26
      1895.00   8.4275638e+26
      1905.00   9.5219344e+26
      1915.00   8.7899834e+26
      1925.00   8.5649784e+26
      1935.00   8.5789526e+26
      1945.00   9.6251671e+26
      1955.00   9.1402747e+26
      1967.00   1.0283456e+27
      1976.00   1.0528512e+27
      1984.00   1.0170168e+27
      1995.00   1.0053047e+27
      2005.00   1.0292216e+27
      2015.00   1.0239511e+27
      2025.00   1.0375977e+27
      2035.00   1.0392088e+27
      2045.00   1.1041969e+27
      2055.00   1.0341836e+27
      2065.00   1.0526053e+27
      2074.00   1.1948357e+27
      2078.00   1.1781717e+27
      2085.00   1.2226572e+27
      2095.00   1.1661996e+27
      2105.00   1.1656372e+27
      2115.00   1.2149253e+27
      2125.00   1.2182386e+27
      2135.00   1.1425249e+27
      2145.00   1.2204380e+27
      2155.00   1.2601282e+27
      2165.00   1.2153348e+27
      2175.00   1.2264148e+27
      2185.00   1.2595596e+27
      2195.00   1.3445075e+27
      2205.00   1.3150118e+27
      2215.00   1.2337211e+27
      2225.00   1.2418961e+27
      2235.00   1.3784140e+27
      2245.00   1.3283524e+27
      2255.00   1.2439444e+27
      2265.00   1.2642618e+27
      2275.00   1.3239571e+27
      2285.00   1.4106186e+27
      2295.00   1.3034350e+27
      2305.00   1.3876546e+27
      2315.00   1.3410443e+27
      2325.00   1.3095483e+27
      2335.00   1.2175309e+27
      2345.00   1.1160273e+27
      2355.00   1.3497774e+27
      2365.00   1.1531480e+27
      2375.00   1.2655961e+27
      2385.00   1.0681503e+27
      2395.00   1.1849560e+27
      2405.00   1.1677894e+27
      2415.00   1.2206389e+27
      2425.00   1.4389393e+27
      2435.00   1.4070330e+27
      2445.00   1.5312824e+27
      2455.00   1.5406094e+27
      2465.00   1.5363188e+27
      2475.00   1.4458906e+27
      2485.00   1.3740274e+27
      2495.00   1.2804647e+27
      2505.00   1.6173285e+27
      2513.00   1.2999724e+27
      2518.00   1.2315304e+27
      2525.00   1.2276532e+27
      2535.00   1.3448714e+27
      2545.00   1.3693701e+27
      2555.00   1.6026355e+27
      2565.00   1.5152273e+27
      2575.00   1.6807379e+27
      2585.00   1.6536585e+27
      2595.00   1.6166292e+27
      2605.00   1.5390672e+27
      2615.00   1.4729234e+27
      2625.00   1.6996294e+27
      2635.00   1.9281879e+27
      2645.00   2.2711588e+27
      2655.00   2.5169795e+27
      2665.00   2.1254818e+27
      2675.00   2.3034564e+27
      2685.00   2.4189841e+27
      2695.00   2.1359899e+27
      2705.00   2.3187489e+27
      2715.00   2.0577062e+27
      2725.00   2.0280989e+27
      2735.00   2.2326152e+27
      2745.00   1.7348898e+27
      2755.00   1.9400538e+27
      2765.00   2.1755341e+27
      2775.00   2.3355112e+27
      2785.00   1.9740185e+27
      2795.00   1.2782344e+27
      2805.00   1.4114920e+27
      2815.00   2.3781904e+27
      2825.00   2.7249003e+27
      2835.00   2.6453235e+27
      2845.00   2.4326913e+27
      2855.00   2.0406712e+27
      2865.00   2.7481393e+27
      2875.00   2.9654175e+27
      2885.00   2.9051561e+27
      2895.00   3.0198481e+27
      2910.00   3.5723016e+27
      2930.00   3.4186694e+27
      2950.00   3.3745701e+27
      2970.00   3.5242803e+27
      2990.00   3.6278135e+27
      3010.00   3.7355339e+27
      3030.00   3.8676304e+27
      3050.00   4.0355750e+27
      3070.00   4.1850634e+27
      3090.00   4.2449989e+27
      3110.00   4.4605323e+27
      3130.00   4.3986993e+27
      3150.00   4.4712780e+27
      3170.00   4.7243155e+27
      3190.00   4.4493920e+27
      3210.00   4.8062291e+27
      3230.00   4.5021292e+27
      3250.00   5.3104566e+27
      3270.00   5.8594576e+27
      3290.00   5.8948421e+27
      3310.00   5.8931087e+27
      3330.00   5.9934691e+27
      3350.00   5.9593976e+27
      3370.00   5.3491069e+27
      3390.00   5.7818418e+27
      3410.00   5.9588427e+27
      3430.00   6.3012911e+27
      3450.00   6.4998423e+27
      3470.00   6.6996041e+27
      3490.00   7.1358608e+27
      3510.00   7.5141087e+27
      3530.00   7.2313655e+27
      3550.00   8.0150194e+27
      3570.00   6.8656403e+27
      3590.00   6.8799351e+27
      3610.00   7.7272636e+27
      3630.00   8.0033592e+27
      3640.00   8.2190120e+27
      3650.00   8.8019464e+27
      3670.00   8.9744554e+27
      3690.00   8.6152070e+27
      3710.00   9.4558008e+27
      3730.00   1.2068668e+28
      3750.00   9.3656515e+27
      3770.00   1.0677446e+28
      3790.00   1.1442063e+28
      3810.00   1.1987384e+28
      3830.00   9.2037241e+27
      3850.00   1.1692256e+28
      3870.00   1.2617626e+28
      3890.00   1.1507612e+28
      3910.00   1.4154005e+28
      3930.00   9.5735599e+27
      3950.00   1.3556051e+28
      3970.00   9.9990311e+27
      3990.00   1.6678562e+28
      4010.00   1.8125860e+28
      4030.00   1.8285708e+28
      4050.00   1.8179599e+28
      4070.00   1.7928478e+28
      4090.00   1.9109775e+28
      4110.00   1.7742757e+28
      4130.00   1.9503463e+28
      4150.00   1.9804750e+28
      4170.00   2.0225939e+28
      4190.00   2.0080718e+28
      4210.00   2.0466624e+28
      4230.00   2.0214481e+28
      4250.00   2.0817663e+28
      4270.00   2.0309436e+28
      4290.00   1.9709727e+28
      4310.00   1.7870355e+28
      4330.00   2.1584387e+28
      4350.00   2.0696152e+28
      4370.00   2.3839850e+28
      4390.00   2.2838394e+28
      4410.00   2.4013145e+28
      4430.00   2.5544020e+28
      4450.00   2.5841619e+28
      4470.00   2.7197645e+28
      4490.00   2.7814643e+28
      4510.00   3.0274431e+28
      4530.00   2.8234922e+28
      4550.00   2.9219502e+28
      4570.00   3.1087086e+28
      4590.00   3.0232297e+28
      4610.00   3.1257277e+28
      4630.00   3.1152214e+28
      4650.00   3.1742826e+28
      4670.00   3.2855171e+28
      4690.00   3.2812725e+28
      4710.00   3.2371883e+28
      4730.00   3.3613030e+28
      4750.00   3.4544708e+28
      4770.00   3.4654166e+28
      4790.00   3.4921789e+28
      4810.00   3.5174705e+28
      4830.00   3.5815738e+28
      4850.00   3.4243869e+28
      4870.00   3.1681762e+28
      4890.00   3.5940174e+28
      4910.00   3.6501943e+28
      4930.00   3.6309954e+28
      4950.00   3.7819123e+28
      4970.00   3.8089732e+28
      4990.00   3.6544437e+28
      5010.00   4.6657510e+28
      5030.00   3.7506321e+28
      5050.00   3.7654513e+28
      5070.00   3.9179236e+28
      5090.00   3.8165208e+28
      5110.00   3.9081242e+28
      5130.00   3.8504450e+28
      5150.00   3.7799798e+28
      5170.00   3.6577943e+28
      5190.00   3.7718311e+28
      5210.00   3.9397345e+28
      5230.00   4.1236753e+28
      5250.00   4.2722974e+28
      5270.00   3.9758208e+28
      5290.00   4.3700523e+28
      5310.00   4.5574704e+28
      5330.00   4.2477553e+28
      5350.00   4.5419715e+28
      5370.00   4.5523956e+28
      5390.00   4.5281095e+28
      5410.00   4.5017955e+28
      5430.00   4.5849630e+28
      5450.00   4.7160393e+28
      5470.00   4.6898710e+28
      5490.00   4.7353725e+28
      5510.00   4.7519227e+28
      5530.00   4.8838406e+28
      5550.00   4.9683681e+28
      5570.00   4.9133128e+28
      5590.00   4.8827157e+28
      5610.00   5.0202064e+28
      5630.00   5.0619534e+28
      5650.00   5.1369730e+28
      5670.00   5.0778343e+28
      5690.00   5.2248871e+28
      5710.00   5.1258510e+28
      5730.00   5.4483925e+28
      5750.00   5.3600219e+28
      5770.00   5.4329448e+28
      5790.00   5.3421701e+28
      5810.00   5.5034665e+28
      5830.00   5.6345341e+28
      5850.00   5.5530886e+28
      5870.00   5.6233665e+28
      5890.00   5.1958843e+28
      5910.00   5.5985855e+28
      5930.00   5.6667264e+28
      5950.00   5.7062958e+28
      5970.00   5.8020819e+28
      5990.00   5.7806294e+28
      6010.00   5.7545163e+28
      6030.00   5.8787142e+28
      6050.00   5.9967186e+28
      6070.00   6.0080113e+28
      6090.00   5.9190377e+28
      6110.00   5.9596725e+28
      6130.00   5.7715717e+28
      6150.00   5.9218857e+28
      6170.00   5.7690530e+28
      6190.00   6.0349031e+28
      6210.00   6.0416028e+28
      6230.00   5.9479411e+28
      6250.00   5.8400783e+28
      6270.00   6.0835695e+28
      6290.00   6.1930828e+28
      6310.00   6.0402299e+28
      6330.00   6.1157023e+28
      6350.00   6.1746891e+28
      6370.00   6.2018204e+28
      6390.00   6.2909400e+28
      6410.00   6.2225255e+28
      6430.00   6.3046543e+28
      6450.00   6.3251362e+28
      6470.00   6.3438084e+28
      6490.00   6.2798249e+28
      6510.00   6.4718046e+28
      6530.00   6.5079313e+28
      6550.00   6.5684357e+28
      6570.00   6.5337738e+28
      6590.00   6.7927082e+28
      6610.00   6.6344447e+28
      6630.00   6.6589087e+28
      6650.00   6.6878822e+28
      6670.00   6.6405664e+28
      6690.00   6.7630901e+28
      6710.00   6.8099284e+28
      6730.00   6.9935479e+28
      6750.00   6.7349612e+28
      6770.00   6.7970695e+28
      6790.00   6.7946644e+28
      6810.00   6.8360880e+28
      6830.00   6.9239004e+28
      6850.00   6.8387571e+28
      6870.00   6.9417250e+28
      6890.00   7.0488753e+28
      6910.00   7.0581318e+28
      6930.00   7.0669315e+28
      6950.00   7.0821734e+28
      6970.00   7.1734322e+28
      6990.00   7.1796912e+28
      7010.00   7.1327100e+28
      7030.00   7.2580089e+28
      7050.00   7.3113282e+28
      7070.00   7.2285487e+28
      7090.00   7.1513896e+28
      7110.00   7.0911225e+28
      7130.00   7.1254335e+28
      7150.00   7.0688540e+28
      7170.00   7.1475055e+28
      7190.00   7.0368442e+28
      7210.00   7.1788427e+28
      7230.00   7.3107670e+28
      7250.00   7.3680136e+28
      7270.00   7.4235338e+28
      7290.00   7.3642038e+28
      7310.00   7.5220846e+28
      7330.00   7.5901730e+28
      7350.00   7.6418603e+28
      7370.00   7.7937172e+28
      7390.00   7.7125383e+28
      7410.00   7.6835120e+28
      7430.00   7.8592731e+28
      7450.00   7.9080611e+28
      7470.00   8.0013265e+28
      7490.00   8.0098737e+28
      7510.00   8.0935691e+28
      7530.00   8.2002924e+28
      7550.00   8.2705482e+28
      7570.00   8.2684291e+28
      7590.00   8.2136126e+28
      7610.00   8.1849943e+28
      7630.00   8.1197139e+28
      7650.00   8.0702273e+28
      7670.00   7.8576429e+28
      7690.00   8.0390249e+28
      7710.00   7.9481192e+28
      7730.00   8.0075017e+28
      7750.00   7.9864644e+28
      7770.00   8.1071144e+28
      7790.00   8.1603471e+28
      7810.00   8.1959937e+28
      7830.00   8.1670733e+28
      7850.00   8.1396592e+28
      7870.00   8.2598373e+28
      7890.00   8.2024026e+28
      7910.00   8.1008372e+28
      7930.00   8.1324234e+28
      7950.00   8.1157726e+28
      7970.00   8.3358602e+28
      7990.00   8.3609152e+28
      8010.00   8.4881875e+28
      8030.00   8.5344619e+28
      8050.00   8.5431834e+28
      8070.00   8.6318550e+28
      8090.00   8.6071024e+28
      8110.00   8.7032800e+28
      8130.00   8.8454838e+28
      8150.00   8.9188461e+28
      8170.00   8.9900802e+28
      8190.00   8.8477946e+28
      8210.00   8.8428927e+28
      8230.00   8.9013061e+28
      8250.00   8.9376978e+28
      8270.00   9.0235333e+28
      8290.00   8.9978845e+28
      8310.00   8.8592171e+28
      8330.00   8.8067176e+28
      8350.00   8.8844262e+28
      8370.00   8.9295522e+28
      8390.00   8.7407438e+28
      8410.00   8.9637069e+28
      8430.00   8.7238740e+28
      8450.00   8.6825758e+28
      8470.00   8.6742117e+28
      8490.00   8.7122246e+28
      8510.00   8.3898748e+28
      8530.00   8.7331370e+28
      8550.00   7.8516415e+28
      8570.00   8.9884656e+28
      8590.00   8.9153660e+28
      8610.00   8.9666901e+28
      8630.00   9.1413543e+28
      8650.00   9.1261311e+28
      8670.00   8.1567079e+28
      8690.00   9.0508705e+28
      8710.00   9.3119498e+28
      8730.00   9.3728230e+28
      8750.00   9.2140635e+28
      8770.00   9.4502510e+28
      8790.00   9.5382006e+28
      8810.00   9.4463123e+28
      8830.00   9.5097094e+28
      8850.00   9.5201044e+28
      8870.00   9.2573673e+28
      8890.00   9.5173644e+28
      8910.00   9.6090491e+28
      8930.00   9.5303198e+28
      8950.00   9.5507317e+28
      8970.00   9.6111789e+28
      8990.00   9.6489731e+28
      9010.00   9.3313144e+28
      9030.00   9.6598716e+28
      9050.00   1.0069881e+29
      9070.00   1.1526646e+29
      9090.00   9.8558532e+28
      9110.00   9.8913377e+28
      9130.00   1.0011629e+29
      9150.00   1.0001841e+29
      9170.00   1.0024481e+29
      9190.00   1.0103870e+29
      9210.00   9.8248297e+28
      9230.00   9.5642446e+28
      9250.00   9.6880429e+28
      9270.00   9.7649888e+28
      9290.00   9.7214243e+28
      9310.00   9.7904964e+28
      9330.00   9.8198603e+28
      9350.00   9.7936661e+28
      9370.00   9.7113175e+28
      9390.00   9.8578603e+28
      9410.00   9.7153973e+28
      9430.00   9.9124874e+28
      9450.00   9.8471098e+28
      9470.00   1.0010882e+29
      9490.00   1.0033329e+29
      9510.00   9.9668897e+28
      9530.00   9.9880446e+28
      9550.00   9.7474492e+28
      9570.00   9.9595490e+28
      9590.00   1.0105279e+29
      9610.00   1.0030127e+29
      9630.00   1.0077214e+29
      9650.00   9.9684527e+28
      9670.00   9.9955816e+28
      9690.00   1.0127281e+29
      9710.00   1.0056192e+29
      9730.00   1.0023879e+29
      9750.00   1.0020827e+29
      9770.00   1.0080470e+29
      9790.00   1.0000625e+29
      9810.00   1.0186858e+29
      9830.00   1.0149854e+29
      9850.00   1.0216443e+29
      9870.00   1.0185544e+29
      9890.00   1.0194753e+29
      9910.00   1.0173274e+29
      9930.00   1.0226238e+29
      9950.00   1.0255423e+29
      9970.00   1.0277715e+29
      9990.00   1.0275880e+29
      10025.0   1.0241167e+29
      10075.0   1.0160657e+29
      10125.0   1.0332505e+29
      10175.0   1.0280929e+29
      10225.0   1.0344666e+29
      10275.0   1.0408012e+29
      10325.0   1.0436380e+29
      10375.0   1.0336992e+29
      10425.0   1.0419720e+29
      10475.0   1.0328822e+29
      10525.0   1.0283716e+29
      10575.0   1.0169325e+29
      10625.0   1.0138882e+29
      10675.0   1.0084845e+29
      10725.0   1.0188045e+29
      10775.0   1.0176636e+29
      10825.0   1.0249932e+29
      10875.0   1.0138517e+29
      10925.0   1.0129574e+29
      10975.0   1.0103105e+29
      11025.0   1.0136908e+29
      11075.0   1.0074200e+29
      11125.0   1.0074181e+29
      11175.0   1.0036662e+29
      11225.0   1.0079346e+29
      11275.0   1.0002481e+29
      11325.0   1.0022919e+29
      11375.0   9.9927824e+28
      11425.0   9.9404509e+28
      11475.0   1.0071786e+29
      11525.0   1.0076790e+29
      11575.0   1.0008577e+29
      11625.0   9.9087138e+28
      11675.0   9.9361102e+28
      11725.0   9.9976677e+28
      11775.0   9.8324794e+28
      11825.0   9.7873380e+28
      11875.0   9.6703840e+28
      11925.0   9.8305885e+28
      11975.0   9.5907150e+28
      12025.0   9.7731656e+28
      12075.0   9.7361126e+28
      12125.0   9.7794695e+28
      12175.0   9.8225778e+28
      12225.0   9.8013472e+28
      12275.0   9.7607875e+28
      12325.0   9.7468733e+28
      12375.0   9.7414412e+28
      12425.0   9.6651830e+28
      12475.0   9.6626532e+28
      12525.0   9.6169668e+28
      12575.0   9.6128941e+28
      12625.0   9.5843174e+28
      12675.0   9.5500559e+28
      12725.0   9.5678240e+28
      12775.0   9.5845807e+28
      12825.0   9.3809335e+28
      12875.0   9.4867250e+28
      12925.0   9.4383845e+28
      12975.0   9.5271124e+28
      13025.0   9.4575846e+28
      13075.0   9.4864099e+28
      13125.0   9.3499660e+28
      13175.0   9.3423400e+28
      13225.0   9.3593570e+28
      13275.0   9.2442480e+28
      13325.0   9.2752401e+28
      13375.0   9.2139782e+28
      13425.0   9.2441340e+28
      13475.0   9.1915470e+28
      13525.0   9.1639358e+28
      13575.0   9.0627879e+28
      13625.0   9.0439173e+28
      13675.0   9.0926486e+28
      13725.0   9.1255428e+28
      13775.0   9.1212390e+28
      13825.0   9.1377174e+28
      13875.0   9.0738874e+28
      13925.0   8.9127027e+28
      13975.0   8.8949999e+28
      14025.0   8.8173582e+28
      14075.0   8.8850678e+28
      14125.0   8.8168621e+28
      14175.0   8.8843296e+28
      14225.0   8.7983578e+28
      14275.0   8.7223540e+28
      14325.0   8.8554487e+28
      14375.0   8.8948680e+28
      14425.0   8.7281345e+28
      14475.0   8.8896490e+28
      14525.0   8.8107108e+28
      14570.0   8.8627376e+28
      14620.0   8.7994296e+28
      14675.0   8.7952457e+28
      14725.0   8.7133995e+28
      14775.0   8.7735187e+28
      14825.0   8.7993262e+28
      14875.0   8.7386426e+28
      14925.0   8.9082904e+28
      14975.0   8.8469186e+28
      15025.0   8.7731630e+28
      15075.0   8.7686369e+28
      15125.0   8.9160833e+28
      15175.0   8.9466731e+28
      15225.0   8.9417759e+28
      15275.0   8.9957253e+28
      15325.0   8.9784801e+28
      15375.0   9.0084852e+28
      15425.0   8.9786173e+28
      15475.0   9.0142320e+28
      15525.0   8.9595356e+28
      15575.0   8.7593144e+28
      15625.0   8.8724428e+28
      15675.0   8.8341326e+28
      15725.0   8.9537785e+28
      15775.0   8.5847558e+28
      15825.0   8.6609022e+28
      15875.0   8.5772914e+28
      15925.0   8.8385465e+28
      15975.0   8.7235009e+28
      16050.0   8.7201731e+28
      16150.0   8.7544533e+28
      16250.0   8.6622663e+28
      16350.0   8.8276644e+28
      16450.0   8.4931164e+28
      16550.0   8.7194262e+28
      16650.0   8.4922565e+28
      16750.0   8.5013878e+28
      16850.0   8.3077890e+28
      16950.0   8.4126147e+28
      17050.0   8.2608770e+28
      17150.0   8.1795743e+28
      17250.0   8.0566992e+28
      17350.0   7.7979266e+28
      17450.0   7.7981566e+28
      17550.0   7.6692192e+28
      17650.0   7.5654992e+28
      17750.0   7.3986141e+28
      17850.0   7.3118381e+28
      17950.0   7.1753212e+28
      18050.0   7.0230363e+28
      18150.0   6.8945072e+28
      18250.0   6.8475166e+28
      18350.0   6.7721449e+28
      18450.0   6.6637782e+28
      18550.0   6.6149680e+28
      18650.0   6.4725536e+28
      18750.0   6.5309747e+28
      18850.0   6.3472602e+28
      18950.0   6.1736607e+28
      19050.0   6.2354418e+28
      19150.0   6.1384660e+28
      19250.0   6.0841848e+28
      19350.0   5.9518791e+28
      19450.0   5.8232124e+28
      19550.0   5.8310805e+28
      19650.0   5.7515439e+28
      19750.0   5.6306687e+28
      19850.0   5.5872713e+28
      19950.0   5.5371852e+28
      20050.0   5.5234500e+28
      20150.0   5.4705879e+28
      20250.0   5.3651983e+28
      20350.0   5.3176206e+28
      20450.0   5.3216222e+28
      20550.0   5.2625693e+28
      20650.0   5.1966386e+28
      20750.0   5.1629087e+28
      20850.0   5.1139040e+28
      20950.0   5.0470917e+28
      21050.0   5.0407847e+28
      21150.0   4.9806426e+28
      21250.0   4.9377854e+28
      21350.0   4.9115292e+28
      21450.0   4.8639494e+28
      21550.0   4.8094416e+28
      21650.0   4.7315107e+28
      21750.0   4.6882485e+28
      21850.0   4.6505412e+28
      21950.0   4.6148236e+28
      22050.0   4.5210853e+28
      22150.0   4.5244575e+28
      22250.0   4.4362671e+28
      22350.0   4.3991093e+28
      22450.0   4.3550804e+28
      22550.0   4.3164939e+28
      22650.0   4.2444872e+28
      22750.0   4.2292848e+28
      22850.0   4.1572628e+28
      22950.0   3.6423871e+28
      23050.0   3.8212356e+28
      23150.0   3.8009009e+28
      23250.0   3.3725459e+28
      23350.0   3.5690981e+28
      23450.0   3.4940706e+28
      23550.0   3.1592908e+28
      23650.0   3.3663814e+28
      23750.0   3.2864056e+28
      23850.0   3.0233178e+28
      23950.0   3.1740175e+28
      24050.0   3.1419219e+28
      24150.0   2.9113206e+28
      24250.0   3.0072051e+28
      24350.0   2.9715205e+28
      24450.0   2.8293176e+28
      24550.0   2.8033255e+28
      24650.0   2.8451916e+28
      24750.0   2.7542871e+28
      24850.0   2.6004815e+28
      24950.0   2.6205847e+28
      25050.0   2.6595966e+28
      25150.0   2.5002862e+28
      25250.0   2.5634410e+28
      25350.0   2.5618725e+28
      25450.0   2.5158109e+28
      25550.0   2.4930864e+28
      25650.0   2.4984957e+28
      25750.0   2.5139915e+28
      25850.0   2.4266147e+28
      25950.0   2.4502233e+28
      26050.0   2.4591571e+28
      26150.0   2.4180166e+28
      26250.0   2.4107117e+28
      26350.0   2.3992939e+28
      26450.0   2.3864836e+28
      26550.0   2.3566677e+28
      26650.0   2.3200267e+28
      26750.0   2.3474879e+28
      26850.0   2.3285701e+28
      26950.0   2.2856845e+28
      27050.0   2.2912437e+28
      27150.0   2.2728395e+28
      27250.0   2.2667985e+28
      27350.0   2.2259435e+28
      27450.0   2.2274085e+28
      27550.0   2.2133135e+28
      27650.0   2.1913044e+28
      27750.0   2.1652161e+28
      27850.0   2.1624815e+28
      27950.0   2.1577372e+28
      28050.0   2.1371374e+28
      28150.0   2.1104351e+28
      28250.0   2.1004342e+28
      28350.0   2.0933374e+28
      28450.0   2.0710000e+28
      28550.0   2.0469999e+28
      28650.0   2.0250001e+28
      28750.0   1.9970000e+28
      28850.0   1.9830001e+28
      28950.0   1.9619999e+28
      29050.0   1.9390000e+28
      29150.0   1.9210000e+28
      29250.0   1.8890000e+28
      29350.0   1.8800000e+28
      29450.0   1.8540000e+28
      29550.0   1.8350000e+28
      29650.0   1.8200000e+28
      29750.0   1.8000000e+28
      29850.0   1.7769999e+28
      29950.0   1.7570000e+28
      30050.0   1.7390000e+28
      30150.0   1.7250000e+28
      30250.0   1.7040000e+28
      30350.0   1.6770001e+28
      30450.0   1.6700000e+28
      30550.0   1.6540000e+28
      30650.0   1.6370000e+28
      30750.0   1.6240000e+28
      30850.0   1.6039999e+28
      30950.0   1.5900000e+28
      31050.0   1.5790000e+28
      31150.0   1.5540000e+28
      31250.0   1.5460000e+28
      31350.0   1.5310000e+28
      31450.0   1.5159999e+28
      31550.0   1.4980001e+28
      31650.0   1.4830000e+28
      31750.0   1.4720000e+28
      31850.0   1.4570000e+28
      31950.0   1.4450000e+28
      32100.0   1.4230000e+28
      32300.0   1.3950000e+28
      32500.0   1.3690000e+28
      32700.0   1.3420000e+28
      32900.0   1.3110000e+28
      33100.0   1.2900000e+28
      33300.0   1.2650000e+28
      33500.0   1.2430001e+28
      33700.0   1.2180000e+28
      33900.0   1.1930000e+28
      34100.0   1.1690000e+28
      34300.0   1.1490001e+28
      34500.0   1.1270000e+28
      34700.0   1.1050000e+28
      34900.0   1.0840000e+28
      35100.0   1.0640001e+28
      35300.0   1.0420000e+28
      35500.0   1.0230000e+28
      35700.0   1.0029999e+28
      35900.0   9.8359999e+27
      36100.0   9.6640001e+27
      36300.0   9.4780003e+27
      36500.0   9.2769998e+27
      36700.0   9.1010002e+27
      36900.0   8.9010003e+27
      37100.0   8.7250000e+27
      37300.0   8.5820003e+27
      37500.0   8.3750001e+27
      37700.0   8.2729999e+27
      37900.0   8.1099998e+27
      38100.0   7.9640001e+27
      38300.0   7.8250002e+27
      38500.0   7.6849998e+27
      38700.0   7.5169998e+27
      38900.0   7.3819997e+27
      39100.0   7.2490002e+27
      39300.0   7.1170000e+27
      39500.0   6.9610002e+27
      39700.0   6.8359997e+27
      39900.0   6.6760001e+27
      40100.0   6.5729999e+27
      40300.0   6.4630007e+27
      40500.0   6.7170445e+27
      40700.0   6.2190090e+27
      40900.0   6.1100002e+27
      41100.0   6.0009997e+27
      41300.0   5.8980002e+27
      41500.0   5.7859998e+27
      41700.0   5.6770000e+27
      41900.0   5.5739998e+27
      42100.0   5.4669999e+27
      42300.0   5.3950003e+27
      42500.0   5.2869998e+27
      42700.0   5.2040001e+27
      42900.0   4.9199999e+27
      43100.0   4.6379999e+27
      43300.0   4.6469999e+27
      43500.0   4.3940000e+27
      43700.0   4.2669999e+27
      43900.0   4.1720001e+27
      44100.0   3.9810001e+27
      44300.0   3.9070000e+27
      44500.0   3.8310000e+27
      44700.0   3.6920001e+27
      44900.0   3.6860001e+27
      45100.0   3.5999999e+27
      45300.0   3.4980000e+27
      45500.0   3.4830000e+27
      45700.0   3.4340001e+27
      45900.0   3.3080000e+27
      46100.0   3.3290001e+27
      46300.0   3.2600001e+27
      46500.0   3.2170000e+27
      46700.0   3.2060001e+27
      46900.0   3.1490000e+27
      47100.0   3.0880000e+27
      47300.0   3.0979999e+27
      47500.0   3.0180001e+27
      47700.0   2.9919999e+27
      47900.0   2.9580000e+27
      48100.0   2.8770000e+27
      48300.0   2.9009999e+27
      48500.0   2.8329999e+27
      48700.0   2.7770000e+27
      48900.0   2.7419999e+27
      49100.0   2.7010000e+27
      49300.0   2.6690001e+27
      49500.0   2.6180000e+27
      49700.0   2.6080001e+27
      49900.0   2.5650000e+27
      50100.0   2.5359999e+27
      50300.0   2.5010001e+27
      50500.0   2.4460000e+27
      50700.0   2.4270000e+27
      50900.0   2.3960001e+27
      51100.0   2.3520000e+27
      51300.0   2.3320000e+27
      51500.0   2.2929999e+27
      51700.0   2.2860001e+27
      51900.0   2.2420000e+27
      52100.0   2.2169999e+27
      52300.0   2.1800001e+27
      52500.0   2.1639999e+27
      52700.0   2.1560000e+27
      52900.0   2.1030000e+27
      53100.0   2.0750000e+27
      53300.0   2.0590000e+27
      53500.0   2.0330000e+27
      53700.0   2.0120000e+27
      53900.0   1.9890000e+27
      54100.0   1.9650000e+27
      54300.0   1.9280000e+27
      54500.0   1.9210000e+27
      54700.0   1.8869999e+27
      54900.0   1.8690001e+27
      55100.0   1.8420001e+27
      55300.0   1.8489999e+27
      55500.0   1.7970001e+27
      55700.0   1.7950000e+27
      55900.0   1.7640000e+27
      56100.0   1.7520000e+27
      56300.0   1.7180000e+27
      56500.0   1.7110000e+27
      56700.0   1.6890000e+27
      56900.0   1.6580000e+27
      57100.0   1.6530000e+27
      57300.0   1.6320000e+27
      57500.0   1.6130000e+27
      57700.0   1.5909999e+27
      57900.0   1.5810000e+27
      58100.0   1.5560000e+27
      58300.0   1.5390001e+27
      58500.0   1.5220000e+27
      58700.0   1.4980000e+27
      58900.0   1.4830000e+27
      59100.0   1.4650000e+27
      59300.0   1.4520000e+27
      59500.0   1.4310000e+27
      59700.0   1.4200000e+27
      59900.0   1.4030000e+27
      60100.0   1.3870001e+27
      60300.0   1.3709999e+27
      60500.0   1.3500000e+27
      60700.0   1.3350000e+27
      60900.0   1.3200000e+27
      61100.0   1.3020000e+27
      61300.0   1.2910000e+27
      61500.0   1.2770001e+27
      61700.0   1.2649999e+27
      61900.0   1.2499999e+27
      62100.0   1.2370000e+27
      62300.0   1.2200000e+27
      62500.0   1.2030000e+27
      62700.0   1.1900000e+27
      62900.0   1.1770000e+27
      63100.0   1.1630000e+27
      63300.0   1.1540000e+27
      63500.0   1.1380000e+27
      63700.0   1.1290000e+27
      63900.0   1.1120000e+27
      64200.0   1.0950000e+27
      64600.0   1.0690000e+27
      65000.0   1.0460000e+27
      65400.0   1.0220000e+27
      65800.0   1.0010000e+27
      66200.0   9.7760003e+26
      66600.0   9.5630002e+26
      67000.0   9.3570003e+26
      67400.0   9.1440001e+26
      67800.0   8.9450003e+26
      68200.0   8.7480002e+26
      68600.0   8.5639998e+26
      69000.0   8.3749996e+26
      69400.0   8.1959998e+26
      69800.0   8.0210000e+26
      70200.0   7.8460001e+26
      70600.0   7.6830003e+26
      71000.0   7.5189999e+26
      71400.0   7.3619996e+26
      71800.0   7.2059999e+26
      72200.0   7.0569997e+26
      72600.0   6.9080002e+26
      73000.0   6.7650003e+26
      73400.0   6.6240000e+26
      73800.0   6.4899999e+26
      74200.0   6.3510000e+26
      74600.0   6.2160001e+26
      75000.0   6.0930002e+26
      75400.0   5.9730000e+26
      75800.0   5.8580001e+26
      76200.0   5.7410001e+26
      76600.0   5.6270000e+26
      77000.0   5.5149998e+26
      77400.0   5.4070000e+26
      77800.0   5.3009999e+26
      78200.0   5.1970001e+26
      78600.0   5.0960001e+26
      79000.0   4.9979999e+26
      79400.0   4.9020001e+26
      79800.0   4.8080000e+26
      80200.0   4.7140001e+26
      80600.0   4.6250001e+26
      81000.0   4.5389999e+26
      81400.0   4.4530001e+26
      81800.0   4.3709999e+26
      82200.0   4.2899999e+26
      82600.0   4.2100000e+26
      83000.0   4.1330000e+26
      83400.0   4.0560000e+26
      83800.0   3.9820001e+26
      84200.0   3.9110001e+26
      84600.0   3.8389999e+26
      85000.0   3.7699998e+26
      85400.0   3.7030001e+26
      85800.0   3.6369999e+26
      86200.0   3.5719999e+26
      86600.0   3.5090002e+26
      87000.0   3.4469999e+26
      87400.0   3.3870000e+26
      87800.0   3.3270002e+26
      88200.0   3.2689999e+26
      88600.0   3.2119998e+26
      89000.0   3.1570001e+26
      89400.0   3.1029999e+26
      89800.0   3.0490000e+26
      90200.0   2.9990001e+26
      90600.0   2.9480000e+26
      91000.0   2.8959999e+26
      91400.0   2.8490000e+26
      91800.0   2.8009999e+26
      92200.0   2.7550000e+26
      92600.0   2.7099999e+26
      93000.0   2.6650000e+26
      93400.0   2.6209999e+26
      93800.0   2.5780000e+26
      94200.0   2.5360001e+26
      94600.0   2.4940000e+26
      95000.0   2.4540001e+26
      95400.0   2.4150000e+26
      95800.0   2.3760000e+26
      96200.0   2.3379999e+26
      96600.0   2.3010000e+26
      97000.0   2.2640001e+26
      97400.0   2.2270000e+26
      97800.0   2.1930000e+26
      98200.0   2.1589999e+26
      98600.0   2.1250000e+26
      99000.0   2.0930000e+26
      99400.0   2.0599999e+26
      99800.0   2.0280000e+26
      100200.   1.9970001e+26
      200000.   1.3580000e+25
      400000.   9.4800001e+23
      600000.   2.1659999e+23
      800000.   8.2019998e+22
  1.00000e+06   4.0939999e+22
  1.20000e+06   2.4370000e+22
  1.40000e+06   1.6160000e+22
  1.60000e+06   1.1530000e+22
