      91.0000       0.0000000
      94.0000       0.0000000
      96.0000       0.0000000
      98.0000       0.0000000
      100.000       0.0000000
      102.000       0.0000000
      104.000       0.0000000
      106.000       0.0000000
      108.000       0.0000000
      110.000       0.0000000
      114.000       0.0000000
      118.000       0.0000000
      121.000       0.0000000
      125.000       0.0000000
      127.000       0.0000000
      128.000       0.0000000
      131.000       0.0000000
      132.000       0.0000000
      134.000       0.0000000
      137.000       0.0000000
      140.000       0.0000000
      143.000       0.0000000
      147.000       0.0000000
      151.000       0.0000000
      155.000       0.0000000
      159.000       0.0000000
      162.000       0.0000000
      166.000       0.0000000
      170.000       0.0000000
      173.000       0.0000000
      177.000       0.0000000
      180.000       0.0000000
      182.000       0.0000000
      186.000       0.0000000
      191.000       0.0000000
      194.000       0.0000000
      198.000       0.0000000
      202.000       0.0000000
      205.000       0.0000000
      210.000       0.0000000
      216.000       0.0000000
      220.000       0.0000000
      223.000       0.0000000
      227.000       0.0000000
      230.000       0.0000000
      234.000       0.0000000
      240.000       0.0000000
      246.000       0.0000000
      252.000       0.0000000
      257.000       0.0000000
      260.000       0.0000000
      264.000       0.0000000
      269.000       0.0000000
      274.000       0.0000000
      279.000       0.0000000
      284.000       0.0000000
      290.000       0.0000000
      296.000       0.0000000
      301.000       0.0000000
      308.000       0.0000000
      318.000       0.0000000
      328.000       0.0000000
      338.000       0.0000000
      348.000       0.0000000
      357.000       0.0000000
      366.000       0.0000000
      375.000       0.0000000
      385.000       0.0000000
      395.000       0.0000000
      405.000       0.0000000
      414.000       0.0000000
      422.000       0.0000000
      430.000       0.0000000
      441.000       0.0000000
      451.000       0.0000000
      460.000       0.0000000
      470.000       0.0000000
      480.000       0.0000000
      490.000       0.0000000
      500.000       0.0000000
      506.000       0.0000000
      512.000       0.0000000
      520.000       0.0000000
      530.000       0.0000000
      540.000       0.0000000
      550.000       0.0000000
      560.000       0.0000000
      570.000       0.0000000
      580.000       0.0000000
      590.000       0.0000000
      600.000       0.0000000
      610.000       0.0000000
      620.000       0.0000000
      630.000       0.0000000
      640.000       0.0000000
      650.000       0.0000000
      658.000       0.0000000
      665.000       0.0000000
      675.000       0.0000000
      685.000       0.0000000
      695.000       0.0000000
      705.000       0.0000000
      716.000       0.0000000
      726.000       0.0000000
      735.000       0.0000000
      745.000       0.0000000
      755.000       0.0000000
      765.000       0.0000000
      775.000       0.0000000
      785.000       0.0000000
      795.000       0.0000000
      805.000       0.0000000
      815.000       0.0000000
      825.000       0.0000000
      835.000       0.0000000
      845.000       0.0000000
      855.000       0.0000000
      865.000       0.0000000
      875.000       0.0000000
      885.000       0.0000000
      895.000       0.0000000
      905.000       0.0000000
      915.000   1.5650098e+22
      925.000   3.8359880e+22
      935.000   6.6353516e+22
      945.000   9.8038505e+22
      955.000   1.2871448e+23
      965.000   1.4641991e+23
      975.000   5.3837863e+22
      985.000   1.2626395e+23
      995.000   1.4370935e+23
      1005.00   2.1791619e+23
      1015.00   2.4889404e+23
      1025.00   1.8345457e+23
      1035.00   2.4630883e+23
      1045.00   4.1584095e+23
      1055.00   4.3727731e+23
      1065.00   3.7516351e+23
      1075.00   4.7454729e+23
      1085.00   4.3553157e+23
      1095.00   6.0191221e+23
      1105.00   6.2009547e+23
      1115.00   6.4636039e+23
      1125.00   6.0450401e+23
      1135.00   8.5856990e+23
      1145.00   8.7530312e+23
      1155.00   9.9036697e+23
      1165.00   1.0707889e+24
      1175.00   7.2439450e+23
      1185.00   1.2447395e+24
      1195.00   1.0913858e+24
      1205.00   9.2730304e+23
      1215.00   1.1888763e+25
      1225.00   1.4078524e+24
      1235.00   1.9671768e+24
      1245.00   2.1791043e+24
      1255.00   2.2105850e+24
      1265.00   2.2054702e+24
      1275.00   2.7674803e+24
      1285.00   3.0276249e+24
      1295.00   2.5093838e+24
      1305.00   2.6910566e+24
      1315.00   3.4780434e+24
      1325.00   3.4379709e+24
      1335.00   3.4078133e+24
      1345.00   3.9325463e+24
      1355.00   3.9813606e+24
      1365.00   3.7225469e+24
      1375.00   3.9481474e+24
      1385.00   4.0700778e+24
      1395.00   3.2150447e+24
      1405.00   3.3860125e+24
      1415.00   4.1947167e+24
      1425.00   4.3590513e+24
      1435.00   4.6513946e+24
      1442.00   4.9233062e+24
      1447.00   5.0428640e+24
      1455.00   4.9782503e+24
      1465.00   4.7401093e+24
      1475.00   5.0051530e+24
      1485.00   5.2466897e+24
      1495.00   5.4084122e+24
      1505.00   5.1895560e+24
      1512.00   4.7462027e+24
      1517.00   5.1069646e+24
      1525.00   5.1315162e+24
      1535.00   4.4435041e+24
      1545.00   4.4685605e+24
      1555.00   4.5165880e+24
      1565.00   5.0524993e+24
      1575.00   5.5754804e+24
      1585.00   5.9877577e+24
      1595.00   6.1670740e+24
      1605.00   6.2834102e+24
      1615.00   6.4066948e+24
      1625.00   6.3278931e+24
      1635.00   6.9388825e+24
      1645.00   7.1765185e+24
      1655.00   6.9809004e+24
      1665.00   7.6221003e+24
      1672.00   6.9614127e+24
      1677.00   8.0660058e+24
      1685.00   8.3630291e+24
      1695.00   8.0433329e+24
      1705.00   7.9862180e+24
      1715.00   7.6433768e+24
      1725.00   7.7278242e+24
      1735.00   8.4496538e+24
      1745.00   8.4498381e+24
      1755.00   9.0614752e+24
      1765.00   8.6659633e+24
      1775.00   8.7466236e+24
      1785.00   9.2111167e+24
      1795.00   9.9299433e+24
      1805.00   1.0275926e+25
      1815.00   9.4769920e+24
      1825.00   9.9706198e+24
      1835.00   9.8366946e+24
      1845.00   9.1020594e+24
      1855.00   9.3750420e+24
      1865.00   9.9061448e+24
      1875.00   1.0864602e+25
      1885.00   1.0079138e+25
      1895.00   9.9085237e+24
      1905.00   1.1435521e+25
      1915.00   1.0471203e+25
      1925.00   1.0289755e+25
      1935.00   1.0838620e+25
      1945.00   1.1740668e+25
      1955.00   1.1041953e+25
      1967.00   1.2579962e+25
      1976.00   1.3059820e+25
      1984.00   1.2597097e+25
      1995.00   1.2580817e+25
      2005.00   1.3238022e+25
      2015.00   1.3139322e+25
      2025.00   1.3697201e+25
      2035.00   1.3410546e+25
      2045.00   1.4305981e+25
      2055.00   1.3450523e+25
      2065.00   1.3858047e+25
      2074.00   1.5686568e+25
      2078.00   1.5415574e+25
      2085.00   1.6429886e+25
      2095.00   1.5711160e+25
      2105.00   1.6050195e+25
      2115.00   1.6934392e+25
      2125.00   1.6927856e+25
      2135.00   1.6332445e+25
      2145.00   1.7336962e+25
      2155.00   1.8134936e+25
      2165.00   1.7621883e+25
      2175.00   1.7920113e+25
      2185.00   1.8513584e+25
      2195.00   1.9689376e+25
      2205.00   1.9489704e+25
      2215.00   1.8349475e+25
      2225.00   1.8772579e+25
      2235.00   2.0887418e+25
      2245.00   2.0503882e+25
      2255.00   1.9015045e+25
      2265.00   1.9477137e+25
      2275.00   2.0290328e+25
      2285.00   2.2088088e+25
      2295.00   2.0418452e+25
      2305.00   2.2034473e+25
      2315.00   2.1064681e+25
      2325.00   2.0279498e+25
      2335.00   1.9224749e+25
      2345.00   1.8042248e+25
      2355.00   2.1686114e+25
      2365.00   1.8668215e+25
      2375.00   2.0359973e+25
      2385.00   1.7719822e+25
      2395.00   1.9556968e+25
      2405.00   1.9293656e+25
      2415.00   2.0608505e+25
      2425.00   2.4725971e+25
      2435.00   2.4292203e+25
      2445.00   2.6748316e+25
      2455.00   2.7267243e+25
      2465.00   2.6787571e+25
      2475.00   2.5310204e+25
      2485.00   2.2925984e+25
      2495.00   2.2165778e+25
      2505.00   2.8265297e+25
      2513.00   2.1921954e+25
      2518.00   2.1185868e+25
      2525.00   2.1496831e+25
      2535.00   2.4697532e+25
      2545.00   2.5093157e+25
      2555.00   3.0540163e+25
      2565.00   2.8269204e+25
      2575.00   3.1718121e+25
      2585.00   3.0777548e+25
      2595.00   2.9938003e+25
      2605.00   2.8343754e+25
      2615.00   2.7451981e+25
      2625.00   3.1526187e+25
      2635.00   3.8532091e+25
      2645.00   4.6235408e+25
      2655.00   5.3716109e+25
      2665.00   4.4172686e+25
      2675.00   4.8381296e+25
      2685.00   5.2021128e+25
      2695.00   4.4630936e+25
      2705.00   4.9536652e+25
      2715.00   4.2659991e+25
      2725.00   4.0754908e+25
      2735.00   4.5957010e+25
      2745.00   3.5009599e+25
      2755.00   4.0576855e+25
      2765.00   4.7219735e+25
      2775.00   5.0525428e+25
      2785.00   4.0129410e+25
      2795.00   2.7663078e+25
      2805.00   3.0067995e+25
      2815.00   5.0437338e+25
      2825.00   6.1250503e+25
      2835.00   5.8686425e+25
      2845.00   5.0981058e+25
      2855.00   3.9262285e+25
      2865.00   6.1523883e+25
      2875.00   7.0671660e+25
      2885.00   6.8044875e+25
      2895.00   7.4789464e+25
      2910.00   9.1681204e+25
      2930.00   8.7262390e+25
      2950.00   8.5768801e+25
      2970.00   9.0088157e+25
      2990.00   9.3723560e+25
      3010.00   9.7198907e+25
      3030.00   1.0294996e+26
      3050.00   1.0988839e+26
      3070.00   1.1533605e+26
      3090.00   1.1587203e+26
      3110.00   1.2788694e+26
      3130.00   1.2553205e+26
      3150.00   1.2709178e+26
      3170.00   1.3957229e+26
      3190.00   1.3166661e+26
      3210.00   1.4581134e+26
      3230.00   1.3624704e+26
      3250.00   1.7200241e+26
      3270.00   1.9732224e+26
      3290.00   1.9957217e+26
      3310.00   1.9685022e+26
      3330.00   2.0376663e+26
      3350.00   2.0340662e+26
      3370.00   1.7000997e+26
      3390.00   1.9485193e+26
      3410.00   2.0426394e+26
      3430.00   2.2251133e+26
      3450.00   2.3147266e+26
      3470.00   2.4448747e+26
      3490.00   2.6945739e+26
      3510.00   2.9057680e+26
      3530.00   2.7725520e+26
      3550.00   3.1941449e+26
      3570.00   2.5912153e+26
      3590.00   2.6106245e+26
      3610.00   3.0835348e+26
      3630.00   3.2462386e+26
      3640.00   3.4024245e+26
      3650.00   3.6891527e+26
      3670.00   3.9067950e+26
      3690.00   3.7440458e+26
      3710.00   4.0788941e+26
      3730.00   4.4765335e+26
      3750.00   3.7517121e+26
      3770.00   4.5498161e+26
      3790.00   4.8430460e+26
      3810.00   4.9556989e+26
      3830.00   3.5342065e+26
      3850.00   4.6683620e+26
      3870.00   4.9082230e+26
      3890.00   5.0024656e+26
      3910.00   6.0322554e+26
      3930.00   3.7236546e+26
      3950.00   5.8294939e+26
      3970.00   4.3158698e+26
      3990.00   7.7870063e+26
      4010.00   8.5827481e+26
      4030.00   8.6554649e+26
      4050.00   8.6211143e+26
      4070.00   8.4909092e+26
      4090.00   9.7426285e+26
      4110.00   9.2858474e+26
      4130.00   9.7324628e+26
      4150.00   9.8303163e+26
      4170.00   1.0196916e+27
      4190.00   1.0127006e+27
      4210.00   1.0371504e+27
      4230.00   1.0172341e+27
      4250.00   1.0701443e+27
      4270.00   1.0392398e+27
      4290.00   9.9841057e+26
      4310.00   8.8697449e+26
      4330.00   1.2179989e+27
      4350.00   1.2070955e+27
      4370.00   1.3460306e+27
      4390.00   1.2651690e+27
      4410.00   1.3629018e+27
      4430.00   1.4927084e+27
      4450.00   1.5217234e+27
      4470.00   1.6334333e+27
      4490.00   1.6956479e+27
      4510.00   1.8961605e+27
      4530.00   1.7449625e+27
      4550.00   1.8426399e+27
      4570.00   1.9926373e+27
      4590.00   1.9434460e+27
      4610.00   2.0271574e+27
      4630.00   2.0396616e+27
      4650.00   2.0897420e+27
      4670.00   2.2001101e+27
      4690.00   2.2124099e+27
      4710.00   2.1974568e+27
      4730.00   2.2940247e+27
      4750.00   2.3750942e+27
      4770.00   2.3932086e+27
      4790.00   2.4368129e+27
      4810.00   2.4911896e+27
      4830.00   2.5672755e+27
      4850.00   2.5147776e+27
      4870.00   2.3614415e+27
      4890.00   2.6350044e+27
      4910.00   2.6878396e+27
      4930.00   2.6767580e+27
      4950.00   2.8139428e+27
      4970.00   2.8476980e+27
      4990.00   2.7271900e+27
      5010.00   3.2062332e+27
      5030.00   2.8387561e+27
      5050.00   2.8602447e+27
      5070.00   3.0030103e+27
      5090.00   2.9244339e+27
      5110.00   3.0183942e+27
      5130.00   2.9849050e+27
      5150.00   2.9357751e+27
      5170.00   2.8192415e+27
      5190.00   2.9564749e+27
      5210.00   3.1563399e+27
      5230.00   3.4067961e+27
      5250.00   3.5808723e+27
      5270.00   3.2922348e+27
      5290.00   3.7242147e+27
      5310.00   3.9495243e+27
      5330.00   3.6407274e+27
      5350.00   3.9662658e+27
      5370.00   3.9937759e+27
      5390.00   3.9883799e+27
      5410.00   3.9886923e+27
      5430.00   4.0882970e+27
      5450.00   4.2357704e+27
      5470.00   4.2558280e+27
      5490.00   4.3252149e+27
      5510.00   4.3598999e+27
      5530.00   4.5409182e+27
      5550.00   4.6606887e+27
      5570.00   4.6291802e+27
      5590.00   4.6035397e+27
      5610.00   4.7908319e+27
      5630.00   4.8717820e+27
      5650.00   4.9900668e+27
      5670.00   4.9543632e+27
      5690.00   5.1406155e+27
      5710.00   5.0538099e+27
      5730.00   5.4478179e+27
      5750.00   5.3797974e+27
      5770.00   5.4964265e+27
      5790.00   5.4103263e+27
      5810.00   5.6354538e+27
      5830.00   5.8210245e+27
      5850.00   5.7477139e+27
      5870.00   5.8369554e+27
      5890.00   5.2349589e+27
      5910.00   5.8702813e+27
      5930.00   6.0071512e+27
      5950.00   6.0847269e+27
      5970.00   6.2389951e+27
      5990.00   6.2417003e+27
      6010.00   6.2430608e+27
      6030.00   6.4334355e+27
      6050.00   6.6053925e+27
      6070.00   6.6513389e+27
      6090.00   6.5702083e+27
      6110.00   6.6555044e+27
      6130.00   6.4357611e+27
      6150.00   6.6850489e+27
      6170.00   6.4769932e+27
      6190.00   6.8808009e+27
      6210.00   6.9159578e+27
      6230.00   6.8287539e+27
      6250.00   6.7298369e+27
      6270.00   7.0637315e+27
      6290.00   7.2462122e+27
      6310.00   7.0227653e+27
      6330.00   7.1746264e+27
      6350.00   7.2904725e+27
      6370.00   7.3601080e+27
      6390.00   7.5172779e+27
      6410.00   7.4684327e+27
      6430.00   7.6094797e+27
      6450.00   7.6705803e+27
      6470.00   7.7268643e+27
      6490.00   7.6851732e+27
      6510.00   8.0030712e+27
      6530.00   8.1126394e+27
      6550.00   8.1599642e+27
      6570.00   8.0490220e+27
      6590.00   8.4637472e+27
      6610.00   8.4400565e+27
      6630.00   8.4970576e+27
      6650.00   8.5843681e+27
      6670.00   8.5390772e+27
      6690.00   8.7417575e+27
      6710.00   8.7106959e+27
      6730.00   9.0087513e+27
      6750.00   8.8163985e+27
      6770.00   8.9450124e+27
      6790.00   8.9717204e+27
      6810.00   9.0866036e+27
      6830.00   9.2643664e+27
      6850.00   9.1764396e+27
      6870.00   9.3672448e+27
      6890.00   9.5721442e+27
      6910.00   9.6326419e+27
      6930.00   9.6808604e+27
      6950.00   9.7584794e+27
      6970.00   9.9453621e+27
      6990.00   9.9811128e+27
      7010.00   9.9725589e+27
      7030.00   1.0218908e+28
      7050.00   1.0348473e+28
      7070.00   1.0255378e+28
      7090.00   1.0152296e+28
      7110.00   1.0071805e+28
      7130.00   1.0082199e+28
      7150.00   1.0077403e+28
      7170.00   1.0286958e+28
      7190.00   1.0164082e+28
      7210.00   1.0420679e+28
      7230.00   1.0715307e+28
      7250.00   1.0853548e+28
      7270.00   1.0999924e+28
      7290.00   1.0962564e+28
      7310.00   1.1260909e+28
      7330.00   1.1393050e+28
      7350.00   1.1525009e+28
      7370.00   1.1838868e+28
      7390.00   1.1754932e+28
      7410.00   1.1750587e+28
      7430.00   1.2078621e+28
      7450.00   1.2196565e+28
      7470.00   1.2400095e+28
      7490.00   1.2457497e+28
      7510.00   1.2655995e+28
      7530.00   1.2888208e+28
      7550.00   1.3058850e+28
      7570.00   1.3109654e+28
      7590.00   1.3045573e+28
      7610.00   1.3069228e+28
      7630.00   1.3033627e+28
      7650.00   1.3004194e+28
      7670.00   1.2643522e+28
      7690.00   1.3041258e+28
      7710.00   1.2920593e+28
      7730.00   1.3082074e+28
      7750.00   1.3096361e+28
      7770.00   1.3382321e+28
      7790.00   1.3511773e+28
      7810.00   1.3615019e+28
      7830.00   1.3601140e+28
      7850.00   1.3603731e+28
      7870.00   1.3880098e+28
      7890.00   1.3826542e+28
      7910.00   1.3686723e+28
      7930.00   1.3796941e+28
      7950.00   1.3784327e+28
      7970.00   1.4257087e+28
      7990.00   1.4341297e+28
      8010.00   1.4629097e+28
      8030.00   1.4763528e+28
      8050.00   1.4829614e+28
      8070.00   1.5024350e+28
      8090.00   1.5030501e+28
      8110.00   1.5257125e+28
      8130.00   1.5577214e+28
      8150.00   1.5777852e+28
      8170.00   1.5969733e+28
      8190.00   1.5653703e+28
      8210.00   1.5771268e+28
      8230.00   1.5952442e+28
      8250.00   1.6071086e+28
      8270.00   1.6286401e+28
      8290.00   1.6287705e+28
      8310.00   1.6070257e+28
      8330.00   1.6012363e+28
      8350.00   1.6227822e+28
      8370.00   1.6367270e+28
      8390.00   1.5981680e+28
      8410.00   1.6546594e+28
      8430.00   1.6119918e+28
      8450.00   1.6165626e+28
      8470.00   1.6199127e+28
      8490.00   1.6301273e+28
      8510.00   1.5750175e+28
      8530.00   1.6435365e+28
      8550.00   1.4786575e+28
      8570.00   1.7020477e+28
      8590.00   1.6969303e+28
      8610.00   1.7121352e+28
      8630.00   1.7420019e+28
      8650.00   1.7476626e+28
      8670.00   1.5635238e+28
      8690.00   1.7302830e+28
      8710.00   1.7917671e+28
      8730.00   1.8099884e+28
      8750.00   1.7997903e+28
      8770.00   1.8364931e+28
      8790.00   1.8561534e+28
      8810.00   1.8385763e+28
      8830.00   1.8569996e+28
      8850.00   1.8745289e+28
      8870.00   1.8408651e+28
      8890.00   1.8811431e+28
      8910.00   1.9011148e+28
      8930.00   1.8890414e+28
      8950.00   1.8969227e+28
      8970.00   1.9156360e+28
      8990.00   1.9290174e+28
      9010.00   1.8829396e+28
      9030.00   1.9492157e+28
      9050.00   2.0142885e+28
      9070.00   2.1799734e+28
      9090.00   1.9890508e+28
      9110.00   2.0127630e+28
      9130.00   2.0420805e+28
      9150.00   2.0458079e+28
      9170.00   2.0566684e+28
      9190.00   2.0820512e+28
      9210.00   2.0362484e+28
      9230.00   2.0057761e+28
      9250.00   2.0160247e+28
      9270.00   2.0337026e+28
      9290.00   2.0261791e+28
      9310.00   2.0470239e+28
      9330.00   2.0589148e+28
      9350.00   2.0586510e+28
      9370.00   2.0414312e+28
      9390.00   2.0808414e+28
      9410.00   2.0586701e+28
      9430.00   2.1061788e+28
      9450.00   2.0930555e+28
      9470.00   2.1363417e+28
      9490.00   2.1467517e+28
      9510.00   2.1364666e+28
      9530.00   2.1506040e+28
      9550.00   2.1192257e+28
      9570.00   2.1512619e+28
      9590.00   2.1857592e+28
      9610.00   2.1699047e+28
      9630.00   2.1866695e+28
      9650.00   2.1588372e+28
      9670.00   2.1705079e+28
      9690.00   2.2072760e+28
      9710.00   2.1922118e+28
      9730.00   2.1870155e+28
      9750.00   2.1935473e+28
      9770.00   2.2119958e+28
      9790.00   2.1944706e+28
      9810.00   2.2491499e+28
      9830.00   2.2435633e+28
      9850.00   2.2657164e+28
      9870.00   2.2634459e+28
      9890.00   2.2698549e+28
      9910.00   2.2638229e+28
      9930.00   2.2825483e+28
      9950.00   2.2959903e+28
      9970.00   2.3058656e+28
      9990.00   2.3121193e+28
      10025.0   2.3218198e+28
      10075.0   2.3194634e+28
      10125.0   2.3667614e+28
      10175.0   2.3674473e+28
      10225.0   2.3981575e+28
      10275.0   2.4270401e+28
      10325.0   2.4383928e+28
      10375.0   2.4373581e+28
      10425.0   2.4718903e+28
      10475.0   2.4558373e+28
      10525.0   2.4490869e+28
      10575.0   2.4228930e+28
      10625.0   2.4249516e+28
      10675.0   2.4270804e+28
      10725.0   2.4662005e+28
      10775.0   2.4779751e+28
      10825.0   2.4917148e+28
      10875.0   2.4940293e+28
      10925.0   2.5132441e+28
      10975.0   2.5109176e+28
      11025.0   2.5210983e+28
      11075.0   2.5101857e+28
      11125.0   2.5219184e+28
      11175.0   2.5239520e+28
      11225.0   2.5446171e+28
      11275.0   2.5363104e+28
      11325.0   2.5541197e+28
      11375.0   2.5521594e+28
      11425.0   2.5472166e+28
      11475.0   2.5968136e+28
      11525.0   2.6115163e+28
      11575.0   2.6030788e+28
      11625.0   2.5837328e+28
      11675.0   2.6025882e+28
      11725.0   2.6266117e+28
      11775.0   2.5855091e+28
      11825.0   2.5801124e+28
      11875.0   2.5542580e+28
      11925.0   2.6085992e+28
      11975.0   2.5490767e+28
      12025.0   2.6149013e+28
      12075.0   2.6164285e+28
      12125.0   2.6398476e+28
      12175.0   2.6621518e+28
      12225.0   2.6661236e+28
      12275.0   2.6657429e+28
      12325.0   2.6696463e+28
      12375.0   2.6785363e+28
      12425.0   2.6590813e+28
      12475.0   2.6676112e+28
      12525.0   2.6632910e+28
      12575.0   2.6722074e+28
      12625.0   2.6729760e+28
      12675.0   2.6718798e+28
      12725.0   2.6878277e+28
      12775.0   2.7025335e+28
      12825.0   2.6527354e+28
      12875.0   2.6941963e+28
      12925.0   2.6848540e+28
      12975.0   2.7218439e+28
      13025.0   2.7116215e+28
      13075.0   2.7284477e+28
      13125.0   2.6911204e+28
      13175.0   2.6978072e+28
      13225.0   2.7113276e+28
      13275.0   2.6822800e+28
      13325.0   2.6973465e+28
      13375.0   2.6870460e+28
      13425.0   2.7014581e+28
      13475.0   2.6936093e+28
      13525.0   2.6916656e+28
      13575.0   2.6676353e+28
      13625.0   2.6667264e+28
      13675.0   2.6912028e+28
      13725.0   2.7107328e+28
      13775.0   2.7147437e+28
      13825.0   2.7276439e+28
      13875.0   2.7144878e+28
      13925.0   2.6718197e+28
      13975.0   2.6728353e+28
      14025.0   2.6549763e+28
      14075.0   2.6847116e+28
      14125.0   2.6719030e+28
      14175.0   2.7005265e+28
      14225.0   2.6818448e+28
      14275.0   2.6603977e+28
      14325.0   2.7136077e+28
      14375.0   2.7321816e+28
      14425.0   2.6907782e+28
      14475.0   2.7460850e+28
      14525.0   2.7304209e+28
      14570.0   2.7526447e+28
      14620.0   2.7424607e+28
      14675.0   2.7480862e+28
      14725.0   2.7304097e+28
      14775.0   2.7576814e+28
      14825.0   2.7739732e+28
      14875.0   2.7584286e+28
      14925.0   2.8243951e+28
      14975.0   2.8123281e+28
      15025.0   2.7868994e+28
      15075.0   2.8007276e+28
      15125.0   2.8599976e+28
      15175.0   2.8757133e+28
      15225.0   2.8841065e+28
      15275.0   2.9114117e+28
      15325.0   2.9136321e+28
      15375.0   2.9296635e+28
      15425.0   2.9311942e+28
      15475.0   2.9475629e+28
      15525.0   2.9373038e+28
      15575.0   2.8808248e+28
      15625.0   2.9195103e+28
      15675.0   2.9192224e+28
      15725.0   2.9685747e+28
      15775.0   2.8425610e+28
      15825.0   2.8784202e+28
      15875.0   2.8680400e+28
      15925.0   2.9581227e+28
      15975.0   2.9207766e+28
      16050.0   2.9339278e+28
      16150.0   2.9658459e+28
      16250.0   2.9395685e+28
      16350.0   3.0176012e+28
      16450.0   2.9131222e+28
      16550.0   3.0050764e+28
      16650.0   2.9390873e+28
      16750.0   2.9572270e+28
      16850.0   2.9121459e+28
      16950.0   2.9536681e+28
      17050.0   2.9128234e+28
      17150.0   2.8919547e+28
      17250.0   2.8592667e+28
      17350.0   2.7834467e+28
      17450.0   2.7812080e+28
      17550.0   2.7405017e+28
      17650.0   2.7056930e+28
      17750.0   2.6503227e+28
      17850.0   2.6221397e+28
      17950.0   2.5748875e+28
      18050.0   2.5242816e+28
      18150.0   2.4899032e+28
      18250.0   2.4738505e+28
      18350.0   2.4503731e+28
      18450.0   2.4130112e+28
      18550.0   2.3996112e+28
      18650.0   2.3501908e+28
      18750.0   2.3453894e+28
      18850.0   2.3197118e+28
      18950.0   2.2629721e+28
      19050.0   2.2955610e+28
      19150.0   2.2692431e+28
      19250.0   2.2574659e+28
      19350.0   2.2159285e+28
      19450.0   2.1773226e+28
      19550.0   2.1824272e+28
      19650.0   2.1581158e+28
      19750.0   2.1131720e+28
      19850.0   2.1027793e+28
      19950.0   2.0901241e+28
      20050.0   2.0917992e+28
      20150.0   2.0765507e+28
      20250.0   2.0421267e+28
      20350.0   2.0305275e+28
      20450.0   2.0375956e+28
      20550.0   2.0213468e+28
      20650.0   2.0023304e+28
      20750.0   1.9954342e+28
      20850.0   1.9822420e+28
      20950.0   1.9619696e+28
      21050.0   1.9664053e+28
      21150.0   1.9481965e+28
      21250.0   1.9369980e+28
      21350.0   1.9341288e+28
      21450.0   1.9211837e+28
      21550.0   1.9058466e+28
      21650.0   1.8807805e+28
      21750.0   1.8671616e+28
      21850.0   1.8565060e+28
      21950.0   1.8463090e+28
      22050.0   1.8101013e+28
      22150.0   1.8188565e+28
      22250.0   1.7856553e+28
      22350.0   1.7760774e+28
      22450.0   1.7619601e+28
      22550.0   1.7513239e+28
      22650.0   1.7242616e+28
      22750.0   1.7228821e+28
      22850.0   1.6967848e+28
      22950.0   1.4856053e+28
      23050.0   1.5628418e+28
      23150.0   1.5573619e+28
      23250.0   1.3816503e+28
      23350.0   1.4648075e+28
      23450.0   1.4393255e+28
      23550.0   1.3003917e+28
      23650.0   1.3897753e+28
      23750.0   1.3602448e+28
      23850.0   1.2500727e+28
      23950.0   1.3159656e+28
      24050.0   1.3045587e+28
      24150.0   1.2082360e+28
      24250.0   1.2507325e+28
      24350.0   1.2386953e+28
      24450.0   1.1785751e+28
      24550.0   1.1684146e+28
      24650.0   1.1893050e+28
      24750.0   1.1526270e+28
      24850.0   1.0923094e+28
      24950.0   1.1063648e+28
      25050.0   1.1247278e+28
      25150.0   1.0564768e+28
      25250.0   1.0865673e+28
      25350.0   1.0879986e+28
      25450.0   1.0697320e+28
      25550.0   1.0615676e+28
      25650.0   1.0671247e+28
      25750.0   1.0744494e+28
      25850.0   1.0390032e+28
      25950.0   1.0514695e+28
      26050.0   1.0578568e+28
      26150.0   1.0429825e+28
      26250.0   1.0358701e+28
      26350.0   1.0377883e+28
      26450.0   1.0341976e+28
      26550.0   1.0232967e+28
      26650.0   1.0086089e+28
      26750.0   1.0248794e+28
      26850.0   1.0164342e+28
      26950.0   9.9861745e+27
      27050.0   1.0019843e+28
      27150.0   9.9600684e+27
      27250.0   9.9463998e+27
      27350.0   9.7811087e+27
      27450.0   9.8133108e+27
      27550.0   9.7787355e+27
      27650.0   9.6859321e+27
      27750.0   9.5812747e+27
      27850.0   9.5848694e+27
      27950.0   9.5784879e+27
      28050.0   9.5031623e+27
      28150.0   9.4031372e+27
      28250.0   9.3770825e+27
      28350.0   9.3604539e+27
      28450.0   9.2759999e+27
      28550.0   9.1679999e+27
      28650.0   9.0710002e+27
      28750.0   8.9599998e+27
      28850.0   8.8799999e+27
      28950.0   8.7840001e+27
      29050.0   8.6800000e+27
      29150.0   8.5969997e+27
      29250.0   8.4490002e+27
      29350.0   8.4139997e+27
      29450.0   8.2990001e+27
      29550.0   8.2139998e+27
      29650.0   8.1440002e+27
      29750.0   8.0550001e+27
      29850.0   7.9539999e+27
      29950.0   7.8649998e+27
      30050.0   7.7810002e+27
      30150.0   7.7200002e+27
      30250.0   7.6260003e+27
      30350.0   7.5210002e+27
      30450.0   7.4829999e+27
      30550.0   7.4030001e+27
      30650.0   7.3280001e+27
      30750.0   7.2700000e+27
      30850.0   7.1790000e+27
      30950.0   7.1219998e+27
      31050.0   7.0710000e+27
      31150.0   6.9610002e+27
      31250.0   6.9259998e+27
      31350.0   6.8609999e+27
      31450.0   6.7930002e+27
      31550.0   6.7160003e+27
      31650.0   6.6470000e+27
      31750.0   6.5990001e+27
      31850.0   6.5360002e+27
      31950.0   6.4839998e+27
      32100.0   6.3890000e+27
      32300.0   6.2699999e+27
      32500.0   6.1600001e+27
      32700.0   6.0410000e+27
      32900.0   5.9140002e+27
      33100.0   5.8189997e+27
      33300.0   5.7079999e+27
      33500.0   5.6160000e+27
      33700.0   5.5080000e+27
      33900.0   5.3980002e+27
      34100.0   5.2920002e+27
      34300.0   5.2079999e+27
      34500.0   5.1120001e+27
      34700.0   5.0129998e+27
      34900.0   4.9220001e+27
      35100.0   4.8349999e+27
      35300.0   4.7369999e+27
      35500.0   4.6549999e+27
      35700.0   4.5650001e+27
      35900.0   4.4810001e+27
      36100.0   4.4060001e+27
      36300.0   4.3230001e+27
      36500.0   4.2340000e+27
      36700.0   4.1560001e+27
      36900.0   4.0689999e+27
      37100.0   3.9910000e+27
      37300.0   3.9290001e+27
      37500.0   3.8390000e+27
      37700.0   3.7889999e+27
      37900.0   3.7150001e+27
      38100.0   3.6490000e+27
      38300.0   3.5860001e+27
      38500.0   3.5220000e+27
      38700.0   3.4460000e+27
      38900.0   3.3850000e+27
      39100.0   3.3249999e+27
      39300.0   3.2640000e+27
      39500.0   3.1920001e+27
      39700.0   3.1350000e+27
      39900.0   3.0609999e+27
      40100.0   3.0149999e+27
      40300.0   2.9640001e+27
      40500.0   2.9902895e+27
      40700.0   2.8510021e+27
      40900.0   2.8010000e+27
      41100.0   2.7510001e+27
      41300.0   2.7039999e+27
      41500.0   2.6520001e+27
      41700.0   2.6039999e+27
      41900.0   2.5550001e+27
      42100.0   2.5059999e+27
      42300.0   2.4730000e+27
      42500.0   2.4240000e+27
      42700.0   2.3860000e+27
      42900.0   2.2520001e+27
      43100.0   2.1140000e+27
      43300.0   2.1190001e+27
      43500.0   1.9980001e+27
      43700.0   1.9380000e+27
      43900.0   1.8909999e+27
      44100.0   1.8060000e+27
      44300.0   1.7650000e+27
      44500.0   1.7310000e+27
      44700.0   1.6730000e+27
      44900.0   1.6650000e+27
      45100.0   1.6270000e+27
      45300.0   1.5860000e+27
      45500.0   1.5770000e+27
      45700.0   1.5540001e+27
      45900.0   1.4980000e+27
      46100.0   1.5070000e+27
      46300.0   1.4770000e+27
      46500.0   1.4610000e+27
      46700.0   1.4590001e+27
      46900.0   1.4290001e+27
      47100.0   1.4030000e+27
      47300.0   1.4089999e+27
      47500.0   1.3690000e+27
      47700.0   1.3599999e+27
      47900.0   1.3460000e+27
      48100.0   1.3060000e+27
      48300.0   1.3210000e+27
      48500.0   1.2879999e+27
      48700.0   1.2620001e+27
      48900.0   1.2450000e+27
      49100.0   1.2270000e+27
      49300.0   1.2140000e+27
      49500.0   1.1900000e+27
      49700.0   1.1870000e+27
      49900.0   1.1660000e+27
      50100.0   1.1520000e+27
      50300.0   1.1370000e+27
      50500.0   1.1120000e+27
      50700.0   1.1040000e+27
      50900.0   1.0900000e+27
      51100.0   1.0700000e+27
      51300.0   1.0630000e+27
      51500.0   1.0440000e+27
      51700.0   1.0400000e+27
      51900.0   1.0200000e+27
      52100.0   1.0100000e+27
      52300.0   9.9240000e+26
      52500.0   9.8560002e+26
      52700.0   9.8250001e+26
      52900.0   9.5830002e+26
      53100.0   9.4589997e+26
      53300.0   9.3930002e+26
      53500.0   9.2780002e+26
      53700.0   9.1830002e+26
      53900.0   9.0810001e+26
      54100.0   8.9749999e+26
      54300.0   8.8049999e+26
      54500.0   8.7739998e+26
      54700.0   8.6199997e+26
      54900.0   8.5369997e+26
      55100.0   8.4139997e+26
      55300.0   8.4520000e+26
      55500.0   8.2100002e+26
      55700.0   8.2070000e+26
      55900.0   8.0640001e+26
      56100.0   8.0110004e+26
      56300.0   7.8559998e+26
      56500.0   7.8249996e+26
      56700.0   7.7289998e+26
      56900.0   7.5850001e+26
      57100.0   7.5640003e+26
      57300.0   7.4700002e+26
      57500.0   7.3809998e+26
      57700.0   7.2830003e+26
      57900.0   7.2379999e+26
      58100.0   7.1220001e+26
      58300.0   7.0479999e+26
      58500.0   6.9710002e+26
      58700.0   6.8610001e+26
      58900.0   6.7919997e+26
      59100.0   6.7169996e+26
      59300.0   6.6510001e+26
      59500.0   6.5570000e+26
      59700.0   6.5050001e+26
      59900.0   6.4290002e+26
      60100.0   6.3550000e+26
      60300.0   6.2800000e+26
      60500.0   6.1870000e+26
      60700.0   6.1199999e+26
      60900.0   6.0480001e+26
      61100.0   5.9690000e+26
      61300.0   5.9150001e+26
      61500.0   5.8540001e+26
      61700.0   5.7979998e+26
      61900.0   5.7280000e+26
      62100.0   5.6700001e+26
      62300.0   5.5930000e+26
      62500.0   5.5160000e+26
      62700.0   5.4550000e+26
      62900.0   5.3979999e+26
      63100.0   5.3340000e+26
      63300.0   5.2889999e+26
      63500.0   5.2190001e+26
      63700.0   5.1760000e+26
      63900.0   5.0969999e+26
      64200.0   5.0210001e+26
      64600.0   4.9040001e+26
      65000.0   4.7960000e+26
      65400.0   4.6879998e+26
      65800.0   4.5889998e+26
      66200.0   4.4839999e+26
      66600.0   4.3860001e+26
      67000.0   4.2919999e+26
      67400.0   4.1949999e+26
      67800.0   4.1030001e+26
      68200.0   4.0129999e+26
      68600.0   3.9290001e+26
      69000.0   3.8420000e+26
      69400.0   3.7599998e+26
      69800.0   3.6800000e+26
      70200.0   3.6000002e+26
      70600.0   3.5250001e+26
      71000.0   3.4500001e+26
      71400.0   3.3779999e+26
      71800.0   3.3060000e+26
      72200.0   3.2380002e+26
      72600.0   3.1690001e+26
      73000.0   3.1040001e+26
      73400.0   3.0400000e+26
      73800.0   2.9779999e+26
      74200.0   2.9150001e+26
      74600.0   2.8540000e+26
      75000.0   2.7969999e+26
      75400.0   2.7410000e+26
      75800.0   2.6880000e+26
      76200.0   2.6350001e+26
      76600.0   2.5820000e+26
      77000.0   2.5309999e+26
      77400.0   2.4810000e+26
      77800.0   2.4329999e+26
      78200.0   2.3850000e+26
      78600.0   2.3389999e+26
      79000.0   2.2940000e+26
      79400.0   2.2499999e+26
      79800.0   2.2070000e+26
      80200.0   2.1640001e+26
      80600.0   2.1230000e+26
      81000.0   2.0840001e+26
      81400.0   2.0440000e+26
      81800.0   2.0070000e+26
      82200.0   1.9689999e+26
      82600.0   1.9330000e+26
      83000.0   1.8970001e+26
      83400.0   1.8620000e+26
      83800.0   1.8280000e+26
      84200.0   1.7949999e+26
      84600.0   1.7620000e+26
      85000.0   1.7310000e+26
      85400.0   1.6999999e+26
      85800.0   1.6700000e+26
      86200.0   1.6400000e+26
      86600.0   1.6109999e+26
      87000.0   1.5830000e+26
      87400.0   1.5550000e+26
      87800.0   1.5280000e+26
      88200.0   1.5010000e+26
      88600.0   1.4750000e+26
      89000.0   1.4490000e+26
      89400.0   1.4250000e+26
      89800.0   1.4000000e+26
      90200.0   1.3770000e+26
      90600.0   1.3540000e+26
      91000.0   1.3300000e+26
      91400.0   1.3080000e+26
      91800.0   1.2860000e+26
      92200.0   1.2650000e+26
      92600.0   1.2440000e+26
      93000.0   1.2240000e+26
      93400.0   1.2030000e+26
      93800.0   1.1840000e+26
      94200.0   1.1640000e+26
      94600.0   1.1450000e+26
      95000.0   1.1270000e+26
      95400.0   1.1090000e+26
      95800.0   1.0910000e+26
      96200.0   1.0740000e+26
      96600.0   1.0570000e+26
      97000.0   1.0400000e+26
      97400.0   1.0230000e+26
      97800.0   1.0070000e+26
      98200.0   9.9139997e+25
      98600.0   9.7599998e+25
      99000.0   9.6090003e+25
      99400.0   9.4589997e+25
      99800.0   9.3130002e+25
      100200.   9.1700001e+25
      200000.   6.2039997e+24
      400000.   4.2110000e+23
      600000.   9.2149998e+22
      800000.   3.3239999e+22
  1.00000e+06   1.5830000e+22
  1.20000e+06   9.0260001e+21
  1.40000e+06   5.7780001e+21
  1.60000e+06   4.0079999e+21
