       91.000000    0.0016265962
       94.000000    0.0016549030
       96.000000    0.0016640682
       98.000000    0.0016742095
       100.00000    0.0016850154
       102.00000    0.0016965328
       104.00000    0.0017087241
       106.00000    0.0017216029
       108.00000    0.0017352756
       110.00000    0.0017492164
       114.00000    0.0017789751
       118.00000    0.0018099892
       121.00000    0.0018336549
       125.00000    0.0018660657
       127.00000    0.0018826033
       128.00000    0.0018909424
       131.00000    0.0019160584
       132.00000    0.0019245878
       134.00000    0.0019452568
       137.00000    0.0019849803
       140.00000    0.0020249538
       143.00000    0.0020656488
       147.00000    0.0021213679
       151.00000    0.0021782693
       155.00000    0.0022368847
       159.00000    0.0022967916
       162.00000    0.0023480834
       166.00000    0.0024238398
       170.00000    0.0025022811
       173.00000    0.0025625269
       177.00000    0.0026450089
       180.00000    0.0027086698
       182.00000    0.0027523600
       186.00000    0.0028406279
       191.00000    0.0029496163
       194.00000    0.0030139017
       198.00000    0.0031013324
       202.00000    0.0031916884
       205.00000    0.0032608848
       210.00000    0.0033793293
       216.00000    0.0035274412
       220.00000    0.0036287647
       223.00000    0.0037069529
       227.00000    0.0038138497
       230.00000     0.049837055
       234.00000     0.048507188
       240.00000     0.046621449
       246.00000     0.044870887
       252.00000     0.043276293
       257.00000     0.042058152
       260.00000     0.041223392
       264.00000     0.040370220
       269.00000     0.039084750
       274.00000     0.037864359
       279.00000     0.036477730
       284.00000     0.035595919
       290.00000     0.034411794
       296.00000     0.033082847
       301.00000     0.032016786
       308.00000     0.030836872
       318.00000     0.029057757
       328.00000     0.027328142
       338.00000     0.025647176
       348.00000     0.024128928
       357.00000     0.023286403
       366.00000     0.022889864
       375.00000     0.021832807
       385.00000     0.020350456
       395.00000     0.020122006
       405.00000     0.019726056
       414.00000     0.018867692
       422.00000     0.017921244
       430.00000     0.017154731
       441.00000     0.016714509
       451.00000     0.016045203
       460.00000     0.015099642
       470.00000     0.014497570
       480.00000     0.014177760
       490.00000     0.013240353
       500.00000     0.013217361
       506.00000     0.012561948
       512.00000     0.013408445
       520.00000     0.012833282
       530.00000     0.012123058
       540.00000     0.011143237
       550.00000     0.010637615
       560.00000     0.010938416
       570.00000     0.010883328
       580.00000     0.010461999
       590.00000     0.010150982
       600.00000    0.0093735652
       610.00000    0.0089270186
       620.00000    0.0092434438
       630.00000    0.0087573631
       640.00000    0.0087829160
       650.00000    0.0083991050
       658.00000    0.0079808884
       665.00000    0.0081234644
       675.00000    0.0080076466
       685.00000    0.0074022366
       695.00000    0.0075280300
       705.00000    0.0068340157
       716.00000    0.0071561477
       726.00000    0.0069963117
       735.00000    0.0068355958
       745.00000    0.0065634225
       755.00000    0.0063639137
       765.00000    0.0059432089
       775.00000    0.0060327409
       785.00000    0.0056618853
       795.00000    0.0056854911
       805.00000    0.0056142680
       815.00000    0.0054895766
       825.00000    0.0053814429
       835.00000    0.0048336479
       845.00000    0.0050898683
       855.00000    0.0049287890
       865.00000    0.0048885190
       875.00000    0.0047909673
       885.00000    0.0046847531
       895.00000    0.0045904544
       905.00000    0.0044621145
       915.00000     0.011420333
       925.00000     0.015156937
       935.00000     0.018747249
       945.00000     0.021984051
       955.00000     0.023648215
       965.00000     0.024617459
       975.00000     0.014731363
       985.00000     0.020728787
       995.00000     0.019728584
       1005.0000     0.021978756
       1015.0000     0.022102199
       1025.0000     0.017397085
       1035.0000     0.019864622
       1045.0000     0.023598308
       1055.0000     0.022633662
       1065.0000     0.019976252
       1075.0000     0.020909861
       1085.0000     0.018766685
       1095.0000     0.020674699
       1105.0000     0.019665111
       1115.0000     0.019084894
       1125.0000     0.017222082
       1135.0000     0.019069391
       1145.0000     0.018153643
       1155.0000     0.017926066
       1165.0000     0.017462150
       1175.0000     0.013394030
       1185.0000     0.016469653
       1195.0000     0.014775568
       1205.0000     0.013107888
       1215.0000     0.011244647
       1225.0000     0.014286604
       1235.0000     0.015824146
       1245.0000     0.016101372
       1255.0000     0.015843782
       1265.0000     0.015436899
       1275.0000     0.016416652
       1285.0000     0.016515315
       1295.0000     0.014814433
       1305.0000     0.014798284
       1315.0000     0.016066659
       1325.0000     0.015481568
       1335.0000     0.014583035
       1345.0000     0.015471944
       1355.0000     0.015113604
       1365.0000     0.014246093
       1375.0000     0.014187568
       1385.0000     0.014050141
       1395.0000     0.011809408
       1405.0000     0.011521778
       1415.0000     0.013257329
       1425.0000     0.012951342
       1435.0000     0.013129901
       1442.0000     0.013231958
       1447.0000     0.013192059
       1455.0000     0.012862624
       1465.0000     0.012301925
       1475.0000     0.012292990
       1485.0000     0.012327020
       1495.0000     0.012181956
       1505.0000     0.011763354
       1512.0000     0.011100300
       1517.0000     0.011299862
       1525.0000     0.011194837
       1535.0000     0.010212623
       1545.0000    0.0097351616
       1555.0000    0.0096556398
       1565.0000     0.010120826
       1575.0000     0.010557721
       1585.0000     0.010776359
       1595.0000     0.010827509
       1605.0000     0.010487396
       1615.0000     0.010472627
       1625.0000     0.010255392
       1635.0000     0.010528483
       1645.0000     0.010743987
       1655.0000     0.010209742
       1665.0000     0.010957824
       1672.0000     0.010048272
       1677.0000     0.011692560
       1685.0000     0.011842348
       1695.0000     0.011352495
       1705.0000     0.011381931
       1715.0000     0.011617101
       1725.0000     0.011744111
       1735.0000     0.012567509
       1745.0000     0.012420557
       1755.0000     0.013374867
       1765.0000     0.012107993
       1775.0000     0.012785979
       1785.0000     0.013247555
       1795.0000     0.014717411
       1805.0000     0.015044611
       1815.0000     0.014721464
       1825.0000     0.014608674
       1835.0000     0.014615451
       1845.0000     0.012687683
       1855.0000     0.014202886
       1865.0000     0.015768736
       1875.0000     0.015756565
       1885.0000     0.015653228
       1895.0000     0.016733935
       1905.0000     0.016465532
       1915.0000     0.017088663
       1925.0000     0.016142237
       1935.0000     0.013448062
       1945.0000     0.018354169
       1955.0000     0.018466165
       1967.0000     0.020800478
       1976.0000     0.019733539
       1984.0000     0.020800497
       1995.0000     0.021043478
       2005.0000     0.019979907
       2015.0000     0.020645502
       2025.0000     0.018311119
       2035.0000     0.021944884
       2045.0000     0.023926629
       2055.0000     0.022883340
       2065.0000     0.022284376
       2074.0000     0.025413090
       2078.0000     0.035976386
       2085.0000     0.041114125
       2095.0000     0.038306443
       2105.0000     0.036382887
       2115.0000     0.040226235
       2125.0000     0.036512583
       2135.0000     0.034073970
       2145.0000     0.042096476
       2155.0000     0.041944718
       2165.0000     0.036960483
       2175.0000     0.037593813
       2185.0000     0.045347691
       2195.0000     0.046166204
       2205.0000     0.044430388
       2215.0000     0.035783195
       2225.0000     0.040421561
       2235.0000     0.051882461
       2245.0000     0.048989433
       2255.0000     0.038689557
       2265.0000     0.036516568
       2275.0000     0.040176132
       2285.0000     0.051151015
       2295.0000     0.043241648
       2305.0000     0.051645099
       2315.0000     0.045244816
       2325.0000     0.036749411
       2335.0000     0.033376824
       2345.0000     0.024085739
       2355.0000     0.042161652
       2365.0000     0.026403958
       2375.0000     0.033653319
       2385.0000     0.021239705
       2395.0000     0.026248981
       2405.0000     0.026164881
       2415.0000     0.030163470
       2425.0000     0.048652402
       2435.0000     0.048619795
       2445.0000     0.056901167
       2455.0000     0.059733530
       2465.0000     0.053069461
       2475.0000     0.046937871
       2485.0000     0.032139462
       2495.0000     0.037232385
       2505.0000     0.055658559
       2513.0000     0.027926617
       2518.0000     0.022069735
       2525.0000     0.024103058
       2535.0000     0.036207949
       2545.0000     0.038626159
       2555.0000     0.064055238
       2565.0000     0.049540694
       2575.0000     0.061932584
       2585.0000     0.055611341
       2595.0000     0.050312913
       2605.0000     0.043793377
       2615.0000     0.039438117
       2625.0000     0.053490407
       2635.0000     0.086598132
       2645.0000      0.11647457
       2655.0000      0.15516383
       2665.0000      0.10245144
       2675.0000      0.11650141
       2685.0000      0.13241463
       2695.0000     0.098957274
       2705.0000      0.11967775
       2715.0000     0.088585069
       2725.0000     0.074529006
       2735.0000     0.091807432
       2745.0000     0.052786138
       2755.0000     0.070385074
       2765.0000     0.090996766
       2775.0000     0.097651996
       2785.0000     0.061142726
       2795.0000     0.026886842
       2805.0000     0.033017848
       2815.0000     0.087918365
       2825.0000      0.12488329
       2835.0000      0.11910428
       2845.0000     0.091225939
       2855.0000     0.055352954
       2865.0000      0.12096265
       2875.0000      0.15472274
       2885.0000      0.14063148
       2895.0000      0.16643544
       2910.0000      0.21961062
       2930.0000      0.19329743
       2950.0000      0.18061749
       2970.0000      0.18957574
       2990.0000      0.19251730
       3010.0000      0.19573956
       3030.0000      0.20575804
       3050.0000      0.21531121
       3070.0000      0.22966721
       3090.0000      0.22540681
       3110.0000      0.25430384
       3130.0000      0.23855417
       3150.0000      0.23717061
       3170.0000      0.25910421
       3190.0000      0.22706242
       3210.0000      0.25160694
       3230.0000      0.21479929
       3250.0000      0.29161939
       3270.0000      0.33724200
       3290.0000      0.33081845
       3310.0000      0.31353774
       3330.0000      0.32120551
       3350.0000      0.31150765
       3370.0000      0.24119732
       3390.0000      0.27251903
       3410.0000      0.27893006
       3430.0000      0.29376666
       3450.0000      0.30615794
       3470.0000      0.31588159
       3490.0000      0.34964075
       3510.0000      0.37140234
       3530.0000      0.33729174
       3550.0000      0.38845251
       3570.0000      0.28027937
       3590.0000      0.28090638
       3610.0000      0.34118770
       3630.0000      0.35733279
       3640.0000      0.37151480
       3650.0000      0.41645259
       3670.0000      0.43622694
       3690.0000      0.39631551
       3710.0000      0.42122656
       3730.0000      0.30372511
       3750.0000      0.34369468
       3770.0000      0.42623415
       3790.0000      0.44323019
       3810.0000      0.43192439
       3830.0000      0.27254533
       3850.0000      0.36622814
       3870.0000      0.36430267
       3890.0000      0.40935857
       3910.0000      0.49108384
       3930.0000      0.25566891
       3950.0000      0.42757908
       3970.0000      0.29707825
       3990.0000      0.60716040
       4010.0000      0.66447018
       4030.0000      0.65883614
       4050.0000      0.63429791
       4070.0000      0.60284797
       4090.0000      0.71703287
       4110.0000      0.66942193
       4130.0000      0.66982166
       4150.0000      0.66029678
       4170.0000      0.66797026
       4190.0000      0.65344966
       4210.0000      0.65956923
       4230.0000      0.62934906
       4250.0000      0.66405436
       4270.0000      0.62811725
       4290.0000      0.58859626
       4310.0000      0.51113655
       4330.0000      0.71819712
       4350.0000      0.70716951
       4370.0000      0.77867981
       4390.0000      0.69782364
       4410.0000      0.73760839
       4430.0000      0.79190323
       4450.0000      0.79633066
       4470.0000      0.84726969
       4490.0000      0.86635173
       4510.0000      0.97718601
       4530.0000      0.85945078
       4550.0000      0.89783112
       4570.0000      0.96607012
       4590.0000      0.91625368
       4610.0000      0.94010036
       4630.0000      0.92015648
       4650.0000      0.93205788
       4670.0000      0.97074577
       4690.0000      0.95618828
       4710.0000      0.92627757
       4730.0000      0.95649995
       4750.0000      0.98458379
       4770.0000      0.97104379
       4790.0000      0.97303109
       4810.0000      0.97310975
       4830.0000       1.0026342
       4850.0000      0.94843965
       4870.0000      0.86578129
       4890.0000      0.96775728
       4910.0000      0.96768798
       4930.0000      0.94784598
       4950.0000      0.98786495
       4970.0000      0.97234622
       4990.0000      0.90628768
       5010.0000      0.85802690
       5030.0000      0.91168335
       5050.0000      0.90713106
       5070.0000      0.94522918
       5090.0000      0.89470164
       5110.0000      0.91736040
       5130.0000      0.88526143
       5150.0000      0.85082028
       5170.0000      0.78849774
       5190.0000      0.81656845
       5210.0000      0.88091517
       5230.0000      0.94692313
       5250.0000      0.98707698
       5270.0000      0.87340683
       5290.0000      0.99856573
       5310.0000       1.0584742
       5330.0000      0.93377189
       5350.0000       1.0202685
       5370.0000       1.0130670
       5390.0000      0.99139482
       5410.0000      0.97551960
       5430.0000      0.98989242
       5450.0000       1.0169412
       5470.0000      0.99707863
       5490.0000       1.0073498
       5510.0000      0.99269687
       5530.0000       1.0275850
       5550.0000       1.0405806
       5570.0000       1.0171688
       5590.0000      0.99311811
       5610.0000       1.0272719
       5630.0000       1.0223654
       5650.0000       1.0370496
       5670.0000       1.0103522
       5690.0000       1.0416075
       5710.0000       1.0051988
       5730.0000       1.0877586
       5750.0000       1.0497048
       5770.0000       1.0591199
       5790.0000       1.0189026
       5810.0000       1.0589472
       5830.0000       1.0875830
       5850.0000       1.0540286
       5870.0000       1.0541551
       5890.0000      0.94999757
       5910.0000       1.0370607
       5930.0000       1.0422719
       5950.0000       1.0421599
       5970.0000       1.0591314
       5990.0000       1.0426223
       6010.0000       1.0281320
       6030.0000       1.0532328
       6050.0000       1.0722819
       6070.0000       1.0675607
       6090.0000       1.0319418
       6110.0000       1.0357924
       6130.0000      0.97953749
       6150.0000       1.0061956
       6170.0000      0.95343677
       6190.0000       1.0113185
       6210.0000       1.0019330
       6230.0000      0.97112588
       6250.0000      0.94086995
       6270.0000      0.98417143
       6290.0000       1.0016166
       6310.0000      0.97682709
       6330.0000      0.99076668
       6350.0000      0.99478534
       6370.0000      0.98972315
       6390.0000       1.0049349
       6410.0000      0.98397009
       6430.0000      0.99341973
       6450.0000      0.98724252
       6470.0000      0.98361747
       6490.0000      0.96428325
       6510.0000      0.99750189
       6530.0000      0.99802536
       6550.0000      0.97010933
       6570.0000      0.91064944
       6590.0000      0.97962736
       6610.0000      0.98977541
       6630.0000      0.98130746
       6650.0000      0.98008962
       6670.0000      0.95777440
       6690.0000      0.97101890
       6710.0000      0.93370278
       6730.0000      0.95692942
       6750.0000      0.94049451
       6770.0000      0.94508211
       6790.0000      0.93468225
       6810.0000      0.93828376
       6830.0000      0.94934965
       6850.0000      0.92552608
       6870.0000      0.93985789
       6890.0000      0.95322996
       6910.0000      0.95103029
       6930.0000      0.94475732
       6950.0000      0.94425411
       6970.0000      0.95631506
       6990.0000      0.95242233
       7010.0000      0.93907552
       7030.0000      0.95720081
       7050.0000      0.96040360
       7070.0000      0.93177463
       7090.0000      0.90240156
       7110.0000      0.88149713
       7130.0000      0.86309707
       7150.0000      0.85986890
       7170.0000      0.87060601
       7190.0000      0.84926632
       7210.0000      0.86852299
       7230.0000      0.88814358
       7250.0000      0.89411825
       7270.0000      0.90024193
       7290.0000      0.88873633
       7310.0000      0.91332287
       7330.0000      0.91650591
       7350.0000      0.92699664
       7370.0000      0.95036967
       7390.0000      0.93301198
       7410.0000      0.93190921
       7430.0000      0.95555021
       7450.0000      0.95594938
       7470.0000      0.97118148
       7490.0000      0.96909777
       7510.0000      0.97848745
       7530.0000      0.99278102
       7550.0000      0.99954990
       7570.0000      0.99512376
       7590.0000      0.97509213
       7610.0000      0.95637714
       7630.0000      0.93401547
       7650.0000      0.91284248
       7670.0000      0.87064506
       7690.0000      0.89064642
       7710.0000      0.87365669
       7730.0000      0.87604584
       7750.0000      0.86945825
       7770.0000      0.88162023
       7790.0000      0.88736135
       7810.0000      0.88688974
       7830.0000      0.87937025
       7850.0000      0.86916915
       7870.0000      0.88421232
       7890.0000      0.87320391
       7910.0000      0.85395276
       7930.0000      0.85736628
       7950.0000      0.85198453
       7970.0000      0.87912376
       7990.0000      0.88082494
       8010.0000      0.89060689
       8030.0000      0.89369037
       8050.0000      0.89391633
       8070.0000      0.90626690
       8090.0000      0.89878824
       8110.0000      0.90878831
       8130.0000      0.93314473
       8150.0000      0.94350577
       8170.0000      0.95097958
       8190.0000      0.92493734
       8210.0000      0.91137488
       8230.0000      0.91560021
       8250.0000      0.91394518
       8270.0000      0.92251936
       8290.0000      0.91313146
       8310.0000      0.88451298
       8330.0000      0.87768219
       8350.0000      0.87839259
       8370.0000      0.88300180
       8390.0000      0.85436193
       8410.0000      0.88118610
       8430.0000      0.83967786
       8450.0000      0.82025355
       8470.0000      0.82138231
       8490.0000      0.82909145
       8510.0000      0.79441305
       8530.0000      0.83008968
       8550.0000      0.77992938
       8570.0000      0.85062926
       8590.0000      0.84074556
       8610.0000      0.84987519
       8630.0000      0.86581180
       8650.0000      0.87082335
       8670.0000      0.80088390
       8690.0000      0.85058613
       8710.0000      0.87799303
       8730.0000      0.88473280
       8750.0000      0.87593685
       8770.0000      0.89175064
       8790.0000      0.90066451
       8810.0000      0.88357706
       8830.0000      0.89288921
       8850.0000      0.88979084
       8870.0000      0.85605169
       8890.0000      0.86871992
       8910.0000      0.87778649
       8930.0000      0.86220625
       8950.0000      0.86349293
       8970.0000      0.86707399
       8990.0000      0.86909002
       9010.0000      0.84158204
       9030.0000      0.87262912
       9050.0000      0.89774783
       9070.0000      0.89761609
       9090.0000      0.87969944
       9110.0000      0.89072950
       9130.0000      0.90470855
       9150.0000      0.89855790
       9170.0000      0.89788117
       9190.0000      0.90649683
       9210.0000      0.87322343
       9230.0000      0.85057431
       9250.0000      0.84937991
       9270.0000      0.85422120
       9290.0000      0.84250101
       9310.0000      0.84801489
       9330.0000      0.84921514
       9350.0000      0.84473537
       9370.0000      0.83090339
       9390.0000      0.84606739
       9410.0000      0.82971429
       9430.0000      0.84978260
       9450.0000      0.83743590
       9470.0000      0.85602075
       9490.0000      0.85672334
       9510.0000      0.84287435
       9530.0000      0.84710521
       9550.0000      0.83016304
       9570.0000      0.83983847
       9590.0000      0.85445517
       9610.0000      0.84276991
       9630.0000      0.84726629
       9650.0000      0.83149223
       9670.0000      0.83190354
       9690.0000      0.84419533
       9710.0000      0.83155176
       9730.0000      0.82316099
       9750.0000      0.82042427
       9770.0000      0.82362808
       9790.0000      0.81206790
       9810.0000      0.83100023
       9830.0000      0.82290011
       9850.0000      0.82813331
       9870.0000      0.82194177
       9890.0000      0.82093894
       9910.0000      0.81566914
       9930.0000      0.81924788
       9950.0000      0.82020224
       9970.0000      0.82028808
       9990.0000      0.81747219
       10025.000      0.81467215
       10075.000      0.80370874
       10125.000      0.81074185
       10175.000      0.80069953
       10225.000      0.80141612
       10275.000      0.80191321
       10325.000      0.79058040
       10375.000      0.78442670
       10425.000      0.78636705
       10475.000      0.77498199
       10525.000      0.76851039
       10575.000      0.75425901
       10625.000      0.74739802
       10675.000      0.73833368
       10725.000      0.74129367
       10775.000      0.73468631
       10825.000      0.72380792
       10875.000      0.72071499
       10925.000      0.71798643
       10975.000      0.70906148
       11025.000      0.70511921
       11075.000      0.69547533
       11125.000      0.69188688
       11175.000      0.68559291
       11225.000      0.68489044
       11275.000      0.67546818
       11325.000      0.67350433
       11375.000      0.66777419
       11425.000      0.66018871
       11475.000      0.66622380
       11525.000      0.66329497
       11575.000      0.65495977
       11625.000      0.64484461
       11675.000      0.64356681
       11725.000      0.64495626
       11775.000      0.63108094
       11825.000      0.62476935
       11875.000      0.61442753
       11925.000      0.62219894
       11975.000      0.60258234
       12025.000      0.61203701
       12075.000      0.60623414
       12125.000      0.60596981
       12175.000      0.60605652
       12225.000      0.60150739
       12275.000      0.59642980
       12325.000      0.59198704
       12375.000      0.58947402
       12425.000      0.58165538
       12475.000      0.57931419
       12525.000      0.57327662
       12575.000      0.57083271
       12625.000      0.56689357
       12675.000      0.56163882
       12725.000      0.56101402
       12775.000      0.55998246
       12825.000      0.54110244
       12875.000      0.54936748
       12925.000      0.54294541
       12975.000      0.54700423
       13025.000      0.53996920
       13075.000      0.54036844
       13125.000      0.52903754
       13175.000      0.52662137
       13225.000      0.52600882
       13275.000      0.51671627
       13325.000      0.51656490
       13375.000      0.51082808
       13425.000      0.51146313
       13475.000      0.50671419
       13525.000      0.50287200
       13575.000      0.49510144
       13625.000      0.49229618
       13675.000      0.49398295
       13725.000      0.49474415
       13775.000      0.49279376
       13825.000      0.49259091
       13875.000      0.48737933
       13925.000      0.46957660
       13975.000      0.46662112
       14025.000      0.46123376
       14075.000      0.46433425
       14125.000      0.45870058
       14175.000      0.46224296
       14225.000      0.45669854
       14275.000      0.44985917
       14325.000      0.45714627
       14375.000      0.45932136
       14425.000      0.44864333
       14475.000      0.45602916
       14525.000      0.45144157
       14570.000      0.45341509
       14620.000      0.44515006
       14675.000      0.44273295
       14725.000      0.43814982
       14775.000      0.44060444
       14825.000      0.44196981
       14875.000      0.43716137
       14925.000      0.44692096
       14975.000      0.44275692
       15025.000      0.43651795
       15075.000      0.43698051
       15125.000      0.44438539
       15175.000      0.44522239
       15225.000      0.44459634
       15275.000      0.44706307
       15325.000      0.44533253
       15375.000      0.44466849
       15425.000      0.44198880
       15475.000      0.44244161
       15525.000      0.43845486
       15575.000      0.42717531
       15625.000      0.43099280
       15675.000      0.42878061
       15725.000      0.43654769
       15775.000      0.41225323
       15825.000      0.41430919
       15875.000      0.41228436
       15925.000      0.42428524
       15975.000      0.41631700
       16050.000      0.42088854
       16150.000      0.42463973
       16250.000      0.41520445
       16350.000      0.42275598
       16450.000      0.40839637
       16550.000      0.41423152
       16650.000      0.40583194
       16750.000      0.40109132
       16850.000      0.39404686
       16950.000      0.39414858
       17050.000      0.38537648
       17150.000      0.37940795
       17250.000      0.37054560
       17350.000      0.36000012
       17450.000      0.35496214
       17550.000      0.34807025
       17650.000      0.34061113
       17750.000      0.33157255
       17850.000      0.32600245
       17950.000      0.31755619
       18050.000      0.30941509
       18150.000      0.30306039
       18250.000      0.29884114
       18350.000      0.29447054
       18450.000      0.28740606
       18550.000      0.28428629
       18650.000      0.27689152
       18750.000      0.26994566
       18850.000      0.26948425
       18950.000      0.25981002
       19050.000      0.26212238
       19150.000      0.25721630
       19250.000      0.25365575
       19350.000      0.24694363
       19450.000      0.24066907
       19550.000      0.23979424
       19650.000      0.23555300
       19750.000      0.22967879
       19850.000      0.22703406
       19950.000      0.22423065
       20050.000      0.22296206
       20150.000      0.21999451
       20250.000      0.21491157
       20350.000      0.21256677
       20450.000      0.21197494
       20550.000      0.20866097
       20650.000      0.20574844
       20750.000      0.20382986
       20850.000      0.20099979
       20950.000      0.19755898
       21050.000      0.19710275
       21150.000      0.19377201
       21250.000      0.19135518
       21350.000      0.19032080
       21450.000      0.18774139
       21550.000      0.18501010
       21650.000      0.18141527
       21750.000      0.17921774
       21850.000      0.17735910
       21950.000      0.17528220
       22050.000      0.17103166
       22150.000      0.17095087
       22250.000      0.16689396
       22350.000      0.16497416
       22450.000      0.16282995
       22550.000      0.16097799
       22650.000      0.15754499
       22750.000      0.15685143
       22850.000      0.15342983
       22950.000      0.13145226
       23050.000      0.13898332
       23150.000      0.13803260
       23250.000      0.11989306
       23350.000      0.12767932
       23450.000      0.12335916
       23550.000      0.11063095
       23650.000      0.11856627
       23750.000      0.11435446
       23850.000      0.10437661
       23950.000      0.11011746
       24050.000      0.10812242
       24150.000     0.099385750
       24250.000      0.10297786
       24350.000      0.10075870
       24450.000     0.095514096
       24550.000     0.094032817
       24650.000     0.095070767
       24750.000     0.091291869
       24850.000     0.083875818
       24950.000     0.083453708
       25050.000     0.084704829
       25150.000     0.079270835
       25250.000     0.081319181
       25350.000     0.081113095
       25450.000     0.079337796
       25550.000     0.078834578
       25650.000     0.079007534
       25750.000     0.079568166
       25850.000     0.076510674
       25950.000     0.077086844
       26050.000     0.077545312
       26150.000     0.075999804
       26250.000     0.074733516
       26350.000     0.074986897
       26450.000     0.074209987
       26550.000     0.073306743
       26650.000     0.071764003
       26750.000     0.072907086
       26850.000     0.072067081
       26950.000     0.070169048
       27050.000     0.070407079
       27150.000     0.069647595
       27250.000     0.069430367
       27350.000     0.067885291
       27450.000     0.067815680
       27550.000     0.067427624
       27650.000     0.066420785
       27750.000     0.065225554
       27850.000     0.065245474
       27950.000     0.064961563
       28050.000     0.064027475
       28150.000     0.063064943
       28250.000     0.062789063
       28350.000     0.062293515
       28450.000     0.061564426
       28550.000     0.060906994
       28650.000     0.060437757
       28750.000     0.059749376
       28850.000     0.059038092
       28950.000     0.058511928
       29050.000     0.058003928
       29150.000     0.057479822
       29250.000     0.056327033
       29350.000     0.056319888
       29450.000     0.055492735
       29550.000     0.055053292
       29650.000     0.054657432
       29750.000     0.053994858
       29850.000     0.053415239
       29950.000     0.052879911
       30050.000     0.052283137
       30150.000     0.052065997
       30250.000     0.051332376
       30350.000     0.050728731
       30450.000     0.050670241
       30550.000     0.049989615
       30650.000     0.049601194
       30750.000     0.049231564
       30850.000     0.048574259
       30950.000     0.048385552
       31050.000     0.048103378
       31150.000     0.047268633
       31250.000     0.047142476
       31350.000     0.046671330
       31450.000     0.046282487
       31550.000     0.045870733
       31650.000     0.045317267
       31750.000     0.045025915
       31850.000     0.044638355
       31950.000     0.044322228
       32100.000     0.043679698
       32300.000     0.042898530
       32500.000     0.042150003
       32700.000     0.041320406
       32900.000     0.040484188
       33100.000     0.039785171
       33300.000     0.039051966
       33500.000     0.038399441
       33700.000     0.037625167
       33900.000     0.036907800
       34100.000     0.036149923
       34300.000     0.035567420
       34500.000     0.034933323
       34700.000     0.034227978
       34900.000     0.033584300
       35100.000     0.032969508
       35300.000     0.032258675
       35500.000     0.031688579
       35700.000     0.031041866
       35900.000     0.030430998
       36100.000     0.029982378
       36300.000     0.029367027
       36500.000     0.028765774
       36700.000     0.028196662
       36900.000     0.027570551
       37100.000     0.027021612
       37300.000     0.026596093
       37500.000     0.025952833
       37700.000     0.025551764
       37900.000     0.025031809
       38100.000     0.024643321
       38300.000     0.024223047
       38500.000     0.023780362
       38700.000     0.023228187
       38900.000     0.022835930
       39100.000     0.022412042
       39300.000     0.022020328
       39500.000     0.021487875
       39700.000     0.021124883
       39900.000     0.020623176
       40100.000     0.020341165
       40300.000     0.020011723
       40500.000     0.019558774
       40700.000     0.019242431
       40900.000     0.018891624
       41100.000     0.018583177
       41300.000     0.018253614
       41500.000     0.017909598
       41700.000     0.017574339
       41900.000     0.017289253
       42100.000     0.016935061
       42300.000     0.016730244
       42500.000     0.016396996
       42700.000     0.016150872
       42900.000     0.015282372
       43100.000     0.014418067
       43300.000     0.014422915
       43500.000     0.013687549
       43700.000     0.013310377
       43900.000     0.013030116
       44100.000     0.012446899
       44300.000     0.012253866
       44500.000     0.012030179
       44700.000     0.011606701
       44900.000     0.011576788
       45100.000     0.011284964
       45300.000     0.010985380
       45500.000     0.010951658
       45700.000     0.010827934
       45900.000     0.010445248
       46100.000     0.010480685
       46300.000     0.010286229
       46500.000     0.010137310
       46700.000     0.010113567
       46900.000    0.0099209609
       47100.000    0.0097286616
       47300.000    0.0097411240
       47500.000    0.0095084967
       47700.000    0.0094031394
       47900.000    0.0093120464
       48100.000    0.0090873196
       48300.000    0.0091224101
       48500.000    0.0089366227
       48700.000    0.0087661074
       48900.000    0.0086440250
       49100.000    0.0085383662
       49300.000    0.0084188712
       49500.000    0.0082617719
       49700.000    0.0082259572
       49900.000    0.0080689045
       50100.000    0.0079883683
       50300.000    0.0078828669
       50500.000    0.0077231842
       50700.000    0.0076652481
       50900.000    0.0075620551
       51100.000    0.0074326239
       51300.000    0.0073827732
       51500.000    0.0072536689
       51700.000    0.0072217522
       51900.000    0.0070966712
       52100.000    0.0070215067
       52300.000    0.0068951639
       52500.000    0.0068401694
       52700.000    0.0068093802
       52900.000    0.0066476727
       53100.000    0.0065555732
       53300.000    0.0065041020
       53500.000    0.0064199188
       53700.000    0.0063494175
       53900.000    0.0062740687
       54100.000    0.0062000452
       54300.000    0.0060856797
       54500.000    0.0060612224
       54700.000    0.0059563009
       54900.000    0.0058999177
       55100.000    0.0058169282
       55300.000    0.0058362998
       55500.000    0.0056761890
       55700.000    0.0056675011
       55900.000    0.0055710231
       56100.000    0.0055335151
       56300.000    0.0054285113
       56500.000    0.0054040817
       56700.000    0.0053386619
       56900.000    0.0052413158
       57100.000    0.0052241465
       57300.000    0.0051588527
       57500.000    0.0050979885
       57700.000    0.0050304613
       57900.000    0.0049973698
       58100.000    0.0049184634
       58300.000    0.0048675501
       58500.000    0.0048135228
       58700.000    0.0047379605
       58900.000    0.0046896572
       59100.000    0.0046388079
       59300.000    0.0045934175
       59500.000    0.0045276393
       59700.000    0.0044915907
       59900.000    0.0044396990
       60100.000    0.0043880777
       60300.000    0.0043368900
       60500.000    0.0042732244
       60700.000    0.0042266292
       60900.000    0.0041766359
       61100.000    0.0041228240
       61300.000    0.0040852945
       61500.000    0.0040427768
       61700.000    0.0040045263
       61900.000    0.0039557160
       62100.000    0.0039156417
       62300.000    0.0038621624
       62500.000    0.0038101991
       62700.000    0.0037676488
       62900.000    0.0037288147
       63100.000    0.0036837443
       63300.000    0.0036534572
       63500.000    0.0036057789
       63700.000    0.0035752843
       63900.000    0.0035255749
       64200.000    0.0034692223
       64600.000    0.0033880748
       65000.000    0.0033139008
       65400.000    0.0032395622
       65800.000    0.0031716394
       66200.000    0.0030992641
       66600.000    0.0030318823
       67000.000    0.0029667037
       67400.000    0.0028995401
       67800.000    0.0028371517
       68200.000    0.0027749320
       68600.000    0.0027168596
       69000.000    0.0026573184
       69400.000    0.0026005429
       69800.000    0.0025455385
       70200.000    0.0024899804
       70600.000    0.0024388927
       71000.000    0.0023870736
       71400.000    0.0023374771
       71800.000    0.0022879929
       72200.000    0.0022410308
       72600.000    0.0021940083
       73000.000    0.0021490320
       73400.000    0.0021043191
       73800.000    0.0020619727
       74200.000    0.0020182375
       74600.000    0.0019767187
       75000.000    0.0019375461
       75400.000    0.0018983511
       75800.000    0.0018622356
       76200.000    0.0018252705
       76600.000    0.0017891770
       77000.000    0.0017536398
       77400.000    0.0017195616
       77800.000    0.0016861805
       78200.000    0.0016531535
       78600.000    0.0016214279
       79000.000    0.0015900983
       79400.000    0.0015597163
       79800.000    0.0015300264
       80200.000    0.0015002517
       80600.000    0.0014719040
       81000.000    0.0014449164
       81400.000    0.0014174597
       81800.000    0.0013915622
       82200.000    0.0013657153
       82600.000    0.0013404685
       83000.000    0.0013158746
       83400.000    0.0012914106
       83800.000    0.0012678431
       84200.000    0.0012453873
       84600.000    0.0012225975
       85000.000    0.0012007829
       85400.000    0.0011793199
       85800.000    0.0011584122
       86200.000    0.0011381007
       86600.000    0.0011180313
       87000.000    0.0010983483
       87400.000    0.0010792107
       87800.000    0.0010603469
       88200.000    0.0010416699
       88600.000    0.0010237627
       89000.000    0.0010060834
       89400.000   0.00098915787
       89800.000   0.00097174754
       90200.000   0.00095574269
       90600.000   0.00093971148
       91000.000   0.00092315002
       91400.000   0.00090814539
       91800.000   0.00089316818
       92200.000   0.00087856039
       92600.000   0.00086396975
       93000.000   0.00084975182
       93400.000   0.00083567989
       93800.000   0.00082211603
       94200.000   0.00080873265
       94600.000   0.00079547984
       95000.000   0.00078266057
       95400.000   0.00077021550
       95800.000   0.00075790095
       96200.000   0.00074570891
       96600.000   0.00073393202
       97000.000   0.00072230425
       97400.000   0.00071036899
       97800.000   0.00069957138
       98200.000   0.00068877925
       98600.000   0.00067805326
       99000.000   0.00066765161
       99400.000   0.00065718989
       99800.000   0.00064712751
       100200.00   0.00063717388
       200000.00   4.2890191e-05
       400000.00   2.7746722e-06
       600000.00   5.5781009e-07
       800000.00   1.7981798e-07
       1000000.0   7.5342433e-08
       1200000.0   3.7380758e-08
       1400000.0   2.0861204e-08
       1600000.0   1.2696177e-08
